2022-08-19-16:05:38-805 0 0 0 0 0 1000	
2022-08-19-16:05:41-756 0 0 0 0 0 1000	
2022-08-19-16:06:11-563 0 0 0 0 0 1000	
2022-08-19-16:06:14-418 0 0 0 0 0 1000	
2022-08-19-16:06:20-538 0 0 0 0 0 1000	
2022-08-19-16:06:23-578 0 0 0 0 0 1000	
2022-08-19-16:06:29-053 0 0 0 0 0 1000	
2022-08-19-16:06:32-732 0 0 0 0 0 1000	
2022-08-19-16:06:37-677 0 0 0 0 0 1000	
2022-08-19-16:06:40-718 0 0 0 0 0 1000	
2022-08-19-16:06:47-813 0 0 0 0 0 1000	
2022-08-19-16:06:51-599 0 0 0 0 0 1000	
2022-08-19-16:06:57-218 0 0 0 0 0 1000	
2022-08-19-16:07:01-232 0 0 0 0 0 1000	
2022-08-19-16:07:06-825 0 0 0 0 0 1000	
2022-08-19-16:07:11-549 0 0 0 0 0 1000	
2022-08-19-16:07:16-440 0 0 0 0 0 1000	
2022-08-19-16:07:20-426 0 0 0 0 0 1000	
2022-08-19-16:07:25-274 0 0 0 0 0 1000	
2022-08-19-16:07:28-639 0 0 0 0 0 1000	
