2022-08-21-18:07:19-915 0 0 0 0 0 1000	
2022-08-21-18:07:20-716 -0.96875 0.21582031 -0.16259766 8.47561 9.817074 4.4512196	
2022-08-21-18:07:20-719 -0.94384766 0.18945312 -0.1928711 4.3292685 1.9512196 1.7682927	
2022-08-21-18:07:20-722 -0.921875 0.15673828 -0.22167969 2.317073 -0.12195122 -0.30487806	
2022-08-21-18:07:20-725 -0.9399414 0.17773438 -0.20703125 5.609756 -0.30487806 0.24390244	
2022-08-21-18:07:20-728 -0.95458984 0.20263672 -0.21240234 2.5 -2.0731707 0.6707317	
2022-08-21-18:07:20-735 -0.94628906 0.16845703 -0.19873047 -1.7682927 -2.804878 -1.0365853	
2022-08-21-18:07:20-741 -0.96240234 0.17773438 -0.23095703 4.02439 -4.2073174 -0.42682928	
2022-08-21-18:07:20-745 -0.9897461 0.21875 -0.234375 5.609756 -3.6585367 0.18292683	
2022-08-21-18:07:20-749 -1.0078125 0.19238281 -0.25341797 -2.804878 -2.804878 -0.4878049	
2022-08-21-18:07:20-752 -1.0029297 0.16845703 -0.21044922 0.9756098 -0.85365856 0.42682928	
2022-08-21-18:07:20-756 -0.9760742 0.2265625 -0.23242188 6.585366 2.2560976 2.1341465	
2022-08-21-18:07:20-763 -0.9609375 0.22802734 -0.22460938 0.91463417 4.390244 0.9756098	
2022-08-21-18:07:20-767 -0.97998047 0.18798828 -0.22949219 -2.804878 0.06097561 0.36585367	
2022-08-21-18:07:20-771 -0.9746094 0.1875 -0.22216797 -0.30487806 -6.768293 1.7682927	
2022-08-21-18:07:20-776 -0.9555664 0.19042969 -0.21240234 -1.1585366 -6.097561 2.195122	
2022-08-21-18:07:20-779 -0.9301758 0.1899414 -0.1875 0.06097561 -2.195122 3.8414636	
2022-08-21-18:07:20-905 -0.9379883 0.18652344 -0.22265625 -0.18292683 -1.2804878 3.902439	
2022-08-21-18:07:20-909 -0.9350586 0.19824219 -0.22021484 1.2804878 -4.6951222 2.987805	
2022-08-21-18:07:20-913 -0.9135742 0.21142578 -0.2241211 0.24390244 -3.4756098 2.987805	
2022-08-21-18:07:20-916 -0.9121094 0.20458984 -0.20800781 -2.5609756 1.7073171 3.5365853	
2022-08-21-18:07:20-923 -0.9291992 0.22021484 -0.20507812 -0.12195122 4.390244 3.2317073	
2022-08-21-18:07:20-930 -0.94628906 0.26416016 -0.18457031 1.8902439 0.73170733 3.9634147	
2022-08-21-18:07:20-934 -0.95703125 0.32763672 -0.1928711 -0.5487805 -5.8536587 5.121951	
2022-08-21-18:07:20-937 -0.95458984 0.44482422 -0.18847656 -3.7195122 -9.634147 7.804878	
2022-08-21-18:07:20-943 -1.0019531 0.58691406 -0.21142578 -11.768293 -7.012195 9.268292	
2022-08-21-18:07:20-947 -1.1884766 0.6772461 -0.21582031 -22.073172 -15.914635 4.8170733	
2022-08-21-18:07:20-949 -1.3369141 0.86035156 -0.19091797 -15.121951 -56.52439 -3.7195122	
2022-08-21-18:07:20-952 -1.4023438 1.3989258 -0.18701172 12.987805 -87.19512 0.12195122	
2022-08-21-18:07:20-957 -1.5712891 1.7270508 -0.16748047 -1.1585366 -68.17073 2.6219513	
2022-08-21-18:07:20-961 -1.6533203 1.8613281 -0.22314453 26.341463 -89.756096 24.45122	
2022-08-21-18:07:20-966 -1.5776367 2.1748047 -0.36572266 -13.109756 -134.20732 61.40244	
2022-08-21-18:07:20-968 -1.21875 1.6518555 -0.51953125 -51.646343 -171.28049 81.768295	
2022-08-21-18:07:21-107 -0.91308594 1.296875 -0.52685547 7.6219516 -137.56097 88.84147	
2022-08-21-18:07:21-113 -0.7841797 1.1918945 -0.50146484 -27.621952 -94.5122 84.02439	
2022-08-21-18:07:21-120 -0.5595703 0.20507812 -0.24511719 -122.07317 -59.573174 34.7561	
2022-08-21-18:07:21-126 -0.5209961 -0.25683594 -0.107421875 -114.63415 -86.768295 -6.158537	
2022-08-21-18:07:21-133 -1.0405273 -0.7270508 0.14648438 -97.5 -110.97561 -41.40244	
2022-08-21-18:07:21-136 -1.0961914 -1.753418 0.46972656 -83.597565 -81.52439 -32.19512	
2022-08-21-18:07:21-138 -0.6425781 -1.5229492 -0.04296875 171.28049 -113.78049 21.341463	
2022-08-21-18:07:21-144 0.6777344 0.17919922 -0.59521484 517.37805 -44.878048 107.37805	
2022-08-21-18:07:21-153 0.4111328 7.5322266 -1.6757812 571.70734 164.63416 122.5	
2022-08-21-18:07:21-157 -0.8774414 -0.7832031 0.328125 -448.7805 80.60976 -17.012196	
2022-08-21-18:07:21-164 -0.4165039 0.9555664 0.71533203 -51.890244 -63.963417 30.182928	
2022-08-21-18:07:21-168 -0.27148438 -0.5083008 1.0209961 -163.65854 -47.073174 45.548782	
2022-08-21-18:07:21-174 -0.8173828 -0.14404297 1.0009766 -9.634147 64.63415 55.609756	
2022-08-21-18:07:21-182 -1.1333008 0.9790039 0.5644531 43.23171 37.2561 34.939026	
2022-08-21-18:07:21-185 -0.5913086 0.83154297 0.083496094 -17.621952 -132.2561 57.92683	
2022-08-21-18:07:21-187 -0.2763672 0.5126953 0.24560547 -19.817074 -105.73171 47.621952	
2022-08-21-18:07:21-246 -0.9838867 0.7290039 -0.28173828 39.7561 46.52439 17.682928	
2022-08-21-18:07:21-250 -1.4052734 0.8803711 -0.19433594 11.158537 36.036587 8.109756	
2022-08-21-18:07:21-262 -0.8881836 1.0522461 -0.4873047 33.23171 -137.98781 40.85366	
2022-08-21-18:07:21-266 -0.2734375 0.86621094 -0.2685547 11.158537 -111.097565 34.57317	
2022-08-21-18:07:21-268 -0.03955078 0.8071289 -0.3618164 8.597561 70.18293 -8.719512	
2022-08-21-18:07:21-273 -0.71484375 0.48486328 -0.08886719 -22.621952 156.95122 -44.573174	
2022-08-21-18:07:21-278 -1.0317383 0.6777344 -0.052246094 1.7073171 81.34147 -66.64634	
2022-08-21-18:07:21-281 -0.6816406 0.9980469 0.06542969 -18.59756 58.35366 -39.512196	
2022-08-21-18:07:21-285 -0.9692383 0.79296875 0.68847656 -78.71951 78.414635 -18.719513	
2022-08-21-18:07:21-288 -1.2114258 0.20703125 1.0986328 -66.03659 -8.170732 18.47561	
2022-08-21-18:07:21-292 -0.50341797 -0.021484375 0.97753906 21.646341 -84.939026 39.573174	
2022-08-21-18:07:21-296 0.47314453 -0.15625 0.38085938 57.134148 2.317073 34.085365	
2022-08-21-18:07:21-299 0.35986328 -0.14160156 -0.02734375 43.414635 209.39024 5.792683	
2022-08-21-18:07:21-303 -0.5683594 0.13720703 0.087402344 13.04878 203.10976 -9.573171	
2022-08-21-18:07:21-309 -0.91064453 0.3720703 0.30322266 -51.890244 -63.414635 -8.780488	
2022-08-21-18:07:21-314 -0.84375 0.09423828 0.7636719 -107.743904 -237.92683 5.304878	
2022-08-21-18:07:21-491 -0.37451172 0.62109375 1.1298828 44.085365 -144.81708 28.231709	
2022-08-21-18:07:21-496 0.03173828 0.47509766 0.47802734 47.134148 35.365856 48.963417	
2022-08-21-18:07:21-499 -0.64501953 2.0644531 0.18945312 66.34146 23.170732 -27.804878	
2022-08-21-18:07:21-503 -0.49560547 1.2460938 -0.087402344 -128.78049 -121.03659 -23.414635	
2022-08-21-18:07:21-508 0.13427734 0.111816406 0.009765625 -164.14635 -133.17073 6.768293	
2022-08-21-18:07:21-511 0.4428711 -0.46728516 0.12158203 -172.19513 -62.439026 23.658537	
2022-08-21-18:07:21-514 0.43652344 -0.48632812 0.10595703 -153.41464 -1.8902439 44.390244	
2022-08-21-18:07:21-519 0.41845703 -0.8178711 -0.16552734 -194.69513 30.731709 39.207317	
2022-08-21-18:07:21-523 0.7265625 -1.5195312 -0.72265625 -224.87805 49.085365 -23.841463	
2022-08-21-18:07:21-529 0.234375 -1.902832 -0.43701172 -141.15854 202.80489 -38.35366	
2022-08-21-18:07:21-534 -0.88671875 -1.5688477 -0.8378906 -33.414635 359.81708 0.6707317	
2022-08-21-18:07:21-539 -1.675293 -1.3286133 -0.75390625 13.292684 338.59756 -18.59756	
2022-08-21-18:07:21-543 -1.940918 -0.35253906 -0.5834961 95.36585 200.60976 -45.0	
2022-08-21-18:07:21-546 -2.3867188 0.5126953 -0.46923828 56.40244 94.81708 -49.69512	
2022-08-21-18:07:21-550 -2.4277344 0.60546875 0.05859375 -19.756098 8.841464 -84.756096	
2022-08-21-18:07:21-555 -1.7226562 0.8535156 -0.04296875 -57.80488 -115.426834 -184.20732	
2022-08-21-18:07:21-701 -1.4121094 1.449707 0.1821289 -91.15854 -65.97561 -173.10976	
2022-08-21-18:07:21-705 -2.099121 0.7241211 0.19726562 -14.878049 25.365854 -53.90244	
2022-08-21-18:07:21-710 -1.7202148 0.5390625 0.2607422 8.841464 11.8902445 -8.658537	
2022-08-21-18:07:21-713 -2.177246 0.23486328 0.33691406 -95.0 -22.804878 -70.54878	
2022-08-21-18:07:21-718 -2.9267578 -0.16601562 0.30078125 -161.58537 -40.97561 -134.81708	
2022-08-21-18:07:21-731 -3.3271484 -0.24951172 0.52978516 -141.64635 -77.743904 -191.5244	
2022-08-21-18:07:21-739 -3.1513672 -0.62158203 0.30322266 -160.67073 -57.439026 -146.95122	
2022-08-21-18:07:21-744 -2.4233398 -0.4946289 0.34179688 -125.85366 -32.682926 -137.92683	
2022-08-21-18:07:21-748 -2.0336914 0.07373047 0.3803711 -129.87805 -75.79269 -149.45122	
2022-08-21-18:07:21-753 -1.3242188 0.09082031 0.4165039 -126.64635 -159.08537 -138.90244	
2022-08-21-18:07:21-756 -0.59765625 0.07421875 0.32128906 -139.87805 -175.0 -161.64635	
2022-08-21-18:07:21-765 -0.7661133 -0.15234375 0.23779297 -161.28049 -85.914635 -175.85367	
2022-08-21-18:07:21-769 -1.0463867 -0.36767578 0.41552734 -160.7317 -52.560978 -161.82927	
2022-08-21-18:07:21-774 -0.8457031 -0.27246094 0.40527344 -109.39024 -115.06098 -156.95122	
2022-08-21-18:07:21-783 -0.3701172 -0.052246094 0.3359375 -85.48781 -144.87805 -140.36586	
2022-08-21-18:07:21-787 -0.22949219 0.052734375 -0.04345703 -90.60976 -80.54878 -111.585365	
2022-08-21-18:07:21-983 -0.0034179688 -0.092285156 -0.04296875 -92.07317 10.426829 -74.57317	
2022-08-21-18:07:21-985 0.041015625 -0.18261719 -0.0390625 -61.95122 0.30487806 -60.243904	
2022-08-21-18:07:21-988 0.068847656 -0.17919922 -0.07519531 -21.524391 -17.682928 -35.42683	
2022-08-21-18:07:21-992 -0.11230469 -0.16064453 -0.095703125 9.573171 -30.121952 -7.804878	
2022-08-21-18:07:21-995 -0.060058594 -0.23828125 -0.05126953 27.682928 -21.82927 14.817074	
2022-08-21-18:07:21-999 -0.1459961 -0.35498047 -0.001953125 38.780487 12.621951 3.4146342	
2022-08-21-18:07:22-002 -0.9477539 -0.42333984 0.14013672 12.134147 5.0609756 -47.37805	
2022-08-21-18:07:22-004 -1.7290039 -0.83691406 0.5205078 -9.45122 -52.5 -40.365856	
2022-08-21-18:07:22-007 -1.3041992 -1.4487305 0.40820312 24.146341 -34.817074 20.97561	
2022-08-21-18:07:22-009 -1.1865234 -2.0151367 0.77490234 12.865854 19.573172 -52.439026	
2022-08-21-18:07:22-011 -0.9057617 -1.2026367 0.5102539 148.90244 116.21951 8.109756	
2022-08-21-18:07:22-014 -0.8144531 -0.3544922 0.4428711 119.69512 74.45122 10.731708	
2022-08-21-18:07:22-015 -0.55859375 -0.48779297 0.3984375 29.512196 -22.012196 -21.036587	
2022-08-21-18:07:22-019 -0.45361328 -0.65234375 0.39697266 12.317074 -13.109756 -56.82927	
2022-08-21-18:07:22-021 -0.53808594 -0.6611328 0.38427734 38.292683 31.585367 -37.378048	
2022-08-21-18:07:22-023 -0.4814453 -0.42822266 0.13574219 59.634148 16.09756 -41.768295	
2022-08-21-18:07:22-034 0 0 0 0 0 1000	
2022-08-21-18:07:29-573 0 0 0 0 0 1000	
2022-08-21-18:07:29-842 -0.9296875 0.17626953 -0.21289062 2.6219513 -0.06097561 1.2804878	
2022-08-21-18:07:29-845 -0.92333984 0.18945312 -0.20703125 3.6585367 4.512195 -0.12195122	
2022-08-21-18:07:29-847 -0.94140625 0.20996094 -0.21240234 3.7804878 7.0731707 -0.42682928	
2022-08-21-18:07:29-849 -0.9716797 0.2133789 -0.21044922 0.0 4.085366 0.42682928	
2022-08-21-18:07:29-852 -0.9746094 0.17578125 -0.20458984 -4.3292685 -5.4268293 -0.5487805	
2022-08-21-18:07:29-854 -0.9199219 0.14941406 -0.21435547 -1.2195122 -6.0365853 -0.9756098	
2022-08-21-18:07:29-855 -0.9243164 0.16601562 -0.2133789 4.268293 4.634146 -2.317073	
2022-08-21-18:07:29-857 -0.97314453 0.18701172 -0.23095703 2.5609756 11.463415 -3.4146342	
2022-08-21-18:07:29-859 -0.99560547 0.15283203 -0.20947266 -5.670732 8.414635 -2.682927	
2022-08-21-18:07:29-862 -0.98583984 0.10888672 -0.18847656 -7.682927 0.79268295 -0.9756098	
2022-08-21-18:07:29-868 -0.9633789 0.1015625 -0.13964844 -3.3536587 -1.2804878 0.0	
2022-08-21-18:07:29-871 -0.9555664 0.10888672 -0.12939453 1.402439 2.1341465 -0.12195122	
2022-08-21-18:07:29-878 -0.9609375 0.09423828 -0.17285156 2.6219513 6.2195125 0.9756098	
2022-08-21-18:07:29-880 -0.96533203 0.08300781 -0.20410156 4.02439 9.085366 3.1097562	
2022-08-21-18:07:29-884 -0.95214844 0.1352539 -0.2290039 10.243902 4.2073174 5.0	
2022-08-21-18:07:29-887 -0.92578125 0.2055664 -0.21875 6.280488 -2.804878 4.268293	
2022-08-21-18:07:30-201 -0.9213867 0.21386719 -0.20507812 -4.390244 -4.2073174 2.5	
2022-08-21-18:07:30-207 -0.95410156 0.1850586 -0.203125 -9.573171 -1.0365853 0.5487805	
2022-08-21-18:07:30-210 -1.0063477 0.21875 -0.22802734 -2.195122 2.012195 0.5487805	
2022-08-21-18:07:30-216 -1.0678711 0.32763672 -0.2939453 -3.8414636 10.731708 1.6463414	
2022-08-21-18:07:30-219 -1.2333984 0.36279297 -0.328125 -25.853659 5.670732 3.3536587	
2022-08-21-18:07:30-223 -1.3637695 0.3173828 -0.28955078 -36.280487 -34.57317 10.304878	
2022-08-21-18:07:30-232 -1.1967773 0.3642578 -0.33496094 -21.09756 -62.743904 26.09756	
2022-08-21-18:07:30-237 -0.9838867 0.79833984 -0.4736328 22.560976 -35.30488 44.085365	
2022-08-21-18:07:30-242 -1.2617188 1.6088867 -0.5541992 17.012196 -12.560976 53.23171	
2022-08-21-18:07:30-246 -1.5581055 1.9238281 -0.4423828 -75.426834 -80.79269 62.560978	
2022-08-21-18:07:30-252 -1.2421875 1.4838867 -0.5498047 -111.585365 -141.46342 78.96342	
2022-08-21-18:07:30-256 -1.1860352 1.4248047 -0.53466797 -81.585365 -62.317074 88.35366	
2022-08-21-18:07:30-267 -1.3554688 1.4819336 -0.7285156 -60.243904 12.865854 103.04878	
2022-08-21-18:07:30-273 -1.300293 1.3051758 -0.52783203 -70.30488 -16.585365 90.121956	
2022-08-21-18:07:30-277 -0.9692383 1.1875 -0.4814453 -53.414635 -112.743904 78.84147	
2022-08-21-18:07:30-281 -0.796875 0.93408203 -0.1381836 -42.865856 -166.7683 66.28049	
2022-08-21-18:07:30-561 -0.7167969 0.59716797 -0.1616211 -14.634147 -119.02439 39.146343	
2022-08-21-18:07:30-566 -0.7089844 0.43408203 0.16308594 9.756098 -9.512196 6.7073174	
2022-08-21-18:07:30-573 -0.7739258 0.69628906 0.39697266 60.85366 -2.987805 25.060976	
2022-08-21-18:07:30-577 -0.15185547 1.3369141 0.5058594 77.621956 -63.414635 56.585365	
2022-08-21-18:07:30-579 0.17333984 1.2636719 0.39257812 31.646341 1.3414634 12.439025	
2022-08-21-18:07:30-581 -0.5385742 0.32861328 0.3173828 -30.304878 63.109756 -29.085367	
2022-08-21-18:07:30-584 -0.65527344 -0.24609375 0.27294922 -62.073174 18.719513 -20.609756	
2022-08-21-18:07:30-586 -0.4975586 -0.64697266 0.0073242188 -64.085365 -32.92683 35.243904	
2022-08-21-18:07:30-588 -0.9160156 -0.51123047 0.06201172 14.695123 -92.0122 75.97561	
2022-08-21-18:07:30-594 -0.31982422 0.22998047 -0.26660156 61.95122 -120.97561 85.0	
2022-08-21-18:07:30-599 -0.0546875 0.14160156 -0.14550781 -13.170732 -68.71951 53.170734	
2022-08-21-18:07:30-605 -0.6801758 0.6118164 0.076660156 0.5487805 -24.634148 23.109756	
2022-08-21-18:07:30-611 -0.96484375 0.6020508 0.05029297 -24.573172 -81.82927 24.573172	
2022-08-21-18:07:30-616 -0.7319336 1.1816406 -0.06542969 16.95122 -111.03659 13.353659	
2022-08-21-18:07:30-619 -0.67041016 1.2055664 0.041503906 -22.256098 -38.109756 5.182927	
2022-08-21-18:07:30-622 -0.93310547 1.0244141 0.32470703 -31.036587 10.365854 -21.707317	
2022-08-21-18:07:30-788 -0.984375 0.9711914 0.4326172 -16.768293 40.0 -28.536587	
2022-08-21-18:07:30-792 -0.8442383 0.92333984 0.4814453 -2.5609756 48.048782 -29.32927	
2022-08-21-18:07:30-797 -0.7548828 0.7558594 0.55322266 -6.402439 37.317074 -15.853659	
2022-08-21-18:07:30-802 -0.71240234 0.3720703 0.6142578 -2.8658538 14.573171 -6.097561	
2022-08-21-18:07:30-809 -0.31396484 0.12939453 0.5830078 13.353659 26.036587 0.24390244	
2022-08-21-18:07:30-814 -0.19824219 0.033691406 0.50390625 42.19512 77.439026 12.134147	
2022-08-21-18:07:30-817 -0.30664062 0.12841797 0.2734375 72.621956 59.45122 34.939026	
2022-08-21-18:07:30-821 0.13623047 0.0073242188 -0.041015625 33.23171 9.268292 49.32927	
2022-08-21-18:07:30-826 0.25976562 -0.21923828 0.055664062 -23.353659 8.292683 32.987804	
2022-08-21-18:07:30-830 0.0859375 0.2475586 0.49609375 -35.487804 -31.890245 23.536587	
2022-08-21-18:07:30-834 -0.26367188 0.18115234 0.8520508 -86.52439 -118.597565 14.268293	
2022-08-21-18:07:30-838 -0.62109375 0.13378906 1.5209961 -80.73171 -158.78049 -20.97561	
2022-08-21-18:07:30-842 0.0087890625 1.6733398 1.0351562 123.10976 -34.512196 -9.695122	
2022-08-21-18:07:30-846 -0.18115234 0.3251953 0.4477539 -66.70732 190.24391 24.32927	
2022-08-21-18:07:30-848 -0.6020508 0.7841797 -0.2998047 64.87805 227.37805 1.2195122	
2022-08-21-18:07:30-852 -0.62158203 1.9873047 -0.5205078 -70.060974 87.621956 -13.292684	
2022-08-21-18:07:31-101 0.111816406 0.0068359375 -0.18554688 -250.91464 -113.35366 6.4634147	
2022-08-21-18:07:31-106 0.24365234 -0.3383789 0.0126953125 -190.54878 -204.93903 -40.609756	
2022-08-21-18:07:31-109 -0.16503906 -0.7631836 -0.36328125 -233.59756 -80.79269 -16.036585	
2022-08-21-18:07:31-113 -0.2626953 -1.3916016 -0.55078125 -334.87805 15.304878 -10.487805	
2022-08-21-18:07:31-116 -0.2631836 -2.1098633 -0.5058594 -218.23172 106.768295 3.3536587	
2022-08-21-18:07:31-120 -0.54296875 -1.1894531 -0.20263672 49.817074 237.92683 44.7561	
2022-08-21-18:07:31-125 -0.8964844 -0.33642578 -0.45751953 79.268295 297.80487 20.243902	
2022-08-21-18:07:31-130 -1.1474609 -0.103515625 -0.40576172 40.670734 241.03659 -22.621952	
2022-08-21-18:07:31-135 -1.1582031 0.23388672 -0.30419922 49.512196 146.89024 -43.65854	
2022-08-21-18:07:31-140 -1.574707 0.6723633 -0.39501953 -33.841465 80.85366 -77.743904	
2022-08-21-18:07:31-143 -1.7753906 0.43164062 0.029296875 -82.256096 48.719513 -117.5	
2022-08-21-18:07:31-147 -1.5849609 1.1733398 -0.14892578 65.36585 4.390244 -131.15854	
2022-08-21-18:07:31-150 -1.5268555 2.0810547 -0.3022461 86.21951 53.048782 -107.743904	
2022-08-21-18:07:31-156 -2.0810547 0.8857422 -0.21240234 -151.89024 105.914635 -164.0244	
2022-08-21-18:07:31-159 -2.1235352 -0.4633789 0.2211914 -200.97562 180.36586 -267.19513	
2022-08-21-18:07:31-165 -2.253418 -0.28564453 -0.061035156 -32.560978 -4.512195 -288.17075	
2022-08-21-18:07:31-416 -2.0595703 -0.020019531 -0.27001953 41.036587 30.914635 -186.7683	
2022-08-21-18:07:31-420 -2.569336 -1.2260742 0.14648438 -62.2561 203.35367 -206.7683	
2022-08-21-18:07:31-427 -3.1865234 -1.4545898 0.122558594 -52.012196 51.463417 -250.36586	
2022-08-21-18:07:31-432 -2.6035156 -0.7558594 0.37158203 -24.085367 -149.08537 -217.86586	
2022-08-21-18:07:31-437 -1.6176758 -0.7939453 0.3125 -27.012196 -174.0244 -199.45122	
2022-08-21-18:07:31-441 -1.0629883 -0.78564453 0.3154297 -16.524391 -12.560976 -199.57318	
2022-08-21-18:07:31-445 -1.1157227 -0.55615234 0.16357422 25.121952 89.02439 -184.69513	
2022-08-21-18:07:31-449 -1.5126953 -0.3232422 0.15332031 38.35366 -43.048782 -160.06097	
2022-08-21-18:07:31-452 -0.76708984 -0.005859375 -0.100097656 24.390244 -250.7927 -122.68293	
2022-08-21-18:07:31-457 0.045898438 0.056640625 0.107421875 -15.54878 -203.35367 -103.414635	
2022-08-21-18:07:31-461 -0.2109375 -0.080078125 0.38916016 -32.134148 -76.03659 -111.46342	
2022-08-21-18:07:31-466 -0.37109375 -0.088378906 0.26123047 20.060976 -83.414635 -85.121956	
2022-08-21-18:07:31-470 -0.23486328 0.0029296875 0.107910156 42.073174 -138.41464 -45.548782	
2022-08-21-18:07:31-476 -0.119628906 -0.115722656 -0.10595703 31.158537 -147.07318 -11.341464	
2022-08-21-18:07:31-479 -0.001953125 -0.22070312 -0.20898438 40.487804 -108.04878 5.121951	
2022-08-21-18:07:31-482 -0.018554688 -0.26464844 -0.16259766 44.939026 -81.70732 12.256098	
2022-08-21-18:07:31-697 0 0 0 0 0 1000	
2022-08-21-18:07:39-061 0 0 0 0 0 1000	
2022-08-21-18:07:39-069 -0.9550781 0.19677734 -0.19873047 0.42682928 4.5731707 1.3414634	
2022-08-21-18:07:39-072 -0.9868164 0.20458984 -0.18164062 0.9756098 0.42682928 0.79268295	
2022-08-21-18:07:39-076 -0.9345703 0.19970703 -0.20019531 0.12195122 -5.2439027 -1.1585366	
2022-08-21-18:07:39-078 -0.91503906 0.19970703 -0.17822266 0.30487806 0.0 -1.5243902	
2022-08-21-18:07:39-080 -0.97265625 0.20458984 -0.18115234 -0.06097561 7.1951222 -0.6707317	
2022-08-21-18:07:39-082 -0.99658203 0.1953125 -0.18261719 -1.7682927 0.5487805 0.0	
2022-08-21-18:07:39-084 -0.93652344 0.19677734 -0.171875 -0.18292683 -7.256098 0.36585367	
2022-08-21-18:07:39-086 -0.9008789 0.24414062 -0.17773438 5.0609756 -2.8658538 1.1585366	
2022-08-21-18:07:39-088 -0.94384766 0.2548828 -0.19091797 0.24390244 4.1463413 0.5487805	
2022-08-21-18:07:39-092 -0.9785156 0.21875 -0.17236328 -7.5 1.402439 -1.1585366	
2022-08-21-18:07:39-095 -0.96533203 0.19970703 -0.1586914 -6.9512196 -1.0365853 -1.2804878	
2022-08-21-18:07:39-098 -0.95214844 0.19677734 -0.17089844 1.402439 -3.5975611 -0.36585367	
2022-08-21-18:07:39-101 -0.95703125 0.22949219 -0.15625 6.8292685 -0.42682928 1.6463414	
2022-08-21-18:07:39-103 -0.96972656 0.21875 -0.17480469 5.792683 4.3292685 2.8658538	
2022-08-21-18:07:39-106 -0.96728516 0.22167969 -0.18652344 7.987805 1.5853659 3.0487804	
2022-08-21-18:07:39-108 -0.95214844 0.25146484 -0.21875 9.268292 -3.3536587 1.8902439	
2022-08-21-18:07:39-383 -0.9482422 0.2685547 -0.22607422 1.5243902 -5.0 -0.6707317	
2022-08-21-18:07:39-387 -0.9428711 0.23046875 -0.16308594 -7.4390244 -5.609756 -1.2804878	
2022-08-21-18:07:39-393 -0.97314453 0.15625 -0.15039062 -8.963415 -2.1341465 -1.7073171	
2022-08-21-18:07:39-399 -0.9580078 0.14404297 -0.10253906 0.85365856 1.4634147 -0.36585367	
2022-08-21-18:07:39-403 -0.9199219 0.19091797 -0.14990234 11.585366 4.4512196 1.3414634	
2022-08-21-18:07:39-407 -0.92822266 0.22509766 -0.15429688 9.45122 4.268293 -0.42682928	
2022-08-21-18:07:39-411 -0.9711914 0.18066406 -0.1821289 -2.317073 0.9756098 -2.2560976	
2022-08-21-18:07:39-415 -0.9746094 0.12011719 -0.16699219 -5.7317076 -3.3536587 -2.6219513	
2022-08-21-18:07:39-418 -0.93847656 0.12158203 -0.12792969 3.2317073 -9.878049 -2.378049	
2022-08-21-18:07:39-422 -0.8930664 0.17285156 -0.10888672 11.585366 -6.4634147 -1.2804878	
2022-08-21-18:07:39-426 -0.9013672 0.19970703 -0.15283203 10.304878 2.378049 -1.5853659	
2022-08-21-18:07:39-430 -0.97021484 0.15576172 -0.17919922 -1.1585366 5.182927 -4.756098	
2022-08-21-18:07:39-435 -1.0161133 0.088378906 -0.18457031 -9.02439 -0.6707317 -4.756098	
2022-08-21-18:07:39-439 -0.99072266 0.10498047 -0.15771484 -1.3414634 -9.45122 -1.2195122	
2022-08-21-18:07:39-443 -0.9345703 0.1928711 -0.15283203 7.5 -9.3902445 1.2195122	
2022-08-21-18:07:39-447 -0.91503906 0.24511719 -0.1640625 3.7804878 -4.390244 0.24390244	
2022-08-21-18:07:39-706 -0.8964844 0.25878906 -0.16796875 2.0731707 -1.2804878 0.6707317	
2022-08-21-18:07:39-710 -0.8647461 0.29003906 -0.20800781 4.2073174 1.402439 0.91463417	
2022-08-21-18:07:39-714 -0.83203125 0.3486328 -0.23730469 7.1951222 -5.792683 1.4634147	
2022-08-21-18:07:39-717 -0.7705078 0.45458984 -0.2919922 9.573171 -21.890244 1.097561	
2022-08-21-18:07:39-720 -0.77001953 0.6098633 -0.34472656 2.9268293 -38.23171 -3.6585367	
2022-08-21-18:07:39-724 -0.8701172 0.7182617 -0.38671875 -19.45122 -58.719513 -14.512196	
2022-08-21-18:07:39-728 -1.03125 0.80566406 -0.39501953 -43.780487 -74.87805 -27.439026	
2022-08-21-18:07:39-734 -1.2558594 1.1113281 -0.39794922 -53.170734 -77.926834 -30.670732	
2022-08-21-18:07:39-739 -1.6694336 1.5615234 -0.32128906 -72.31708 -67.19512 -30.060976	
2022-08-21-18:07:39-743 -1.9082031 1.5922852 -0.051757812 -128.35367 -87.743904 -9.634147	
2022-08-21-18:07:39-746 -1.6494141 1.3173828 0.27148438 -146.82927 -90.18293 43.292683	
2022-08-21-18:07:39-750 -1.5234375 1.1640625 0.2626953 -114.20732 -13.292684 82.743904	
2022-08-21-18:07:39-756 -1.4204102 1.0898438 -0.008300781 -94.268295 -30.365854 101.52439	
2022-08-21-18:07:39-759 -0.6777344 0.9794922 -0.45263672 -91.89024 -92.07317 103.04878	
2022-08-21-18:07:39-763 -0.43408203 0.9946289 -0.1381836 -101.28049 25.42683 62.865856	
2022-08-21-18:07:39-767 -0.8149414 1.1430664 0.49609375 -57.134148 76.95122 38.59756	
2022-08-21-18:07:40-057 -1.2368164 1.3300781 0.17871094 37.2561 9.756098 58.292683	
2022-08-21-18:07:40-064 -1.6621094 1.1918945 0.016601562 30.792685 -66.82927 79.756096	
2022-08-21-18:07:40-068 -1.5668945 1.1987305 0.06982422 45.365856 -130.54878 108.17073	
2022-08-21-18:07:40-074 -1.1269531 1.0795898 0.34228516 34.268295 -100.97561 99.32927	
2022-08-21-18:07:40-081 -1.0966797 0.5253906 0.40576172 10.609756 21.158537 53.170734	
2022-08-21-18:07:40-088 -1.3417969 -0.18359375 0.23730469 -34.02439 38.048782 43.170734	
2022-08-21-18:07:40-093 -1.3027344 -0.9941406 0.33251953 -51.40244 -58.78049 37.19512	
2022-08-21-18:07:40-098 -0.80126953 -0.94873047 0.13378906 79.39024 -78.597565 17.5	
2022-08-21-18:07:40-103 -1.0219727 -0.033203125 0.06591797 157.43903 -85.36585 27.682928	
2022-08-21-18:07:40-107 -0.4453125 -0.50097656 -0.0107421875 22.560976 -193.71951 47.80488	
2022-08-21-18:07:40-110 0.03955078 0.171875 0.029785156 110.914635 -154.93903 62.37805	
2022-08-21-18:07:40-113 -0.16601562 0.8798828 -0.08691406 52.012196 -79.69512 60.18293	
2022-08-21-18:07:40-116 -0.11669922 0.6791992 0.06347656 6.52439 -94.69512 28.59756	
2022-08-21-18:07:40-120 0.26171875 0.95947266 -0.0073242188 31.280489 -84.63415 -1.402439	
2022-08-21-18:07:40-125 0.044433594 1.1137695 0.07470703 36.646343 27.865854 -20.97561	
2022-08-21-18:07:40-129 -0.45898438 1.2392578 -0.045410156 31.707317 96.64635 -40.487804	
2022-08-21-18:07:40-412 -0.58496094 1.0615234 0.028808594 4.085366 84.57317 -54.02439	
2022-08-21-18:07:40-416 -0.4716797 0.7758789 0.052246094 -8.658537 58.292683 -45.42683	
2022-08-21-18:07:40-419 -0.42382812 0.51708984 0.32910156 -5.121951 58.475613 -32.560978	
2022-08-21-18:07:40-423 -0.63134766 0.18261719 0.53466797 -11.585366 54.02439 -27.621952	
2022-08-21-18:07:40-427 -0.5288086 -0.13623047 0.6699219 -5.7317076 33.841465 -20.243902	
2022-08-21-18:07:40-435 -0.27734375 -0.14794922 0.41845703 28.353659 37.865856 -1.2804878	
2022-08-21-18:07:40-439 -0.2705078 0.118652344 0.22167969 42.621952 72.68293 21.768293	
2022-08-21-18:07:40-443 -0.4326172 0.1430664 0.140625 2.5609756 54.32927 45.85366	
2022-08-21-18:07:40-446 -0.29589844 -0.15185547 0.21044922 -33.841465 -36.52439 50.609756	
2022-08-21-18:07:40-450 -0.21875 -0.25976562 0.28564453 -35.73171 -74.57317 29.573172	
2022-08-21-18:07:40-453 -0.30029297 0.02734375 0.6459961 -2.8658538 -38.65854 11.219512	
2022-08-21-18:07:40-457 -0.95166016 0.6269531 1.0351562 20.97561 7.378049 -12.5	
2022-08-21-18:07:40-460 -0.52685547 2.0566406 0.4477539 94.14635 -28.04878 40.121952	
2022-08-21-18:07:40-471 -0.053710938 0.34179688 0.2915039 -44.878048 9.02439 44.69512	
2022-08-21-18:07:40-480 0.087402344 1.2836914 -0.123535156 23.658537 19.939024 28.719513	
2022-08-21-18:07:40-485 0.2861328 1.2138672 -0.58496094 -144.57318 4.3292685 29.634148	
2022-08-21-18:07:40-686 0.55615234 0.103027344 0.07470703 -277.7439 -125.67074 48.414635	
2022-08-21-18:07:40-690 0.6972656 -0.8232422 -0.057128906 -337.2561 -223.96342 -2.2560976	
2022-08-21-18:07:40-694 0.29541016 -1.3857422 0.22021484 -278.10977 -90.48781 -56.82927	
2022-08-21-18:07:40-700 0.06640625 -1.230957 -0.0073242188 -137.56097 64.5122 -46.95122	
2022-08-21-18:07:40-706 -0.3984375 -1.0698242 -0.23046875 -102.13415 142.19513 -24.573172	
2022-08-21-18:07:40-709 -1.3969727 -1.2084961 -0.1743164 -75.243904 183.41464 0.5487805	
2022-08-21-18:07:40-713 -1.5981445 -0.7080078 -0.28222656 43.292683 201.15854 -46.646343	
2022-08-21-18:07:40-717 -1.2773438 0.2109375 -0.4321289 96.768295 188.59756 -101.40244	
2022-08-21-18:07:40-720 -1.4077148 0.63427734 -0.38867188 78.23171 166.15854 -100.36585	
2022-08-21-18:07:40-725 -1.762207 1.1025391 -0.55029297 84.268295 137.01219 -105.06098	
2022-08-21-18:07:40-729 -2.309082 1.7236328 -0.8383789 65.67073 67.86585 -149.45122	
2022-08-21-18:07:40-735 -1.7006836 1.3696289 -0.26904297 -68.414635 29.756098 -142.31708	
2022-08-21-18:07:40-738 -1.215332 1.3676758 -0.2602539 -107.743904 70.97561 -185.30489	
2022-08-21-18:07:40-741 -2.303711 1.206543 0.45947266 -311.4634 146.7683 -330.60977	
2022-08-21-18:07:40-746 -2.1826172 -0.6328125 0.8457031 -124.451225 -20.0 -178.59756	
2022-08-21-18:07:40-749 -1.6044922 -0.08984375 0.23144531 86.46342 -75.97561 -202.98781	
2022-08-21-18:07:41-003 -1.6538086 -0.82958984 0.19189453 -71.768295 11.402439 -232.0122	
2022-08-21-18:07:41-008 -2.168457 -1.7192383 -0.079589844 -102.86585 -19.512196 -320.18292	
2022-08-21-18:07:41-013 -2.0610352 -2.1035156 -0.21191406 -27.134148 -77.80488 -314.63416	
2022-08-21-18:07:41-017 -1.2871094 -1.9052734 -0.31347656 -52.5 87.256096 -259.2683	
2022-08-21-18:07:41-021 -1.362793 -1.5947266 -0.15625 -37.560978 284.32928 -236.82927	
2022-08-21-18:07:41-024 -1.9970703 -1.3618164 0.22509766 -1.5853659 149.08537 -213.53659	
2022-08-21-18:07:41-028 -1.0341797 -0.8598633 0.35351562 46.280487 -134.87805 -195.48781	
2022-08-21-18:07:41-035 0.119140625 -0.26660156 0.42333984 38.35366 -150.30489 -167.2561	
2022-08-21-18:07:41-039 0.20800781 -0.22216797 0.47265625 -1.3414634 19.32927 -144.93903	
2022-08-21-18:07:41-042 -0.36621094 -0.42626953 0.45947266 15.54878 68.47561 -143.96342	
2022-08-21-18:07:41-045 -0.6455078 -0.020507812 0.19433594 43.536587 -107.439026 -123.84147	
2022-08-21-18:07:41-048 -0.42578125 0.08105469 0.32910156 -24.146341 -210.42683 -74.32927	
2022-08-21-18:07:41-054 -0.14941406 -0.2211914 0.359375 -65.060974 -163.84146 -24.085367	
2022-08-21-18:07:41-057 0.16210938 -0.421875 0.05517578 -12.682927 -73.65854 31.280489	
2022-08-21-18:07:41-062 -0.79589844 -0.6308594 0.42626953 -9.268292 -153.10976 42.012196	
2022-08-21-18:07:41-067 -0.31835938 -1.1845703 -0.15820312 -28.04878 -100.30488 67.07317	
2022-08-21-18:07:41-286 0 0 0 0 0 1000	
2022-08-21-18:07:49-295 0 0 0 0 0 1000	
2022-08-21-18:07:49-326 -0.9223633 0.1772461 -0.24804688 2.6219513 -1.6463414 2.987805	
2022-08-21-18:07:49-329 -0.9238281 0.17382812 -0.24511719 1.2804878 2.8658538 3.0487804	
2022-08-21-18:07:49-335 -0.94970703 0.16113281 -0.23925781 0.85365856 5.0 1.5853659	
2022-08-21-18:07:49-339 -0.92626953 0.16552734 -0.24707031 3.9634147 -0.12195122 0.79268295	
2022-08-21-18:07:49-342 -0.9121094 0.20214844 -0.2446289 7.7439027 -2.195122 -0.30487806	
2022-08-21-18:07:49-344 -0.9423828 0.18798828 -0.2553711 -0.36585367 3.9634147 -1.8902439	
2022-08-21-18:07:49-348 -0.9609375 0.14794922 -0.24658203 -3.1707318 5.670732 -2.012195	
2022-08-21-18:07:49-351 -0.96191406 0.16992188 -0.24804688 6.280488 5.304878 0.12195122	
2022-08-21-18:07:49-353 -0.9741211 0.21972656 -0.25732422 7.682927 1.8292683 1.2195122	
2022-08-21-18:07:49-355 -0.9526367 0.21875 -0.25341797 -1.2804878 -3.9634147 0.85365856	
2022-08-21-18:07:49-357 -0.9267578 0.18066406 -0.23535156 -4.1463413 -3.5365853 -0.24390244	
2022-08-21-18:07:49-360 -0.94873047 0.1616211 -0.24023438 -0.9756098 4.2073174 -0.18292683	
2022-08-21-18:07:49-363 -0.9692383 0.16699219 -0.26123047 2.1341465 4.268293 -0.36585367	
2022-08-21-18:07:49-366 -0.9560547 0.17578125 -0.26171875 0.6097561 -2.195122 -0.18292683	
2022-08-21-18:07:49-368 -0.95410156 0.17822266 -0.25 -1.7073171 -4.1463413 -1.2804878	
2022-08-21-18:07:49-372 -0.95751953 0.17871094 -0.25683594 0.12195122 -1.8292683 -1.7682927	
2022-08-21-18:07:49-638 -0.9511719 0.20361328 -0.23828125 3.2317073 1.7073171 -1.2804878	
2022-08-21-18:07:49-643 -0.9682617 0.22265625 -0.24902344 0.5487805 3.5975611 -0.12195122	
2022-08-21-18:07:49-647 -0.9980469 0.2084961 -0.22216797 -4.085366 -1.0365853 -0.18292683	
2022-08-21-18:07:49-652 -0.96435547 0.19482422 -0.22363281 -2.378049 -10.365854 1.4634147	
2022-08-21-18:07:49-656 -0.9370117 0.18847656 -0.23291016 0.9756098 -8.963415 2.012195	
2022-08-21-18:07:49-661 -0.93310547 0.18945312 -0.2319336 3.7195122 1.0365853 1.9512196	
2022-08-21-18:07:49-667 -0.9423828 0.19335938 -0.26123047 6.158537 7.6219516 4.02439	
2022-08-21-18:07:49-670 -0.9711914 0.19433594 -0.27148438 2.7439024 1.5243902 5.0609756	
2022-08-21-18:07:49-676 -0.9477539 0.18310547 -0.26513672 -1.3414634 -8.963415 3.7195122	
2022-08-21-18:07:49-679 -0.88916016 0.17089844 -0.25732422 -2.5609756 -10.304878 3.3536587	
2022-08-21-18:07:49-684 -0.8852539 0.1772461 -0.23779297 1.2195122 -5.182927 3.1097562	
2022-08-21-18:07:49-688 -0.8955078 0.1953125 -0.24560547 3.8414636 0.5487805 2.8658538	
2022-08-21-18:07:49-693 -0.91015625 0.2163086 -0.2397461 2.7439024 2.012195 3.0487804	
2022-08-21-18:07:49-698 -0.90722656 0.24902344 -0.23925781 4.878049 -0.06097561 2.987805	
2022-08-21-18:07:49-703 -0.8808594 0.3071289 -0.25732422 9.512196 -0.6097561 4.268293	
2022-08-21-18:07:49-707 -0.87890625 0.42089844 -0.27392578 12.682927 -1.7682927 7.1341467	
2022-08-21-18:07:49-958 -0.90722656 0.55908203 -0.28808594 14.634147 -9.695122 9.02439	
2022-08-21-18:07:49-965 -0.92626953 0.6611328 -0.3515625 14.756098 -19.634148 10.060976	
2022-08-21-18:07:49-973 -0.98535156 0.8676758 -0.51708984 30.914635 -38.109756 18.536585	
2022-08-21-18:07:49-978 -1.019043 1.0180664 -0.9550781 77.31708 -24.512196 24.695122	
2022-08-21-18:07:49-981 -0.9824219 1.7128906 -1.2402344 100.36585 44.634148 22.5	
2022-08-21-18:07:49-985 -1.4814453 1.8862305 -1.1606445 -49.45122 49.390244 14.268293	
2022-08-21-18:07:49-988 -1.7988281 1.637207 -0.72216797 -126.89024 -33.23171 27.621952	
2022-08-21-18:07:49-994 -1.5786133 1.4394531 -0.51708984 -139.57318 -117.5 71.52439	
2022-08-21-18:07:50-000 -1.2607422 1.1918945 -0.37353516 -146.03659 -139.45122 98.96342	
2022-08-21-18:07:50-004 -1.0986328 1.0463867 -0.14941406 -132.37805 -126.40244 95.73171	
2022-08-21-18:07:50-008 -0.66015625 0.9589844 -0.037109375 -112.0122 -129.69513 82.37805	
2022-08-21-18:07:50-013 -0.5546875 0.65625 0.27441406 -135.06097 -86.52439 35.243904	
2022-08-21-18:07:50-017 -1.0668945 0.30664062 0.5654297 -85.79269 -73.47561 1.7073171	
2022-08-21-18:07:50-023 -1.09375 0.39648438 0.25439453 30.731709 -97.13415 27.439026	
2022-08-21-18:07:50-027 -0.55371094 0.7080078 -0.20751953 85.48781 -67.621956 59.45122	
2022-08-21-18:07:50-032 -0.44091797 1.1054688 -0.1796875 68.04878 64.02439 59.02439	
2022-08-21-18:07:50-275 -0.6870117 1.2983398 0.1459961 3.1097562 93.10976 17.987804	
2022-08-21-18:07:50-280 -0.99560547 0.2211914 0.23046875 -48.90244 23.841463 16.585365	
2022-08-21-18:07:50-284 -0.9160156 -0.5058594 0.21582031 -64.268295 -4.5731707 44.02439	
2022-08-21-18:07:50-287 -0.76953125 -0.97265625 0.3486328 -11.158537 82.621956 48.475613	
2022-08-21-18:07:50-293 -1.1557617 0.10839844 0.45507812 155.42683 71.52439 63.59756	
2022-08-21-18:07:50-299 -0.7915039 1.0219727 -0.23291016 105.97561 -151.34146 71.64634	
2022-08-21-18:07:50-304 -0.11035156 0.81689453 -0.20166016 24.024391 -169.45122 55.060978	
2022-08-21-18:07:50-309 -0.5048828 0.67285156 -0.08642578 20.97561 -37.19512 29.512196	
2022-08-21-18:07:50-313 -0.8046875 0.8383789 -0.25195312 35.97561 11.707317 13.109756	
2022-08-21-18:07:50-316 -0.8125 1.0224609 -0.35839844 36.585365 -65.36585 10.853659	
2022-08-21-18:07:50-322 -0.4633789 1.0151367 -0.39501953 11.768293 -95.426834 14.573171	
2022-08-21-18:07:50-327 -0.26513672 0.62158203 -0.24707031 -4.8170733 -1.7073171 1.0365853	
2022-08-21-18:07:50-334 -0.33447266 0.7084961 -0.16259766 12.987805 39.45122 -19.32927	
2022-08-21-18:07:50-340 -0.1586914 0.65283203 -0.11230469 3.8414636 16.524391 -21.890244	
2022-08-21-18:07:50-343 -0.14501953 0.44482422 -0.009277344 -18.47561 -16.707317 -26.219513	
2022-08-21-18:07:50-348 -0.22607422 0.091308594 0.28076172 -38.780487 -31.09756 -24.268293	
2022-08-21-18:07:50-582 -0.35498047 -0.17333984 0.4296875 -26.341463 -45.060978 -12.804878	
2022-08-21-18:07:50-586 -0.36083984 0.1850586 0.39208984 17.865854 -31.341465 0.4878049	
2022-08-21-18:07:50-589 -0.2685547 0.48486328 0.32470703 3.4146342 -10.731708 26.463415	
2022-08-21-18:07:50-594 -0.22851562 0.04248047 0.34326172 -49.45122 -56.15854 49.7561	
2022-08-21-18:07:50-599 -0.11230469 -0.24316406 0.47558594 -74.45122 -122.68293 50.914635	
2022-08-21-18:07:50-602 0.018066406 -0.04736328 0.56347656 -68.10976 -196.40245 31.585367	
2022-08-21-18:07:50-607 -0.048828125 -0.0014648438 0.86035156 -88.71951 -177.80489 3.5975611	
2022-08-21-18:07:50-610 -0.578125 0.15771484 1.6567383 -51.585365 -68.90244 -14.02439	
2022-08-21-18:07:50-614 -0.43359375 1.9956055 0.96972656 133.65854 4.878049 7.4390244	
2022-08-21-18:07:50-617 -0.012207031 0.61279297 0.57714844 -32.682926 119.32927 -3.5365853	
2022-08-21-18:07:50-620 -0.7348633 1.8896484 0.055664062 35.182926 214.7561 -10.060976	
2022-08-21-18:07:50-626 -0.70751953 1.0927734 -0.041992188 -174.63416 145.48781 11.280488	
2022-08-21-18:07:50-633 0.1352539 0.07373047 0.25439453 -206.89024 -21.09756 48.35366	
2022-08-21-18:07:50-638 0.51904297 -0.45947266 0.25732422 -233.35367 -125.18293 -2.9268293	
2022-08-21-18:07:50-642 0.39501953 -1.2290039 -0.36914062 -262.56097 -13.536586 -59.573174	
2022-08-21-18:07:50-648 0.3125 -1.8095703 -0.61865234 -246.46342 73.47561 -64.756096	
2022-08-21-18:07:50-908 -0.234375 -1.8129883 -0.6669922 -154.32927 106.768295 -29.45122	
2022-08-21-18:07:50-914 -0.7792969 -1.6298828 -0.46923828 -74.57317 169.63416 -17.743902	
2022-08-21-18:07:50-917 -1.2563477 -0.94628906 -0.9277344 23.90244 213.41464 -23.353659	
2022-08-21-18:07:50-920 -1.4619141 -0.037597656 -0.46777344 63.963417 183.2317 -74.45122	
2022-08-21-18:07:50-924 -1.3525391 0.47265625 -0.9692383 23.90244 93.597565 -103.47561	
2022-08-21-18:07:50-928 -1.5073242 0.5566406 -0.6850586 -24.268293 105.0 -149.51219	
2022-08-21-18:07:50-932 -2.2026367 1.3852539 -1.1533203 41.585365 90.79269 -183.41464	
2022-08-21-18:07:50-937 -1.7963867 2.166504 -0.69091797 -45.487804 102.19512 -165.7927	
2022-08-21-18:07:50-941 -1.7006836 0.8017578 -0.59521484 -274.93903 148.71951 -194.39024	
2022-08-21-18:07:50-945 -2.6098633 0.11279297 0.079589844 -262.37805 215.85367 -215.48781	
2022-08-21-18:07:50-948 -2.7177734 -0.3095703 0.4086914 -203.84146 165.54878 -245.7927	
2022-08-21-18:07:50-953 -2.3652344 -0.7055664 0.5004883 -84.939026 42.987804 -230.54878	
2022-08-21-18:07:50-957 -2.628418 -0.9248047 0.16455078 -78.71951 30.914635 -268.65854	
2022-08-21-18:07:50-964 -2.722168 -1.4575195 -0.03515625 -106.03659 86.46342 -269.57318	
2022-08-21-18:07:50-968 -2.2851562 -2.1904297 -0.40039062 -155.42683 129.0244 -302.56097	
2022-08-21-18:07:50-973 -2.0146484 -1.4682617 0.16064453 33.963417 159.2683 -259.2683	
2022-08-21-18:07:51-216 -2.1484375 -0.8198242 0.5058594 13.47561 85.18293 -272.86588	
2022-08-21-18:07:51-219 -1.9008789 -0.9394531 0.4404297 19.32927 -172.80489 -272.56097	
2022-08-21-18:07:51-226 -1.1606445 -0.7817383 0.2631836 19.634148 -308.5366 -245.18294	
2022-08-21-18:07:51-233 -0.32861328 -0.62646484 0.46435547 4.268293 -110.60976 -186.5244	
2022-08-21-18:07:51-237 -0.42333984 -0.46142578 0.51123047 16.585365 138.41464 -128.84146	
2022-08-21-18:07:51-241 -0.9873047 -0.29833984 0.4345703 55.914635 141.28049 -65.121956	
2022-08-21-18:07:51-245 -1.0576172 -0.030273438 0.34179688 53.292683 -10.914635 -21.524391	
2022-08-21-18:07:51-249 -0.50683594 0.033691406 0.040527344 24.32927 -155.18294 8.231708	
2022-08-21-18:07:51-254 -0.11767578 -0.092285156 0.10595703 12.987805 -94.451225 30.304878	
2022-08-21-18:07:51-259 0.13476562 -0.13476562 0.041015625 44.45122 81.52439 70.54878	
2022-08-21-18:07:51-263 -0.38867188 -0.12011719 -0.29003906 3.8414636 128.84146 121.15854	
2022-08-21-18:07:51-267 -1.0610352 -0.3413086 -0.49902344 -25.609756 -58.841465 159.45122	
2022-08-21-18:07:51-270 -0.41015625 -0.70458984 -1.293457 -25.365854 -315.0 117.31708	
2022-08-21-18:07:51-276 0.21679688 -0.50878906 -1.3051758 -25.487806 -278.47562 17.987804	
2022-08-21-18:07:51-279 -0.032226562 -0.7783203 -1.0878906 38.47561 -37.682926 -10.670732	
2022-08-21-18:07:51-283 -1.7045898 -1.2075195 -1.0112305 -21.280489 121.21951 14.573171	
2022-08-21-18:07:51-551 -1.8754883 -2.3979492 -0.63378906 -31.524391 5.365854 1.2804878	
2022-08-21-18:07:51-557 -0.7260742 -1.7666016 -0.26611328 70.914635 5.792683 61.82927	
2022-08-21-18:07:51-562 -0.734375 -1.1337891 0.10058594 85.0 120.85366 110.121956	
2022-08-21-18:07:51-566 -0.79052734 -1.0791016 0.47070312 79.57317 142.98781 83.53659	
2022-08-21-18:07:51-572 -0.7211914 -0.52246094 0.23291016 137.07318 165.30489 86.89024	
2022-08-21-18:07:51-576 -1.0878906 -0.38867188 0.100097656 110.914635 -11.95122 32.987804	
2022-08-21-18:07:51-579 -0.55810547 -0.23144531 0.123046875 100.54878 -63.109756 1.6463414	
2022-08-21-18:07:51-582 -0.421875 -0.11328125 0.13134766 105.73171 -24.024391 -12.804878	
2022-08-21-18:07:51-586 -0.34814453 0.0 0.10986328 95.67073 62.5 9.817074	
2022-08-21-18:07:51-588 -0.75390625 0.08251953 0.17333984 102.86585 92.560974 32.317074	
2022-08-21-18:07:51-594 -0.83740234 0.70947266 0.079589844 94.14635 54.268295 45.42683	
2022-08-21-18:07:51-600 -0.40673828 1.2802734 0.0063476562 18.536585 68.47561 80.30488	
2022-08-21-18:07:51-605 -0.26367188 1.4677734 -0.35791016 -20.853659 164.7561 153.53659	
2022-08-21-18:07:51-609 -0.73095703 1.2602539 0.118652344 29.32927 93.71951 174.45122	
2022-08-21-18:07:51-613 -1.1328125 1.7729492 -0.46289062 29.573172 -162.43903 180.67073	
2022-08-21-18:07:51-616 -0.64697266 1.5493164 -1.1469727 -215.0 -304.5122 230.18294	
2022-08-21-18:07:51-857 -1.1967773 0.17236328 -1.0039062 -511.82928 -182.5 126.64635	
2022-08-21-18:07:51-860 -3.0820312 -1.6484375 -0.96435547 -500.42685 -136.89024 -8.597561	
2022-08-21-18:07:51-862 -2.3222656 -2.4511719 -1.4423828 -345.73172 -387.2561 -55.0	
2022-08-21-18:07:51-864 -1.4624023 -4.3320312 -0.67285156 -256.89026 -272.43903 -162.19513	
2022-08-21-18:07:51-866 -2.0771484 -2.5610352 -0.8378906 -72.256096 -81.70732 -30.97561	
2022-08-21-18:07:51-868 -2.0048828 -2.7109375 -0.95996094 -108.53659 -37.012196 -50.73171	
2022-08-21-18:07:51-870 -1.3925781 -2.1328125 -1.0634766 -102.31708 -55.42683 -62.2561	
2022-08-21-18:07:51-873 -0.9145508 -1.5629883 -0.46875 -22.439024 -75.426834 -45.42683	
2022-08-21-18:07:51-875 -0.75341797 -1.1298828 -0.7685547 -42.865856 -94.63415 -52.2561	
2022-08-21-18:07:51-877 -0.38476562 -0.93310547 -0.5498047 -17.865854 -83.35366 -52.80488	
2022-08-21-18:07:51-878 -0.19824219 -0.55371094 -0.43896484 12.621951 -45.85366 -40.365856	
2022-08-21-18:07:51-880 -0.14746094 -0.29101562 -0.39013672 9.02439 -22.195122 -42.682926	
2022-08-21-18:07:51-881 -0.23242188 -0.18457031 -0.22558594 10.853659 -1.8902439 -33.780487	
2022-08-21-18:07:51-882 -0.3540039 0.05078125 -0.037109375 10.121951 7.987805 -14.45122	
2022-08-21-18:07:51-884 -0.12207031 0.122558594 -0.14208984 -12.621951 -42.134148 0.4878049	
2022-08-21-18:07:51-885 0.14648438 0.2006836 0.0625 -23.353659 -8.841464 6.646342	
2022-08-21-18:07:51-891 0 0 0 0 0 1000	
2022-08-21-18:07:59-508 0 0 0 0 0 1000	
2022-08-21-18:07:59-833 -0.9165039 0.18359375 -0.3095703 4.3292685 0.24390244 -2.378049	
2022-08-21-18:07:59-842 -0.9394531 0.22607422 -0.3203125 6.9512196 0.24390244 -0.73170733	
2022-08-21-18:07:59-846 -0.93066406 0.21923828 -0.31884766 0.6097561 2.6219513 -2.7439024	
2022-08-21-18:07:59-850 -0.9350586 0.19140625 -0.32421875 -0.6707317 2.0731707 -4.2073174	
2022-08-21-18:07:59-854 -0.94140625 0.17333984 -0.30810547 -1.402439 2.012195 -4.756098	
2022-08-21-18:07:59-858 -0.93847656 0.16503906 -0.29101562 -0.36585367 0.73170733 -2.987805	
2022-08-21-18:07:59-862 -0.93603516 0.17919922 -0.28808594 -0.6097561 -3.5365853 -1.1585366	
2022-08-21-18:07:59-868 -0.9379883 0.17578125 -0.25634766 -4.9390244 -4.9390244 -1.5243902	
2022-08-21-18:07:59-875 -0.9169922 0.13476562 -0.26464844 -7.7439027 -6.2195125 -1.1585366	
2022-08-21-18:07:59-879 -0.89208984 0.092285156 -0.29882812 -10.426829 -5.487805 2.5609756	
2022-08-21-18:07:59-882 -0.8925781 0.076171875 -0.29736328 -14.695123 -6.768293 5.914634	
2022-08-21-18:07:59-886 -0.9301758 0.15966797 -0.2734375 -8.109756 -20.365854 7.9268293	
2022-08-21-18:07:59-893 -0.8696289 0.30517578 -0.29638672 0.91463417 -33.048782 6.9512196	
2022-08-21-18:07:59-898 -0.8491211 0.3154297 -0.31445312 -10.0 -19.32927 -0.6707317	
2022-08-21-18:07:59-903 -0.97558594 0.2084961 -0.3383789 -22.195122 5.182927 -4.9390244	
2022-08-21-18:07:59-909 -1.0917969 0.24072266 -0.3334961 -10.182927 5.0609756 -0.85365856	
2022-08-21-18:08:00-169 -1.0375977 0.2915039 -0.33496094 -8.414635 -16.158537 2.804878	
2022-08-21-18:08:00-176 -0.95703125 0.23828125 -0.29589844 -11.097561 -24.512196 1.5853659	
2022-08-21-18:08:00-180 -0.9067383 0.16210938 -0.3046875 -7.378049 -7.804878 1.2804878	
2022-08-21-18:08:00-185 -0.9082031 0.13720703 -0.29003906 -2.2560976 10.609756 1.4634147	
2022-08-21-18:08:00-188 -0.9477539 0.115722656 -0.33935547 -2.012195 11.036586 -1.2195122	
2022-08-21-18:08:00-193 -0.89160156 0.059570312 -0.29492188 -0.79268295 7.3170733 -7.5609756	
2022-08-21-18:08:00-198 -0.86572266 0.06640625 -0.28515625 7.1341467 8.170732 -9.3902445	
2022-08-21-18:08:00-202 -0.93359375 0.0859375 -0.24511719 8.231708 18.59756 -9.085366	
2022-08-21-18:08:00-206 -1.0258789 0.091308594 -0.25048828 4.268293 18.963415 -9.573171	
2022-08-21-18:08:00-210 -1.0283203 0.063964844 -0.2529297 1.7682927 1.4634147 -10.97561	
2022-08-21-18:08:00-214 -0.9711914 0.1430664 -0.22607422 12.865854 -5.670732 -8.597561	
2022-08-21-18:08:00-218 -1.0131836 0.25732422 -0.24560547 8.04878 5.5487804 -6.2195125	
2022-08-21-18:08:00-222 -1.0620117 0.26464844 -0.27197266 -7.9268293 15.54878 -4.3292685	
2022-08-21-18:08:00-226 -1.1098633 0.2939453 -0.29248047 -14.02439 11.341464 0.06097561	
2022-08-21-18:08:00-232 -1.2514648 0.4584961 -0.3408203 -12.5 -5.0 8.231708	
2022-08-21-18:08:00-237 -1.402832 0.7807617 -0.46191406 -20.487804 -12.865854 17.987804	
2022-08-21-18:08:00-460 -1.5429688 1.0473633 -0.5986328 -58.170734 4.6951222 24.573172	
2022-08-21-18:08:00-466 -1.7451172 1.2026367 -0.43554688 -77.256096 -2.195122 45.548782	
2022-08-21-18:08:00-470 -1.7939453 1.4746094 -0.61865234 -69.87805 -59.817074 83.597565	
2022-08-21-18:08:00-476 -1.6479492 1.4179688 -0.7631836 -101.70732 -113.90244 97.37805	
2022-08-21-18:08:00-479 -1.3320312 1.1879883 -0.75146484 -109.14635 -138.78049 116.34147	
2022-08-21-18:08:00-483 -0.9433594 1.2402344 -0.5522461 -77.439026 -126.768295 123.29269	
2022-08-21-18:08:00-487 -0.56933594 1.2114258 -0.32763672 -43.963417 -126.768295 113.17073	
2022-08-21-18:08:00-494 -0.23339844 1.0136719 -0.2680664 -21.890244 -126.70732 80.79269	
2022-08-21-18:08:00-500 -0.2319336 0.5834961 0.0053710938 2.7439024 -119.451225 19.817074	
2022-08-21-18:08:00-509 -0.6582031 0.35302734 0.2319336 73.47561 -82.19512 -37.07317	
2022-08-21-18:08:00-516 -0.43652344 0.3017578 0.15576172 125.0 -61.463417 -31.158537	
2022-08-21-18:08:00-519 -0.67626953 0.16015625 -0.019042969 118.17074 6.3414636 4.9390244	
2022-08-21-18:08:00-525 0.38623047 1.8647461 -0.5185547 204.5122 145.12195 17.743902	
2022-08-21-18:08:00-530 -0.7988281 0.9995117 -0.15283203 -40.365856 298.84146 -19.939024	
2022-08-21-18:08:00-536 -1.1577148 0.89453125 0.265625 -46.219513 100.54878 6.9512196	
2022-08-21-18:08:00-539 -0.4794922 -0.15917969 0.13720703 -114.14635 -114.39024 65.79269	
2022-08-21-18:08:00-775 -0.18164062 -0.57714844 0.28027344 -72.07317 -123.78049 49.7561	
2022-08-21-18:08:00-782 -0.6538086 -0.34228516 -0.029785156 -21.40244 -36.82927 31.463415	
2022-08-21-18:08:00-786 -0.9086914 0.08154297 -0.26953125 1.5243902 -148.84146 60.243904	
2022-08-21-18:08:00-790 -0.15185547 0.24023438 -0.40039062 -17.012196 -200.7317 87.5	
2022-08-21-18:08:00-795 -0.2685547 0.5517578 -0.31298828 -11.768293 -43.292683 61.341465	
2022-08-21-18:08:00-799 -0.8496094 0.81396484 -0.095703125 -26.158537 12.317074 29.207317	
2022-08-21-18:08:00-804 -0.45458984 1.0004883 -0.23730469 -15.731708 -75.60976 15.304878	
2022-08-21-18:08:00-811 -0.3642578 1.2661133 -0.07373047 -6.280488 -27.134148 -6.9512196	
2022-08-21-18:08:00-816 -0.56640625 1.4453125 -0.1430664 -7.5 79.085365 -26.158537	
2022-08-21-18:08:00-819 -1.012207 1.09375 0.18798828 -14.45122 125.121956 -44.45122	
2022-08-21-18:08:00-825 -0.7626953 1.1669922 0.076171875 17.560976 111.951225 -45.060978	
2022-08-21-18:08:00-829 -0.67333984 1.1113281 0.034179688 14.939025 167.80489 -46.52439	
2022-08-21-18:08:00-834 -1.1254883 0.68310547 0.072265625 13.780488 242.2561 -42.19512	
2022-08-21-18:08:00-838 -1.3339844 0.13085938 0.23242188 24.695122 175.48781 -14.512196	
2022-08-21-18:08:00-842 -0.6660156 -0.12011719 -0.27001953 38.719513 72.560974 8.536586	
2022-08-21-18:08:00-846 -0.55078125 -0.32666016 -0.18066406 -12.926829 63.536587 21.280489	
2022-08-21-18:08:01-089 -0.85595703 -0.68603516 -0.041503906 -70.914635 -60.792683 46.09756	
2022-08-21-18:08:01-095 -0.43359375 -0.40478516 0.27685547 -50.060978 -241.09756 58.59756	
2022-08-21-18:08:01-099 0.22558594 0.23291016 0.38085938 -51.341465 -281.89026 49.390244	
2022-08-21-18:08:01-104 -0.3466797 0.2705078 1.0947266 -91.951225 -206.82927 5.0609756	
2022-08-21-18:08:01-109 -0.4086914 1.5004883 0.9433594 28.90244 -109.63415 10.426829	
2022-08-21-18:08:01-114 0.26171875 0.32617188 0.26953125 -92.743904 -23.59756 73.78049	
2022-08-21-18:08:01-118 -0.048828125 0.7885742 0.11767578 -63.292683 8.597561 51.707317	
2022-08-21-18:08:01-121 0.10839844 0.49121094 -0.16308594 -163.41464 -29.695122 29.085367	
2022-08-21-18:08:01-126 0.7661133 0.3774414 0.2055664 -161.64635 -104.63415 -53.719513	
2022-08-21-18:08:01-136 0.40283203 -0.18652344 -0.18847656 -211.7683 9.207317 -140.42683	
2022-08-21-18:08:01-142 -0.47509766 -0.88916016 -0.027832031 -247.68294 146.03659 -124.87805	
2022-08-21-18:08:01-145 -0.88378906 -0.9902344 -0.4794922 -184.0244 191.03659 -86.64635	
2022-08-21-18:08:01-148 -1.1474609 -0.9345703 -0.1430664 -148.04878 54.573174 -51.646343	
2022-08-21-18:08:01-152 -0.90625 -0.8027344 -0.114746094 -76.03659 -26.82927 -43.23171	
2022-08-21-18:08:01-156 -0.54345703 -0.5708008 -0.3623047 -47.682926 22.865854 -53.841465	
2022-08-21-18:08:01-160 -0.3100586 -0.25195312 -0.27001953 -21.219513 124.81708 -76.768295	
2022-08-21-18:08:01-406 -0.58691406 -0.15332031 -0.28808594 -34.817074 185.06097 -89.02439	
2022-08-21-18:08:01-410 -1.2265625 -0.107910156 -0.25 -29.45122 170.91464 -91.40244	
2022-08-21-18:08:01-414 -1.5097656 -0.0107421875 -0.33203125 -9.085366 114.939026 -125.48781	
2022-08-21-18:08:01-417 -1.2695312 0.107421875 -0.7792969 -3.4146342 227.43903 -169.7561	
2022-08-21-18:08:01-421 -1.8374023 0.029785156 -0.9213867 -70.426834 430.24393 -207.5	
2022-08-21-18:08:01-426 -3.8920898 -0.15478516 -1.1523438 -103.96342 463.96344 -220.24391	
2022-08-21-18:08:01-432 -4.6137695 -1.0996094 -0.7416992 -117.80488 186.58537 -195.30489	
2022-08-21-18:08:01-437 -2.6171875 -1.0004883 -0.57373047 30.487806 -21.95122 -189.81708	
2022-08-21-18:08:01-442 -1.7851562 -0.45996094 -0.82177734 61.58537 66.70732 -209.63416	
2022-08-21-18:08:01-445 -2.0927734 -0.7285156 -0.7890625 22.317074 179.0244 -232.31708	
2022-08-21-18:08:01-449 -2.2993164 -0.82666016 -0.9501953 21.646341 95.914635 -253.41464	
2022-08-21-18:08:01-453 -2.3256836 -0.65283203 -1.2114258 55.18293 -45.548782 -266.89026	
2022-08-21-18:08:01-458 -1.7128906 -0.39501953 -0.9584961 41.036587 -119.7561 -285.06097	
2022-08-21-18:08:01-462 -1.425293 -0.14990234 -0.7709961 30.182928 -164.7561 -267.80487	
2022-08-21-18:08:01-467 -1.3100586 -0.0390625 -0.16552734 3.5365853 -146.34146 -238.78049	
2022-08-21-18:08:01-472 -1.2324219 0.20996094 -0.08251953 9.207317 -168.04878 -198.53659	
2022-08-21-18:08:01-702 -0.9790039 0.24023438 0.33154297 -7.9268293 -257.68292 -136.15854	
2022-08-21-18:08:01-708 -0.18310547 0.083496094 0.32421875 -18.04878 -245.18294 -93.29269	
2022-08-21-18:08:01-713 0.2290039 0.048828125 0.3852539 3.2317073 -84.69512 -82.13415	
2022-08-21-18:08:01-720 0.068847656 0.107910156 0.36328125 32.987804 9.878049 -66.82927	
2022-08-21-18:08:01-725 -0.13330078 0.15429688 0.40234375 46.95122 -46.585365 -29.024391	
2022-08-21-18:08:01-730 0.109375 0.09472656 0.32958984 38.109756 -107.37805 2.4390244	
2022-08-21-18:08:01-735 0.36816406 -0.12841797 0.45703125 57.317074 -68.414635 11.402439	
2022-08-21-18:08:01-739 0.27685547 -0.22460938 0.36035156 61.219513 -28.780489 17.621952	
2022-08-21-18:08:01-742 -0.42333984 -0.828125 0.05078125 42.134148 -19.756098 4.9390244	
2022-08-21-18:08:01-746 -0.9760742 -1.2109375 -0.6401367 50.182926 -59.32927 -14.512196	
2022-08-21-18:08:01-751 -0.87597656 -1.5830078 -0.7915039 46.52439 -76.097565 -82.37805	
2022-08-21-18:08:01-756 -0.8076172 -2.206543 -1.3300781 69.02439 52.560978 -105.243904	
2022-08-21-18:08:01-759 -1.7294922 -3.644043 -1.4926758 66.585365 159.39024 -67.19512	
2022-08-21-18:08:01-764 -1.722168 -2.1064453 -1.2075195 202.74391 152.37805 -22.012196	
2022-08-21-18:08:01-768 -0.82958984 -1.4794922 -0.60009766 101.70732 203.2317 13.231708	
2022-08-21-18:08:01-773 -0.53564453 -1.4047852 -0.045410156 49.146343 245.97562 -0.79268295	
2022-08-21-18:08:02-035 -0.50341797 -0.6816406 0.26123047 100.60976 237.98781 14.695123	
2022-08-21-18:08:02-038 -0.5488281 -0.14794922 0.3774414 112.31708 226.70732 11.097561	
2022-08-21-18:08:02-041 -0.5263672 0.21142578 0.3696289 98.597565 106.82927 -2.317073	
2022-08-21-18:08:02-044 -0.50390625 0.42382812 0.34960938 78.47561 38.23171 6.4634147	
2022-08-21-18:08:02-046 -0.6152344 0.45361328 0.3071289 68.414635 70.36585 7.6219516	
2022-08-21-18:08:02-047 -0.64208984 0.55859375 0.044433594 49.573174 62.98781 22.37805	
2022-08-21-18:08:02-049 -0.6586914 0.65185547 0.036621094 14.3902445 7.804878 42.134148	
2022-08-21-18:08:02-052 -0.75146484 0.4921875 0.14941406 -43.170734 -55.365856 55.365856	
2022-08-21-18:08:02-054 -0.49951172 0.2993164 0.12402344 -65.85366 -109.57317 76.64635	
2022-08-21-18:08:02-057 -0.23925781 0.3881836 0.040039062 -43.170734 -132.37805 98.96342	
2022-08-21-18:08:02-059 -0.46289062 0.38476562 0.12402344 -53.109756 -104.7561 113.10976	
2022-08-21-18:08:02-062 -0.7993164 0.23876953 -0.24365234 -93.90244 -121.46342 116.82927	
2022-08-21-18:08:02-065 -0.7583008 0.11376953 -0.3017578 -134.93903 -188.53659 123.71951	
2022-08-21-18:08:02-068 -0.8691406 0.06201172 -0.5253906 -158.78049 -252.13416 125.97562	
2022-08-21-18:08:02-072 -1.9267578 -0.2685547 -0.42578125 -244.69513 -226.40245 71.95122	
2022-08-21-18:08:02-075 -2.8129883 -1.7558594 -0.80566406 -344.57318 -216.95122 1.8292683	
2022-08-21-18:08:02-129 0 0 0 0 0 1000	
2022-08-21-18:08:09-080 0 0 0 0 0 1000	
2022-08-21-18:08:09-350 -0.9038086 0.1875 -0.2319336 -6.890244 -4.5731707 3.2317073	
2022-08-21-18:08:09-352 -0.8901367 0.1352539 -0.2006836 -5.4268293 -5.5487804 4.2073174	
2022-08-21-18:08:09-354 -0.90478516 0.14111328 -0.22558594 -0.79268295 3.5365853 6.0365853	
2022-08-21-18:08:09-356 -0.9433594 0.1586914 -0.22558594 -1.1585366 6.158537 8.963415	
2022-08-21-18:08:09-358 -0.9482422 0.1328125 -0.23095703 -3.1707318 -1.8292683 9.207317	
2022-08-21-18:08:09-360 -0.921875 0.12792969 -0.23095703 -1.7073171 -6.52439 7.5	
2022-08-21-18:08:09-365 -0.9165039 0.13574219 -0.21972656 -1.402439 1.6463414 6.890244	
2022-08-21-18:08:09-368 -0.953125 0.12402344 -0.22314453 -2.1341465 4.756098 5.8536587	
2022-08-21-18:08:09-370 -0.9765625 0.12988281 -0.234375 0.36585367 2.4390244 4.6951222	
2022-08-21-18:08:09-376 -0.9785156 0.17480469 -0.22998047 3.3536587 -1.9512196 4.268293	
2022-08-21-18:08:09-379 -0.9667969 0.24072266 -0.24316406 4.5731707 -7.1341467 4.4512196	
2022-08-21-18:08:09-382 -0.9428711 0.2709961 -0.21728516 0.85365856 -6.768293 5.2439027	
2022-08-21-18:08:09-388 -0.89697266 0.31054688 -0.18261719 5.5487804 -8.597561 2.8658538	
2022-08-21-18:08:09-392 -0.91845703 0.40771484 -0.2211914 21.219513 -19.390244 1.5853659	
2022-08-21-18:08:09-399 -0.97802734 0.36669922 -0.30322266 6.52439 -17.256098 0.6707317	
2022-08-21-18:08:09-404 -0.9980469 0.18457031 -0.32714844 -17.37805 -1.5853659 2.4390244	
2022-08-21-18:08:09-684 -0.9863281 0.11621094 -0.26220703 -4.085366 13.536586 7.5	
2022-08-21-18:08:09-688 -1.0146484 0.15478516 -0.265625 6.9512196 15.6707325 11.707317	
2022-08-21-18:08:09-691 -0.98876953 0.16748047 -0.25341797 4.9390244 10.853659 12.5	
2022-08-21-18:08:09-698 -0.8925781 0.14550781 -0.2265625 1.097561 -1.4634147 10.670732	
2022-08-21-18:08:09-703 -0.85839844 0.115234375 -0.23242188 -1.7682927 2.7439024 6.402439	
2022-08-21-18:08:09-708 -0.91308594 0.09277344 -0.21679688 -6.280488 7.012195 1.9512196	
2022-08-21-18:08:09-712 -0.9501953 0.06201172 -0.18310547 -8.47561 -2.1341465 -0.6707317	
2022-08-21-18:08:09-716 -0.9501953 -9.765625E-4 -0.19580078 -9.634147 -9.3902445 -0.36585367	
2022-08-21-18:08:09-720 -0.9609375 -0.05029297 -0.17382812 -3.5365853 -3.292683 0.12195122	
2022-08-21-18:08:09-725 -0.9682617 -0.017578125 -0.22509766 8.902439 10.487805 2.4390244	
2022-08-21-18:08:09-733 -0.96191406 0.045898438 -0.22949219 9.695122 17.682928 4.390244	
2022-08-21-18:08:09-738 -0.9609375 0.076660156 -0.20410156 3.7195122 8.292683 2.804878	
2022-08-21-18:08:09-742 -0.9511719 0.07080078 -0.19433594 -0.42682928 -0.4878049 -0.06097561	
2022-08-21-18:08:09-746 -0.9169922 0.068847656 -0.171875 -0.06097561 -2.0731707 -2.987805	
2022-08-21-18:08:09-749 -0.9350586 0.10888672 -0.18701172 3.6585367 -0.73170733 -2.7439024	
2022-08-21-18:08:09-754 -0.9628906 0.18261719 -0.18261719 6.768293 -2.8658538 -0.73170733	
2022-08-21-18:08:09-980 -0.9555664 0.2631836 -0.24951172 6.7073174 -3.7195122 2.1341465	
2022-08-21-18:08:09-985 -0.9707031 0.3413086 -0.23535156 -2.012195 3.0487804 6.646342	
2022-08-21-18:08:09-988 -1.0410156 0.40234375 -0.2319336 -12.134147 -4.02439 14.329268	
2022-08-21-18:08:09-993 -1.0864258 0.45507812 -0.18310547 -17.621952 -21.524391 25.487806	
2022-08-21-18:08:09-998 -1.21875 0.51123047 -0.23583984 -17.37805 -44.69512 40.670734	
2022-08-21-18:08:10-002 -1.1611328 0.671875 -0.35791016 2.804878 -25.487806 41.52439	
2022-08-21-18:08:10-009 -1.3413086 1.25 -0.5410156 37.378048 -14.512196 49.146343	
2022-08-21-18:08:10-013 -1.5400391 1.7626953 -0.6220703 -4.6951222 -12.560976 49.573174	
2022-08-21-18:08:10-016 -1.8027344 2.0249023 -0.5498047 -78.90244 -58.170734 61.707317	
2022-08-21-18:08:10-020 -1.8330078 1.7871094 -0.61083984 -91.89024 -173.2317 105.06098	
2022-08-21-18:08:10-025 -1.340332 1.6279297 -0.6904297 -69.63415 -202.68294 132.62195	
2022-08-21-18:08:10-028 -1.0512695 1.6137695 -0.65478516 -72.86585 -133.71951 110.97561	
2022-08-21-18:08:10-033 -0.72216797 1.5229492 -0.30078125 -97.80488 -140.79268 67.98781	
2022-08-21-18:08:10-037 -0.8623047 1.4418945 0.13330078 -96.585365 -244.87805 34.634148	
2022-08-21-18:08:10-042 -0.8833008 0.8979492 -0.07421875 -58.90244 -292.2561 21.280489	
2022-08-21-18:08:10-046 -0.65234375 0.09277344 0.12548828 -45.0 -198.17073 -15.6707325	
2022-08-21-18:08:10-298 -0.1665039 -0.27978516 0.25 36.95122 27.134148 3.292683	
2022-08-21-18:08:10-304 -0.48242188 0.65527344 0.106933594 245.60976 214.93903 38.048782	
2022-08-21-18:08:10-308 -0.77490234 1.8022461 -0.10595703 100.30488 154.81708 28.353659	
2022-08-21-18:08:10-311 -0.49316406 -0.10498047 0.26611328 -51.82927 21.280489 43.719513	
2022-08-21-18:08:10-315 -0.03515625 -0.5292969 0.25390625 -52.073174 45.0 16.036585	
2022-08-21-18:08:10-319 -0.17919922 -0.8520508 0.36572266 -6.280488 114.69512 17.621952	
2022-08-21-18:08:10-322 -0.94873047 -0.05419922 0.453125 105.85366 39.32927 33.35366	
2022-08-21-18:08:10-326 -0.65185547 0.81152344 0.029296875 62.5 -105.48781 70.243904	
2022-08-21-18:08:10-331 0.11669922 0.11767578 0.1772461 -45.609756 -68.10976 67.86585	
2022-08-21-18:08:10-337 -0.64990234 0.38330078 0.26611328 -15.426829 2.9268293 44.7561	
2022-08-21-18:08:10-341 -0.92041016 0.5527344 0.04638672 8.170732 -36.585365 52.5	
2022-08-21-18:08:10-345 -0.3154297 1.1899414 -0.43359375 30.792685 -88.84147 37.19512	
2022-08-21-18:08:10-348 -0.38476562 0.93359375 -0.2861328 -19.695122 -24.024391 21.707317	
2022-08-21-18:08:10-355 -0.71972656 1.0698242 -0.24658203 0.91463417 24.268293 6.280488	
2022-08-21-18:08:10-358 -0.6098633 1.0019531 -0.115722656 -4.4512196 21.768293 -10.914635	
2022-08-21-18:08:10-362 -0.48632812 0.96533203 -0.014160156 -6.9512196 48.719513 -22.439024	
2022-08-21-18:08:10-611 -0.6118164 0.85009766 0.10644531 -7.1951222 63.719513 -22.987806	
2022-08-21-18:08:10-616 -0.8496094 0.7661133 0.26660156 -8.658537 76.46342 -28.353659	
2022-08-21-18:08:10-619 -0.7763672 0.53027344 0.45654297 -26.341463 47.987804 -16.463415	
2022-08-21-18:08:10-623 -0.5419922 0.057617188 0.57470703 -30.365854 23.658537 5.8536587	
2022-08-21-18:08:10-629 -0.44580078 -0.2631836 0.61621094 0.18292683 47.682926 17.134148	
2022-08-21-18:08:10-634 -0.34033203 0.28027344 0.19335938 62.743904 86.21951 26.95122	
2022-08-21-18:08:10-644 -0.17138672 -0.013671875 0.1352539 -25.97561 62.865856 33.59756	
2022-08-21-18:08:10-648 -0.27490234 -0.11816406 0.34472656 -44.878048 -29.939026 20.0	
2022-08-21-18:08:10-652 -0.43701172 0.10888672 0.54541016 -45.0 -114.7561 -2.317073	
2022-08-21-18:08:10-656 -0.8144531 0.35009766 1.0639648 -49.817074 -133.84146 -19.817074	
2022-08-21-18:08:10-661 -0.37939453 1.7358398 0.7470703 96.21951 -101.21951 15.792684	
2022-08-21-18:08:10-666 0.19091797 0.028808594 0.53759766 -89.02439 25.182928 49.146343	
2022-08-21-18:08:10-671 0.2866211 1.3637695 -0.001953125 65.85366 43.65854 9.146341	
2022-08-21-18:08:10-677 0.5253906 1.7592773 -0.25830078 -112.13415 -38.23171 -26.036587	
2022-08-21-18:08:10-680 0.6796875 0.20898438 0.09277344 -210.06097 -103.597565 -29.695122	
2022-08-21-18:08:10-685 0.6699219 -0.52441406 0.0546875 -218.84146 -108.29269 -57.80488	
2022-08-21-18:08:10-970 0.09863281 -1.2241211 -0.19384766 -262.2561 52.92683 -49.45122	
2022-08-21-18:08:10-975 -0.39892578 -2.0356445 -0.3852539 -288.7195 227.07318 -38.963417	
2022-08-21-18:08:10-978 -1.0195312 -2.099121 -0.51953125 -80.121956 227.74391 -12.5	
2022-08-21-18:08:10-981 -1.3339844 -1.4804688 -0.578125 -2.378049 145.7317 -22.317074	
2022-08-21-18:08:10-984 -1.4775391 -1.125 -0.88378906 16.95122 167.07318 -50.609756	
2022-08-21-18:08:10-987 -1.40625 -0.36865234 -0.56103516 53.048782 209.20732 -53.59756	
2022-08-21-18:08:10-993 -1.4165039 0.38476562 -0.7314453 60.975613 121.951225 -81.82927	
2022-08-21-18:08:10-998 -1.8706055 0.8222656 -0.6616211 9.512196 18.170732 -105.79269	
2022-08-21-18:08:11-004 -1.7583008 0.49609375 -0.6767578 -109.87805 4.390244 -171.70732	
2022-08-21-18:08:11-008 -1.2480469 0.9770508 -0.5683594 -117.5 68.65854 -274.14636	
2022-08-21-18:08:11-012 -2.0688477 2.1298828 -0.390625 -182.80489 180.18294 -294.32928	
2022-08-21-18:08:11-016 -3.100586 0.2211914 0.103515625 -214.93903 87.31708 -132.01219	
2022-08-21-18:08:11-020 -2.4702148 -0.41455078 -0.20410156 -39.146343 -42.80488 -55.060978	
2022-08-21-18:08:11-027 -1.9277344 -0.21435547 -0.390625 -92.2561 39.146343 -154.0244	
2022-08-21-18:08:11-032 -2.286621 -0.3491211 -0.28710938 -225.36586 107.86585 -298.2927	
2022-08-21-18:08:11-037 -2.4326172 -0.7050781 0.061523438 -166.5244 15.97561 -258.5366	
2022-08-21-18:08:11-240 -2.0986328 -1.2392578 0.080078125 -143.47562 -116.34147 -234.2683	
2022-08-21-18:08:11-242 -1.9853516 -1.4575195 0.39697266 -159.51219 1.0365853 -234.08537	
2022-08-21-18:08:11-244 -1.9360352 -1.0083008 0.24804688 -98.23171 145.91464 -209.87805	
2022-08-21-18:08:11-246 -1.9750977 -0.85253906 0.33642578 -79.085365 91.15854 -229.93903	
2022-08-21-18:08:11-248 -1.4135742 -0.62939453 0.5654297 -57.5 -102.31708 -239.69513	
2022-08-21-18:08:11-251 -0.72802734 -0.4736328 0.61572266 -47.439026 -166.21951 -216.46342	
2022-08-21-18:08:11-253 -0.47070312 -0.40478516 0.5410156 -35.42683 -110.97561 -196.64635	
2022-08-21-18:08:11-255 -0.32128906 -0.19921875 0.3647461 -6.2195125 -88.90244 -172.80489	
2022-08-21-18:08:11-257 -0.2758789 0.044433594 0.24169922 -5.8536587 -118.71951 -133.10976	
2022-08-21-18:08:11-260 -0.27001953 0.119140625 0.2836914 -25.97561 -112.19512 -86.46342	
2022-08-21-18:08:11-262 -0.12011719 0.14746094 0.13476562 -28.47561 -85.67073 -44.45122	
2022-08-21-18:08:11-265 -0.05078125 0.096191406 0.10205078 -15.487805 -73.65854 -4.4512196	
2022-08-21-18:08:11-268 -0.2866211 -0.2055664 0.103515625 -0.9756098 -117.5 10.0	
2022-08-21-18:08:11-272 -0.44189453 -0.48632812 -0.10839844 27.621952 -166.15854 17.743902	
2022-08-21-18:08:11-275 -0.5019531 -0.9223633 -0.3955078 40.609756 -161.82927 20.121952	
2022-08-21-18:08:11-279 -1.0620117 -1.4614258 -0.7011719 7.012195 -152.98781 -20.731709	
2022-08-21-18:08:11-295 0 0 0 0 0 1000	
2022-08-21-18:08:19-011 0 0 0 0 0 1000	
2022-08-21-18:08:19-205 -0.94091797 0.18457031 -0.2734375 9.085366 8.47561 4.9390244	
2022-08-21-18:08:19-208 -0.9448242 0.18066406 -0.28857422 -2.5609756 -2.317073 2.987805	
2022-08-21-18:08:19-212 -0.90185547 0.14160156 -0.2553711 -4.512195 -10.487805 1.402439	
2022-08-21-18:08:19-215 -0.9013672 0.15136719 -0.27539062 1.7073171 -3.7804878 1.2195122	
2022-08-21-18:08:19-217 -0.9609375 0.13134766 -0.24316406 -1.7073171 6.7073174 -0.73170733	
2022-08-21-18:08:19-219 -0.9633789 0.099121094 -0.2783203 -0.9756098 5.2439027 -0.4878049	
2022-08-21-18:08:19-222 -0.93310547 0.13769531 -0.28027344 10.0 4.634146 0.85365856	
2022-08-21-18:08:19-225 -0.96728516 0.18457031 -0.29248047 7.1341467 6.158537 0.6707317	
2022-08-21-18:08:19-228 -0.9892578 0.16748047 -0.27783203 -0.24390244 2.1341465 -0.24390244	
2022-08-21-18:08:19-234 -0.9511719 0.16699219 -0.2783203 0.9756098 -2.6219513 -0.4878049	
2022-08-21-18:08:19-240 -0.91845703 0.20410156 -0.26171875 4.8170733 2.7439024 -0.12195122	
2022-08-21-18:08:19-242 -0.96777344 0.2397461 -0.24072266 5.121951 9.3902445 -0.18292683	
2022-08-21-18:08:19-244 -1.0019531 0.2475586 -0.2783203 0.30487806 1.7682927 -1.2195122	
2022-08-21-18:08:19-245 -0.9760742 0.22363281 -0.27929688 -3.4146342 -11.8902445 -2.0731707	
2022-08-21-18:08:19-249 -0.91748047 0.1875 -0.28466797 -4.6951222 -8.902439 -2.195122	
2022-08-21-18:08:19-252 -0.92626953 0.19384766 -0.26904297 -1.2195122 4.4512196 0.5487805	
2022-08-21-18:08:19-524 -0.98779297 0.24072266 -0.24951172 0.91463417 3.292683 2.987805	
2022-08-21-18:08:19-528 -0.9399414 0.2763672 -0.27294922 0.6097561 -12.560976 4.6951222	
2022-08-21-18:08:19-533 -0.8457031 0.28808594 -0.26171875 1.097561 -7.256098 5.365854	
2022-08-21-18:08:19-539 -0.87890625 0.32910156 -0.32910156 5.914634 9.573171 6.52439	
2022-08-21-18:08:19-542 -0.9458008 0.4399414 -0.3725586 12.134147 9.146341 9.634147	
2022-08-21-18:08:19-547 -0.9506836 0.6513672 -0.39501953 17.92683 -11.280488 17.256098	
2022-08-21-18:08:19-552 -0.98046875 0.8691406 -0.4477539 15.365854 -21.768293 22.195122	
2022-08-21-18:08:19-556 -1.168457 1.0209961 -0.5620117 4.390244 -11.036586 14.634147	
2022-08-21-18:08:19-559 -1.3803711 1.1450195 -0.6513672 1.7073171 10.914635 13.231708	
2022-08-21-18:08:19-565 -1.5986328 1.3876953 -0.6352539 -12.987805 32.5 25.304878	
2022-08-21-18:08:19-570 -1.9189453 1.6293945 -0.5703125 -34.7561 -28.231709 45.914635	
2022-08-21-18:08:19-576 -1.5927734 1.6533203 -0.484375 -44.69512 -155.18294 79.87805	
2022-08-21-18:08:19-579 -0.95703125 1.5722656 -0.65478516 -34.878048 -142.43903 95.54878	
2022-08-21-18:08:19-583 -1.1088867 1.5380859 -0.6279297 -35.182926 -86.89024 87.31708	
2022-08-21-18:08:19-587 -0.98779297 1.2055664 -0.8154297 -56.52439 -80.48781 80.243904	
2022-08-21-18:08:19-591 -0.6484375 0.65722656 -0.6772461 -66.585365 -91.34147 64.5122	
2022-08-21-18:08:19-839 -0.7524414 0.1508789 -0.53808594 -70.54878 -76.585365 38.841465	
2022-08-21-18:08:19-843 -1.0620117 -0.17285156 -0.27929688 -86.64635 -38.23171 9.329268	
2022-08-21-18:08:19-846 -0.9526367 -0.5341797 0.3046875 -62.439026 -74.085365 -0.24390244	
2022-08-21-18:08:19-853 -0.68603516 -0.42236328 0.3540039 118.53659 -152.68294 38.47561	
2022-08-21-18:08:19-857 0.359375 1.1376953 -0.25878906 406.82928 -129.63416 78.90244	
2022-08-21-18:08:19-860 0.22460938 3.3408203 -0.7783203 170.7317 75.121956 28.90244	
2022-08-21-18:08:19-866 -0.7133789 0.28027344 -0.08300781 -204.87805 28.292683 -9.3902445	
2022-08-21-18:08:19-869 -0.6020508 0.56640625 0.24023438 -78.04878 -67.13415 44.878048	
2022-08-21-18:08:19-875 -0.53271484 -0.37304688 0.27539062 -173.65854 -106.40244 85.0	
2022-08-21-18:08:19-879 -0.6333008 -0.7475586 0.6582031 -90.060974 -109.39024 83.17073	
2022-08-21-18:08:19-882 -0.45703125 0.8696289 0.040527344 125.243904 -183.35367 68.53659	
2022-08-21-18:08:19-887 0.2631836 1.2099609 -0.31835938 -15.731708 -182.74391 48.59756	
2022-08-21-18:08:19-894 0.15478516 -0.022460938 -0.0068359375 -75.36585 44.207317 0.0	
2022-08-21-18:08:19-899 -0.7680664 0.8305664 -0.15478516 47.92683 211.5244 -39.45122	
2022-08-21-18:08:19-904 -1.9433594 1.0356445 -0.2211914 -18.109756 107.0122 -37.012196	
2022-08-21-18:08:19-913 -1.0234375 0.79833984 -0.16748047 1.1585366 -85.914635 -15.243903	
2022-08-21-18:08:20-232 -0.2631836 0.7636719 -0.21484375 8.658537 -14.695123 -7.6219516	
2022-08-21-18:08:20-238 -0.73535156 0.44433594 0.047851562 -9.817074 142.56097 -44.878048	
2022-08-21-18:08:20-242 -1.0458984 0.63964844 0.07324219 20.365854 148.90244 -38.23171	
2022-08-21-18:08:20-246 -0.7167969 0.16796875 -0.017578125 -11.341464 33.292683 -11.8902445	
2022-08-21-18:08:20-249 -0.5102539 -0.2944336 0.11767578 -33.536587 11.52439 -26.82927	
2022-08-21-18:08:20-256 -0.5078125 -0.3154297 0.28320312 -8.658537 81.21951 -20.54878	
2022-08-21-18:08:20-261 -0.69873047 0.5019531 0.4404297 53.90244 75.73171 23.963415	
2022-08-21-18:08:20-266 -0.63378906 0.3803711 0.33984375 -13.292684 -55.30488 74.45122	
2022-08-21-18:08:20-273 -0.19970703 -0.33251953 0.5830078 -66.89024 -151.21951 68.78049	
2022-08-21-18:08:20-278 0.1459961 -0.107910156 0.5595703 -26.768293 -180.48781 48.65854	
2022-08-21-18:08:20-281 0.20263672 0.35595703 0.67089844 -31.036587 -173.84146 25.853659	
2022-08-21-18:08:20-285 0.19970703 0.43017578 0.83984375 -58.292683 -141.15854 -1.8902439	
2022-08-21-18:08:20-289 0.14257812 0.27783203 1.1254883 -95.18293 -38.59756 -30.792685	
2022-08-21-18:08:20-293 -0.078125 0.88183594 0.9355469 -16.158537 63.841465 2.378049	
2022-08-21-18:08:20-298 -0.014160156 0.34375 0.54589844 -37.439026 23.90244 69.69512	
2022-08-21-18:08:20-302 0.36523438 0.16699219 0.01171875 -141.58537 -57.439026 39.7561	
2022-08-21-18:08:20-511 0.5600586 -0.05126953 0.1665039 -157.86586 51.646343 83.90244	
2022-08-21-18:08:20-515 0.123535156 -0.76171875 -0.3564453 -325.67075 132.56097 17.012196	
2022-08-21-18:08:20-519 -0.68408203 -1.9487305 0.38916016 -373.7195 81.768295 -5.792683	
2022-08-21-18:08:20-523 -0.83203125 -1.6923828 -0.4086914 -166.7683 99.81708 -17.37805	
2022-08-21-18:08:20-529 -1.2602539 -1.0273438 -0.057128906 -47.80488 203.17073 -35.121952	
2022-08-21-18:08:20-534 -1.4399414 -0.65771484 -0.52685547 4.02439 237.92683 -99.63415	
2022-08-21-18:08:20-541 -1.6303711 -0.14111328 -0.34521484 49.390244 258.5366 -177.74391	
2022-08-21-18:08:20-546 -2.2680664 0.61865234 -0.52246094 43.65854 181.5244 -219.20732	
2022-08-21-18:08:20-549 -2.3930664 0.39697266 -0.48388672 -60.18293 115.73171 -228.41464	
2022-08-21-18:08:20-561 -1.8891602 0.25878906 -0.063964844 -84.20732 96.951225 -263.23172	
2022-08-21-18:08:20-567 -2.1367188 1.1254883 0.061035156 -143.35367 107.07317 -337.7439	
2022-08-21-18:08:20-572 -2.5341797 1.0869141 -0.14794922 -99.20732 91.89024 -195.91464	
2022-08-21-18:08:20-577 -2.1308594 0.5332031 0.17529297 -41.95122 72.31708 -113.414635	
2022-08-21-18:08:20-580 -1.6469727 0.9892578 -0.055664062 -106.21951 56.036587 -162.62195	
2022-08-21-18:08:20-583 -2.0507812 0.60791016 0.13427734 -169.32927 125.426834 -154.39024	
2022-08-21-18:08:20-595 -2.625 -0.29345703 0.10449219 -105.97561 59.87805 -92.2561	
2022-08-21-18:08:20-826 -2.1967773 -0.9111328 -0.20263672 -82.621956 -25.243902 -64.81708	
2022-08-21-18:08:20-833 -1.8564453 -1.1918945 -0.19433594 -159.93903 -10.182927 -174.32927	
2022-08-21-18:08:20-837 -2.2368164 -1.5615234 -0.041992188 -122.68293 46.646343 -185.18294	
2022-08-21-18:08:20-840 -1.9677734 -1.184082 -0.06933594 -40.365856 -1.402439 -192.62195	
2022-08-21-18:08:20-844 -1.3349609 -0.48828125 -0.1821289 -19.87805 -68.84147 -205.91464	
2022-08-21-18:08:20-848 -1.1552734 -0.36572266 -0.19580078 -27.195122 -44.878048 -202.43903	
2022-08-21-18:08:20-853 -1.2119141 -0.35107422 -0.26171875 -25.914635 -23.658537 -203.90245	
2022-08-21-18:08:20-858 -1.0268555 -0.19970703 -0.22363281 14.756098 -5.0609756 -177.56097	
2022-08-21-18:08:20-863 -0.9663086 0.2133789 -0.21484375 56.036587 -76.28049 -125.121956	
2022-08-21-18:08:20-868 -0.8413086 0.18359375 -0.119628906 4.9390244 -128.41464 -75.243904	
2022-08-21-18:08:20-874 -0.43310547 0.06982422 -0.056152344 -24.32927 -122.2561 -30.792685	
2022-08-21-18:08:20-879 -0.07861328 0.084472656 0.046875 -37.19512 -52.682926 -3.8414636	
2022-08-21-18:08:20-882 0.07324219 -0.049316406 0.0546875 -50.487804 1.2804878 5.8536587	
2022-08-21-18:08:20-886 -0.013671875 -0.29296875 0.16015625 -47.5 19.939024 27.987806	
2022-08-21-18:08:20-889 -0.12988281 -0.49169922 0.1430664 -39.939026 -25.243902 56.341465	
2022-08-21-18:08:20-895 -0.05517578 -0.61572266 0.06640625 -27.439026 -98.04878 74.69512	
2022-08-21-18:08:21-138 0 0 0 0 0 1000	
2022-08-21-18:08:28-858 0 0 0 0 0 1000	
2022-08-21-18:08:29-106 -0.9472656 0.25048828 -0.24023438 0.06097561 16.707317 -2.9268293	
2022-08-21-18:08:29-109 -0.953125 0.24707031 -0.2607422 7.7439027 23.841463 0.0	
2022-08-21-18:08:29-113 -0.8930664 0.27929688 -0.30078125 12.378049 26.219513 1.097561	
2022-08-21-18:08:29-118 -0.8886719 0.2915039 -0.3251953 9.146341 30.914635 -1.3414634	
2022-08-21-18:08:29-121 -0.9609375 0.26708984 -0.3334961 2.378049 22.92683 -3.7804878	
2022-08-21-18:08:29-124 -0.9658203 0.23095703 -0.3359375 -1.8292683 -0.24390244 -3.6585367	
2022-08-21-18:08:29-126 -0.90722656 0.2241211 -0.33691406 -2.987805 -8.658537 -2.987805	
2022-08-21-18:08:29-129 -0.89453125 0.21972656 -0.2841797 -3.7804878 3.4146342 -1.4634147	
2022-08-21-18:08:29-134 -0.93066406 0.21142578 -0.2758789 -1.9512196 17.37805 0.30487806	
2022-08-21-18:08:29-137 -0.96728516 0.22460938 -0.28076172 2.682927 12.560976 2.1341465	
2022-08-21-18:08:29-140 -0.9506836 0.23876953 -0.27148438 1.1585366 -3.7195122 3.292683	
2022-08-21-18:08:29-143 -0.9086914 0.23632812 -0.25097656 0.30487806 -10.365854 2.2560976	
2022-08-21-18:08:29-146 -0.91796875 0.24804688 -0.25048828 6.4634147 1.2804878 1.8292683	
2022-08-21-18:08:29-148 -0.96972656 0.28076172 -0.32177734 13.170732 9.817074 0.91463417	
2022-08-21-18:08:29-149 -0.9736328 0.2861328 -0.375 9.268292 6.646342 -0.36585367	
2022-08-21-18:08:29-154 -0.97998047 0.24414062 -0.37353516 -4.5731707 5.0609756 -0.9756098	
2022-08-21-18:08:29-481 -0.9604492 0.21240234 -0.31298828 -7.0731707 -1.9512196 0.36585367	
2022-08-21-18:08:29-486 -0.89746094 0.2524414 -0.26220703 0.24390244 -4.878049 2.987805	
2022-08-21-18:08:29-489 -0.8720703 0.23535156 -0.25439453 -0.42682928 -0.4878049 2.012195	
2022-08-21-18:08:29-493 -0.87939453 0.18261719 -0.27294922 -0.18292683 6.646342 -0.30487806	
2022-08-21-18:08:29-501 -0.90966797 0.1899414 -0.28955078 4.1463413 4.878049 0.4878049	
2022-08-21-18:08:29-507 -0.921875 0.21386719 -0.30566406 2.682927 -4.8170733 2.2560976	
2022-08-21-18:08:29-514 -0.8964844 0.1977539 -0.29296875 -0.79268295 -9.3902445 0.79268295	
2022-08-21-18:08:29-518 -0.8666992 0.18945312 -0.32666016 1.6463414 -5.0 1.7073171	
2022-08-21-18:08:29-522 -0.90478516 0.2475586 -0.31591797 4.878049 4.3292685 4.2073174	
2022-08-21-18:08:29-531 -0.9379883 0.32226562 -0.34472656 0.0 1.7073171 5.914634	
2022-08-21-18:08:29-539 -0.9086914 0.39013672 -0.32373047 -7.012195 -1.5243902 9.207317	
2022-08-21-18:08:29-542 -0.9550781 0.6430664 -0.3256836 -2.2560976 3.3536587 20.243902	
2022-08-21-18:08:29-546 -1.2060547 0.9916992 -0.3671875 -9.756098 -0.85365856 30.42683	
2022-08-21-18:08:29-550 -1.5029297 1.1137695 -0.58691406 -45.73171 -18.292683 19.634148	
2022-08-21-18:08:29-554 -1.7202148 1.0639648 -0.7055664 -85.73171 -18.414635 14.695123	
2022-08-21-18:08:29-558 -1.9047852 1.2993164 -0.7036133 -79.939026 -15.731708 39.817074	
2022-08-21-18:08:29-740 -1.7646484 1.9985352 -0.64746094 -38.65854 -45.121952 88.04878	
2022-08-21-18:08:29-744 -1.4501953 2.3432617 -0.8378906 -57.012196 -97.37805 105.36585	
2022-08-21-18:08:29-748 -1.2963867 2.012207 -0.70654297 -79.81708 -84.57317 91.951225	
2022-08-21-18:08:29-754 -1.215332 1.925293 -0.6777344 -55.060978 -96.951225 104.14635	
2022-08-21-18:08:29-757 -0.65185547 1.6235352 -0.67089844 -38.048782 -103.10976 95.914635	
2022-08-21-18:08:29-761 -0.46875 1.0888672 -0.41552734 -40.121952 -92.926834 72.621956	
2022-08-21-18:08:29-769 -0.77197266 0.24609375 -0.234375 -52.439026 -89.69512 37.317074	
2022-08-21-18:08:29-774 -0.88183594 -0.91796875 -0.09033203 -74.085365 -82.560974 -32.92683	
2022-08-21-18:08:29-779 -0.41503906 -2.224121 0.17333984 -82.19512 -21.40244 -106.097565	
2022-08-21-18:08:29-784 -0.23095703 -2.5776367 -0.31591797 95.73171 147.80489 50.548782	
2022-08-21-18:08:29-788 0.05908203 -0.24365234 -0.29003906 474.0854 134.7561 160.48781	
2022-08-21-18:08:29-792 -0.703125 4.195801 -0.33203125 145.30489 90.48781 33.23171	
2022-08-21-18:08:29-798 -0.22021484 0.56933594 0.32714844 -224.20732 -126.82927 71.89024	
2022-08-21-18:08:29-802 0.3618164 1.0634766 0.107910156 -128.53659 -315.67075 90.67073	
2022-08-21-18:08:29-808 0.6977539 -0.31640625 0.8535156 -179.14635 -276.2195 90.73171	
2022-08-21-18:08:29-814 0.38427734 0.15332031 0.4453125 -36.036587 -145.60976 46.646343	
2022-08-21-18:08:30-073 0.16894531 0.82421875 0.35791016 -20.487804 -12.5 30.182928	
2022-08-21-18:08:30-079 0.14404297 0.6044922 0.17529297 -34.57317 16.95122 40.97561	
2022-08-21-18:08:30-083 -0.071777344 0.6850586 -0.17480469 -5.487805 28.536587 41.341465	
2022-08-21-18:08:30-088 -0.44628906 1.0654297 -0.30810547 -1.402439 36.52439 6.097561	
2022-08-21-18:08:30-092 -0.71435547 0.9946289 -0.05419922 -39.45122 -6.4634147 -18.109756	
2022-08-21-18:08:30-097 -0.6826172 0.89208984 0.067871094 -13.231708 -56.28049 -10.426829	
2022-08-21-18:08:30-102 -0.75439453 1.1953125 0.095703125 22.195122 -50.548782 -8.902439	
2022-08-21-18:08:30-108 -0.7182617 1.3901367 -0.09326172 28.47561 38.414635 -20.182928	
2022-08-21-18:08:30-113 -0.796875 1.4541016 -0.23339844 16.82927 98.29269 -52.5	
2022-08-21-18:08:30-117 -0.81152344 1.4404297 -0.107421875 -6.9512196 108.84147 -72.68293	
2022-08-21-18:08:30-121 -1.1875 1.1542969 0.10205078 -34.878048 111.768295 -70.36585	
2022-08-21-18:08:30-126 -1.4086914 0.7836914 0.4423828 -27.804878 107.5 -51.09756	
2022-08-21-18:08:30-131 -1.1259766 0.35888672 0.58203125 -18.658537 85.36585 -16.646341	
2022-08-21-18:08:30-135 -0.71191406 -0.1538086 0.67089844 -7.4390244 38.292683 5.609756	
2022-08-21-18:08:30-140 -0.23583984 -0.14892578 0.22558594 62.80488 1.8292683 22.92683	
2022-08-21-18:08:30-144 0.19873047 -0.020996094 -0.07910156 61.52439 84.32927 23.658537	
2022-08-21-18:08:30-385 -0.11328125 0.095703125 0.14697266 6.585366 97.926834 4.2073174	
2022-08-21-18:08:30-394 -0.5888672 -0.1484375 0.47705078 -63.292683 -34.634148 1.5853659	
2022-08-21-18:08:30-403 -0.546875 -0.38085938 0.7236328 -61.219513 -91.585365 -0.36585367	
2022-08-21-18:08:30-408 -0.75927734 0.15722656 0.93310547 24.817074 -41.40244 -7.3170733	
2022-08-21-18:08:30-416 -1.0224609 3.2978516 0.20947266 204.57318 1.6463414 32.987804	
2022-08-21-18:08:30-422 -0.43945312 0.07373047 0.22265625 -130.42683 10.121951 27.37805	
2022-08-21-18:08:30-428 -0.7363281 1.9208984 0.2475586 93.35366 18.47561 12.317074	
2022-08-21-18:08:30-434 -0.41796875 1.7373047 -0.11230469 -97.37805 -30.0 -4.5731707	
2022-08-21-18:08:30-439 -0.036621094 0.7949219 0.35546875 -52.134148 -80.67073 -19.695122	
2022-08-21-18:08:30-443 0.3852539 0.7163086 0.027832031 -45.548782 -100.06098 -32.439026	
2022-08-21-18:08:30-446 0.40234375 0.16113281 -0.13232422 -103.35366 -6.890244 -55.0	
2022-08-21-18:08:30-450 0.203125 -0.39990234 -0.34033203 -170.12195 107.56098 -60.243904	
2022-08-21-18:08:30-455 -0.14355469 -0.8881836 -0.53027344 -217.2561 44.634148 -48.780487	
2022-08-21-18:08:30-458 -0.20996094 -1.0976562 -0.48291016 -225.67073 -39.878048 -31.09756	
2022-08-21-18:08:30-463 -0.13964844 -1.230957 -0.3857422 -210.30489 -108.90244 -8.414635	
2022-08-21-18:08:30-469 0.21191406 -0.96533203 -0.6166992 -127.926834 -60.548782 18.841463	
2022-08-21-18:08:30-700 -0.091308594 -0.5263672 -0.3647461 -108.47561 77.0122 26.585367	
2022-08-21-18:08:30-704 -1.1499023 -0.3388672 -0.47705078 -126.21951 113.71951 0.79268295	
2022-08-21-18:08:30-708 -1.3623047 0.11425781 -0.42626953 -54.512196 50.670734 -19.024391	
2022-08-21-18:08:30-712 -1.3554688 0.9970703 -0.57666016 -74.45122 60.0 -55.670734	
2022-08-21-18:08:30-715 -2.0737305 0.095214844 -0.65283203 -367.86588 54.390244 -161.64635	
2022-08-21-18:08:30-718 -2.116211 -0.77734375 0.13378906 -356.09756 -8.902439 -183.90245	
2022-08-21-18:08:30-722 -1.84375 -0.57470703 -0.10058594 -229.87805 -16.09756 -195.30489	
2022-08-21-18:08:30-731 -3.0922852 -0.1821289 0.49121094 -193.47562 53.170734 -240.91464	
2022-08-21-18:08:30-736 -3.2539062 -0.11279297 0.30810547 -134.20732 33.109756 -236.7683	
2022-08-21-18:08:30-740 -2.2192383 -0.7753906 0.4189453 -158.65854 143.78049 -218.2927	
2022-08-21-18:08:30-743 -2.4501953 -1.1660156 0.5209961 -112.926834 363.5366 -209.20732	
2022-08-21-18:08:30-747 -2.5302734 -0.5078125 -0.06591797 22.195122 393.2927 -201.40245	
2022-08-21-18:08:30-754 -2.137207 -0.17626953 0.16552734 40.97561 156.64635 -221.34146	
2022-08-21-18:08:30-759 -0.64501953 -0.23632812 -0.07470703 -30.792685 -38.170734 -258.65854	
2022-08-21-18:08:30-764 0.13183594 -0.51708984 0.16845703 -106.097565 57.19512 -268.7805	
2022-08-21-18:08:30-768 -0.7705078 -0.7949219 0.8857422 -54.573174 193.90245 -218.84146	
2022-08-21-18:08:31-136 -1.5986328 -0.40673828 0.7680664 14.939025 76.097565 -188.78049	
2022-08-21-18:08:31-139 -1.246582 -0.111328125 0.93115234 -23.59756 -158.84146 -102.56098	
2022-08-21-18:08:31-141 -0.9580078 -0.21044922 1.2939453 -97.19512 -99.085365 -157.74391	
2022-08-21-18:08:31-144 -1.1772461 -0.19970703 1.0527344 -53.536587 -14.756098 -59.573174	
2022-08-21-18:08:31-146 -1.1137695 -0.23925781 0.7602539 17.317074 -59.268295 80.060974	
2022-08-21-18:08:31-148 -0.9213867 -0.4663086 0.5449219 -37.439026 -169.69513 71.21951	
2022-08-21-18:08:31-149 -0.80322266 -0.7973633 0.42285156 -101.768295 -233.17073 64.81708	
2022-08-21-18:08:31-153 -0.59375 -1.1850586 1.0693359 -35.97561 -263.59756 63.109756	
2022-08-21-18:08:31-158 -1.8369141 -1.050293 0.44580078 121.40244 -155.12195 66.768295	
2022-08-21-18:08:31-161 -2.006836 -1.5092773 -0.7705078 -7.3170733 -26.463415 -72.926834	
2022-08-21-18:08:31-164 -0.9814453 -0.8413086 -2.8544922 250.85367 -340.0 -41.768295	
2022-08-21-18:08:31-166 -1.5170898 -2.3095703 1.019043 29.939026 -31.82927 -55.0	
2022-08-21-18:08:31-170 -2.6269531 -1.1123047 -2.5532227 227.98781 150.91464 51.463417	
2022-08-21-18:08:31-173 -2.25 -0.99121094 0.00390625 138.47562 -24.32927 22.317074	
2022-08-21-18:08:31-175 0.044921875 0.019042969 -0.9765625 79.87805 -257.5 41.585365	
2022-08-21-18:08:31-178 -0.7714844 -0.93408203 0.95654297 18.231709 -24.390244 35.0	
2022-08-21-18:08:31-185 0 0 0 0 0 1000	
2022-08-21-18:08:39-598 0 0 0 0 0 1000	
2022-08-21-18:08:39-950 -0.90722656 0.2211914 -0.35791016 1.7682927 -1.9512196 -0.24390244	
2022-08-21-18:08:39-958 -0.90234375 0.22705078 -0.35595703 -0.06097561 1.1585366 -0.18292683	
2022-08-21-18:08:39-964 -0.92089844 0.22607422 -0.34375 -2.5609756 1.5853659 0.06097561	
2022-08-21-18:08:39-967 -0.9248047 0.2211914 -0.3334961 -1.9512196 -1.8292683 0.36585367	
2022-08-21-18:08:39-974 -0.9135742 0.20947266 -0.36572266 -3.5975611 -12.743903 -0.91463417	
2022-08-21-18:08:39-978 -0.9560547 0.1821289 -0.35595703 -9.939025 -33.90244 -2.8658538	
2022-08-21-18:08:39-982 -0.9458008 0.15332031 -0.32958984 -14.512196 -48.963417 -1.5853659	
2022-08-21-18:08:39-985 -0.8222656 0.16357422 -0.3017578 -4.512195 -34.268295 0.18292683	
2022-08-21-18:08:39-989 -0.8022461 0.2006836 -0.2758789 5.7317076 2.987805 0.6707317	
2022-08-21-18:08:39-993 -0.88964844 0.21875 -0.27294922 4.268293 30.914635 -0.79268295	
2022-08-21-18:08:39-997 -0.9428711 0.2055664 -0.2998047 0.91463417 28.292683 -0.73170733	
2022-08-21-18:08:40-001 -0.9614258 0.19970703 -0.32080078 2.804878 4.9390244 -0.12195122	
2022-08-21-18:08:40-007 -0.92529297 0.21679688 -0.34960938 3.6585367 -19.085367 -1.097561	
2022-08-21-18:08:40-013 -0.8564453 0.22753906 -0.34326172 -1.5243902 -21.158537 -2.0731707	
2022-08-21-18:08:40-018 -0.87060547 0.21728516 -0.3251953 -7.1341467 -2.8658538 -2.6219513	
2022-08-21-18:08:40-022 -0.9042969 0.2211914 -0.3095703 -2.195122 12.865854 -2.6219513	
2022-08-21-18:08:40-221 -0.9277344 0.2709961 -0.29541016 6.097561 16.82927 -0.5487805	
2022-08-21-18:08:40-227 -0.95214844 0.3779297 -0.30615234 15.182927 11.341464 6.585366	
2022-08-21-18:08:40-233 -0.96533203 0.5834961 -0.32861328 33.109756 -0.6097561 16.646341	
2022-08-21-18:08:40-236 -1.0507812 0.87109375 -0.49023438 16.890244 -6.646342 13.231708	
2022-08-21-18:08:40-241 -1.1464844 0.82177734 -0.46533203 -42.012196 -5.670732 -4.878049	
2022-08-21-18:08:40-245 -1.3066406 0.7866211 -0.5415039 -35.548782 -12.621951 -3.292683	
2022-08-21-18:08:40-248 -1.4140625 1.1098633 -0.56396484 -3.7195122 -16.646341 11.402439	
2022-08-21-18:08:40-254 -1.4858398 1.3789062 -0.60839844 -21.463415 -12.195122 25.792683	
2022-08-21-18:08:40-258 -1.3720703 1.4433594 -0.7294922 -33.780487 -43.90244 51.40244	
2022-08-21-18:08:40-263 -1.0585938 1.6152344 -0.7597656 -45.914635 -54.817074 79.20732	
2022-08-21-18:08:40-267 -0.9086914 1.8237305 -0.7324219 -70.30488 -36.52439 79.20732	
2022-08-21-18:08:40-273 -0.93896484 1.7456055 -0.7207031 -89.085365 -22.5 58.963417	
2022-08-21-18:08:40-278 -1.1010742 1.1870117 -0.73535156 -103.53659 -113.78049 50.487804	
2022-08-21-18:08:40-281 -1.230957 0.77734375 -0.8203125 -92.37805 -196.34146 64.756096	
2022-08-21-18:08:40-285 -1.2241211 0.42285156 -0.5498047 -68.53659 -201.09756 69.32927	
2022-08-21-18:08:40-289 -0.98291016 0.22851562 -0.125 -2.9268293 -186.64635 73.414635	
2022-08-21-18:08:40-578 -0.6425781 0.030273438 0.12060547 61.40244 -118.47561 72.439026	
2022-08-21-18:08:40-583 -0.6425781 0.049316406 0.3720703 107.07317 -40.670734 66.585365	
2022-08-21-18:08:40-588 -0.08642578 0.6459961 0.27392578 152.2561 27.439026 87.0122	
2022-08-21-18:08:40-594 0.01171875 1.4326172 0.01171875 96.64635 166.46342 27.5	
2022-08-21-18:08:40-599 -1.2480469 0.69873047 0.08496094 -26.219513 207.07318 -7.7439027	
2022-08-21-18:08:40-603 -1.5571289 0.45751953 0.27539062 -54.390244 112.56098 47.2561	
2022-08-21-18:08:40-613 -0.7050781 -0.49316406 0.0546875 -99.57317 -27.865854 123.84147	
2022-08-21-18:08:40-617 -0.17919922 -0.32177734 -0.083496094 -22.37805 -77.68293 102.37805	
2022-08-21-18:08:40-620 -0.0029296875 1.0019531 -0.22363281 58.23171 -75.426834 75.243904	
2022-08-21-18:08:40-624 0.4736328 0.68408203 -0.6323242 -60.243904 -86.82927 47.743904	
2022-08-21-18:08:40-628 0.33642578 0.2680664 -0.19677734 -46.707317 7.012195 25.487806	
2022-08-21-18:08:40-633 -0.15576172 0.90625 -0.40771484 10.487805 117.37805 22.804878	
2022-08-21-18:08:40-637 -0.6694336 0.8496094 -0.28320312 -17.865854 76.34147 -29.024391	
2022-08-21-18:08:40-642 -0.29736328 1.074707 -0.28515625 -10.97561 -39.512196 -31.036587	
2022-08-21-18:08:40-646 -0.19580078 0.69873047 -0.15722656 -11.829268 -30.792685 -28.780489	
2022-08-21-18:08:40-649 -0.53222656 0.8535156 -0.23046875 21.82927 61.09756 -36.036587	
2022-08-21-18:08:40-917 -0.9824219 0.99853516 -0.3330078 8.536586 74.69512 -60.975613	
2022-08-21-18:08:40-921 -0.84765625 0.7553711 -0.18457031 -44.512196 -7.256098 -53.90244	
2022-08-21-18:08:40-927 -0.85253906 0.26123047 0.025390625 -78.597565 -59.45122 -26.40244	
2022-08-21-18:08:40-931 -0.9765625 -0.16894531 0.55371094 -77.68293 -63.78049 -10.914635	
2022-08-21-18:08:40-935 -0.70654297 -0.22070312 0.484375 -13.231708 -74.45122 13.536586	
2022-08-21-18:08:40-942 -0.016601562 0.22460938 0.4428711 32.865856 -53.719513 28.353659	
2022-08-21-18:08:40-947 0.15527344 0.28466797 0.21435547 5.792683 3.1707318 35.42683	
2022-08-21-18:08:40-953 -0.13623047 -0.1665039 0.27978516 -56.82927 -1.0365853 12.195122	
2022-08-21-18:08:40-957 -0.3334961 -0.13330078 0.44091797 -74.20732 -68.71951 -24.207317	
2022-08-21-18:08:40-962 -0.59033203 0.07080078 0.7421875 -85.18293 -174.57318 -41.585365	
2022-08-21-18:08:40-967 -1.2817383 0.26171875 1.5 -89.5122 -198.17073 -56.40244	
2022-08-21-18:08:40-971 -0.74853516 2.7729492 0.47460938 133.35367 -167.37805 -23.536587	
2022-08-21-18:08:40-976 -0.15039062 0.76904297 0.47802734 -25.0 -84.39024 90.36585	
2022-08-21-18:08:40-982 -0.50146484 2.0385742 0.2602539 -48.109756 90.18293 -40.365856	
2022-08-21-18:08:40-986 -0.859375 1.7138672 -0.23144531 -75.48781 52.2561 5.182927	
2022-08-21-18:08:40-990 -0.0107421875 0.47314453 0.06542969 -197.62195 33.59756 -18.414635	
2022-08-21-18:08:41-234 -0.060546875 -0.088378906 -0.2163086 -168.2927 19.87805 11.646341	
2022-08-21-18:08:41-239 0.07714844 -0.34375 -0.18115234 -150.06097 87.5 12.743903	
2022-08-21-18:08:41-244 0.05810547 -0.50683594 -0.6098633 -150.91464 127.98781 -20.853659	
2022-08-21-18:08:41-248 0.19824219 -0.82373047 -0.42333984 -171.82927 36.219513 -45.670734	
2022-08-21-18:08:41-254 0.072265625 -0.9765625 -0.5576172 -154.57318 -49.268295 -21.707317	
2022-08-21-18:08:41-259 -0.028808594 -0.9472656 -0.39111328 -115.54878 -52.317074 13.231708	
2022-08-21-18:08:41-265 0.034179688 -0.796875 -0.33789062 -92.560974 20.060976 35.365856	
2022-08-21-18:08:41-269 -0.17626953 -0.6044922 -0.5209961 -93.96342 89.39024 49.7561	
2022-08-21-18:08:41-275 -0.85009766 -0.37597656 -0.59472656 -57.865856 163.65854 9.512196	
2022-08-21-18:08:41-279 -1.3374023 0.09423828 -0.75683594 6.9512196 221.82927 -53.59756	
2022-08-21-18:08:41-282 -1.7988281 0.75927734 -0.23486328 36.768295 248.23172 -103.29269	
2022-08-21-18:08:41-286 -2.3134766 0.75390625 -0.7397461 -31.463415 133.53659 -116.768295	
2022-08-21-18:08:41-290 -2.2631836 -0.029296875 -0.7495117 -117.80488 215.18294 -186.89024	
2022-08-21-18:08:41-295 -2.7636719 -0.6459961 -0.08544922 -70.48781 248.59756 -228.2927	
2022-08-21-18:08:41-299 -3.15625 -0.45751953 -0.33447266 17.37805 181.03659 -254.63416	
2022-08-21-18:08:41-304 -3.6308594 -0.54541016 -0.30566406 -8.658537 48.536587 -276.58536	
2022-08-21-18:08:41-543 -3.2597656 -0.5917969 0.030273438 -37.012196 -60.73171 -282.0122	
2022-08-21-18:08:41-545 -2.347168 -0.17871094 0.19384766 -50.975613 -45.73171 -306.89026	
2022-08-21-18:08:41-547 -2.4194336 -0.55615234 0.42382812 -131.40244 108.414635 -376.4634	
2022-08-21-18:08:41-549 -2.4555664 -0.77197266 0.17236328 -22.804878 78.65854 -255.0	
2022-08-21-18:08:41-553 -1.6630859 -0.3955078 0.23486328 -50.060978 -84.32927 -255.91464	
2022-08-21-18:08:41-555 -0.7573242 -0.14648438 0.46923828 -135.97562 -82.19512 -286.58536	
2022-08-21-18:08:41-559 -0.5371094 -0.09814453 0.6225586 -110.60976 49.69512 -227.13416	
2022-08-21-18:08:41-562 -0.7260742 -0.07519531 0.7993164 -67.19512 93.04878 -194.7561	
2022-08-21-18:08:41-564 -1.0009766 0.14355469 0.67871094 -8.658537 -44.45122 -151.34146	
2022-08-21-18:08:41-567 -0.85058594 0.115722656 0.55908203 13.170732 -143.04878 -82.31708	
2022-08-21-18:08:41-569 -0.6538086 -0.018066406 0.3671875 13.231708 -103.35366 -37.134148	
2022-08-21-18:08:41-573 -0.80859375 -0.119140625 0.1015625 17.682928 -38.109756 4.3292685	
2022-08-21-18:08:41-575 -0.91796875 -0.44970703 -0.08886719 6.9512196 18.841463 52.621952	
2022-08-21-18:08:41-576 -1.2270508 -0.94384766 -0.107421875 -16.341463 46.280487 71.585365	
2022-08-21-18:08:41-578 -1.0668945 -1.2236328 -0.8071289 -77.19512 151.15854 31.95122	
2022-08-21-18:08:41-579 -1.2319336 -1.6411133 -1.1601562 -130.30489 181.34146 -31.890245	
2022-08-21-18:08:41-716 0 0 0 0 0 1000	
2022-08-21-18:08:50-867 0 0 0 0 0 1000	
2022-08-21-18:08:51-066 -0.9121094 0.15429688 -0.35107422 7.6219516 13.353659 2.2560976	
2022-08-21-18:08:51-068 -0.93359375 0.19189453 -0.40478516 16.707317 -2.8658538 2.1341465	
2022-08-21-18:08:51-072 -0.9008789 0.20507812 -0.43017578 8.353659 -12.743903 -0.6097561	
2022-08-21-18:08:51-076 -0.87841797 0.1616211 -0.4140625 -9.634147 -8.231708 -3.4756098	
2022-08-21-18:08:51-079 -0.91503906 0.09814453 -0.40722656 -10.792684 3.6585367 -4.878049	
2022-08-21-18:08:51-081 -0.92871094 0.07714844 -0.41796875 5.7317076 11.341464 -4.085366	
2022-08-21-18:08:51-084 -0.95751953 0.115722656 -0.45703125 18.47561 8.536586 -2.987805	
2022-08-21-18:08:51-086 -0.96484375 0.1640625 -0.4267578 15.609756 0.73170733 -1.5853659	
2022-08-21-18:08:51-088 -0.95166016 0.17333984 -0.41503906 -0.5487805 -15.365854 -2.804878	
2022-08-21-18:08:51-091 -0.8911133 0.14111328 -0.33935547 -12.804878 -26.219513 -2.9268293	
2022-08-21-18:08:51-094 -0.87597656 0.095703125 -0.31103516 -10.670732 -26.280489 -2.0731707	
2022-08-21-18:08:51-097 -0.86083984 0.09375 -0.34472656 6.585366 -22.682928 -1.2804878	
2022-08-21-18:08:51-099 -0.8461914 0.123535156 -0.41259766 15.182927 -10.121951 -1.097561	
2022-08-21-18:08:51-102 -0.8754883 0.13671875 -0.43701172 3.8414636 5.182927 -2.4390244	
2022-08-21-18:08:51-105 -0.93066406 0.1430664 -0.3935547 1.097561 -1.2804878 -1.2195122	
2022-08-21-18:08:51-107 -0.89697266 0.16845703 -0.3959961 5.97561 -15.792684 1.5243902	
2022-08-21-18:08:51-426 -0.8144531 0.18945312 -0.39160156 1.8902439 -14.573171 0.0	
2022-08-21-18:08:51-431 -0.7915039 0.19042969 -0.35498047 -4.634146 6.3414636 0.9756098	
2022-08-21-18:08:51-438 -0.8510742 0.21044922 -0.33447266 5.0 18.658537 5.304878	
2022-08-21-18:08:51-441 -0.85498047 0.30419922 -0.34570312 26.82927 7.4390244 12.378049	
2022-08-21-18:08:51-445 -0.78222656 0.43310547 -0.4267578 32.378048 -5.8536587 18.231709	
2022-08-21-18:08:51-448 -0.7626953 0.5473633 -0.3984375 15.54878 -3.902439 19.817074	
2022-08-21-18:08:51-453 -0.83496094 0.6220703 -0.42578125 5.914634 -11.8902445 21.707317	
2022-08-21-18:08:51-457 -0.9111328 0.66015625 -0.49365234 -5.487805 -29.45122 18.841463	
2022-08-21-18:08:51-464 -0.9189453 0.69873047 -0.49853516 -10.792684 -16.707317 10.853659	
2022-08-21-18:08:51-470 -0.9819336 0.79003906 -0.45947266 10.0 24.939026 12.5	
2022-08-21-18:08:51-474 -1.1455078 1.1113281 -0.54052734 32.012196 16.707317 28.170732	
2022-08-21-18:08:51-478 -0.9326172 1.4272461 -0.5854492 11.219512 -45.914635 58.170734	
2022-08-21-18:08:51-481 -0.59521484 1.5571289 -0.6923828 -21.890244 -82.07317 75.0	
2022-08-21-18:08:51-485 -0.6386719 1.4140625 -0.69189453 -77.07317 -71.95122 50.670734	
2022-08-21-18:08:51-488 -1.1064453 0.92529297 -0.6513672 -169.45122 -47.317074 0.9756098	
2022-08-21-18:08:51-493 -1.2949219 0.39013672 -0.5151367 -219.0244 -0.06097561 -17.5	
2022-08-21-18:08:51-696 -1.1235352 0.34033203 -0.5024414 -199.45122 102.19512 -4.390244	
2022-08-21-18:08:51-701 -2.0332031 0.18408203 -0.14892578 -160.91464 168.2317 -7.3170733	
2022-08-21-18:08:51-706 -2.6259766 0.62158203 -0.26220703 -88.71951 -27.987806 39.512196	
2022-08-21-18:08:51-710 -1.8666992 0.8881836 -0.5649414 -112.86586 -327.07318 108.23171	
2022-08-21-18:08:51-714 -0.35498047 1.0375977 0.31201172 -124.81708 -350.91464 130.12195	
2022-08-21-18:08:51-718 0.036621094 2.2060547 0.5048828 -47.987804 -145.0 108.414635	
2022-08-21-18:08:51-721 -0.74560547 2.3046875 0.34814453 -41.09756 -83.414635 12.134147	
2022-08-21-18:08:51-727 -0.6166992 1.3100586 -0.20117188 -11.52439 -180.36586 23.04878	
2022-08-21-18:08:51-733 -0.87158203 0.7373047 -0.24023438 -1.5853659 -168.90245 34.69512	
2022-08-21-18:08:51-736 -1.2050781 0.38720703 -0.14697266 69.085365 -168.41464 92.621956	
2022-08-21-18:08:51-740 -0.62841797 0.23828125 -0.42236328 186.89024 -226.82927 102.2561	
2022-08-21-18:08:51-744 0.1953125 0.28222656 -1.2158203 195.67073 -211.95122 12.682927	
2022-08-21-18:08:51-748 -0.0107421875 -0.11767578 -0.4453125 33.414635 -32.92683 -43.23171	
2022-08-21-18:08:51-753 -0.36914062 -0.60839844 -0.41357422 -56.036587 136.5244 -44.146343	
2022-08-21-18:08:51-757 -0.67871094 -0.35888672 -0.076660156 66.64634 182.13416 23.04878	
2022-08-21-18:08:51-762 -1.0688477 0.9423828 -0.22265625 252.86586 79.5122 38.35366	
2022-08-21-18:08:52-012 -0.3515625 2.1811523 -0.2055664 45.975613 -19.268293 15.914635	
2022-08-21-18:08:52-016 -0.19970703 0.45458984 0.15429688 -110.30488 23.47561 -19.146341	
2022-08-21-18:08:52-020 -0.1796875 1.0244141 0.2265625 23.414635 58.536587 -13.963415	
2022-08-21-18:08:52-023 -0.5629883 0.51953125 0.22021484 -69.939026 100.06098 -31.40244	
2022-08-21-18:08:52-029 -0.7739258 0.27929688 0.56396484 -53.170734 58.048782 -31.890245	
2022-08-21-18:08:52-034 -0.5751953 -0.12109375 0.6152344 -59.939026 25.182928 -10.365854	
2022-08-21-18:08:52-039 -0.29003906 -0.28271484 0.38330078 -6.52439 37.19512 20.42683	
2022-08-21-18:08:52-042 -0.16064453 0.03466797 0.3100586 18.719513 66.768295 45.73171	
2022-08-21-18:08:52-046 -0.019042969 -0.18945312 0.34521484 -50.0 40.487804 49.32927	
2022-08-21-18:08:52-050 0.42089844 -0.64746094 0.3828125 -90.30488 -69.57317 25.0	
2022-08-21-18:08:52-053 0.45947266 -0.6308594 0.22607422 -104.32927 -180.0 -17.621952	
2022-08-21-18:08:52-058 0.28222656 -0.34228516 0.46728516 -140.67073 -157.62195 -8.719512	
2022-08-21-18:08:52-062 0.5805664 0.13232422 0.51660156 -136.21951 -23.47561 62.5	
2022-08-21-18:08:52-067 0.38964844 -0.45263672 0.40234375 -242.19513 59.634148 97.37805	
2022-08-21-18:08:52-071 -0.48779297 -1.1499023 -0.088378906 -312.68292 88.597565 23.536587	
2022-08-21-18:08:52-075 -1.140625 -1.6748047 0.42382812 -277.37805 129.51219 9.878049	
2022-08-21-18:08:52-345 -0.89208984 -0.72753906 -0.32373047 -77.439026 92.0122 -34.02439	
2022-08-21-18:08:52-349 -1.300293 -0.26708984 -0.33691406 -60.42683 141.82927 -71.82927	
2022-08-21-18:08:52-354 -1.9555664 -0.27929688 -0.24121094 -24.024391 208.04878 -127.31708	
2022-08-21-18:08:52-358 -1.9750977 0.24951172 -0.8623047 88.65854 222.62196 -179.87805	
2022-08-21-18:08:52-362 -1.9853516 0.96533203 -1.3540039 89.63415 206.46342 -204.20732	
2022-08-21-18:08:52-368 -2.1894531 0.6699219 -0.46972656 -25.97561 127.37805 -256.09756	
2022-08-21-18:08:52-373 -1.8579102 0.3696289 -0.07324219 -11.463415 36.82927 -239.14635	
2022-08-21-18:08:52-378 -1.668457 0.6230469 -0.34472656 0.36585367 72.560974 -220.42683	
2022-08-21-18:08:52-381 -1.4541016 0.55029297 0.39013672 -46.52439 148.04878 -232.13416	
2022-08-21-18:08:52-385 -1.8530273 0.4375 0.51220703 -191.09756 262.2561 -379.5122	
2022-08-21-18:08:52-389 -2.571289 0.19335938 0.9550781 -117.98781 227.80489 -237.5	
2022-08-21-18:08:52-396 -2.1728516 0.3618164 0.8286133 72.926834 -9.695122 -78.65854	
2022-08-21-18:08:52-401 -1.6821289 0.43359375 0.11816406 -43.841465 -25.609756 -180.60976	
2022-08-21-18:08:52-407 -1.6313477 0.38916016 0.11279297 -84.268295 85.060974 -187.98781	
2022-08-21-18:08:52-411 -2.0737305 0.28515625 -0.44482422 -50.365856 47.5 -95.243904	
2022-08-21-18:08:52-415 -2.4370117 -0.44091797 -0.4140625 -118.84147 -64.39024 -114.81708	
2022-08-21-18:08:52-641 -2.1699219 -1.0805664 -0.57128906 -168.04878 -131.03659 -186.64635	
2022-08-21-18:08:52-645 -2.0922852 -1.3808594 -0.45703125 -148.84146 -58.048782 -215.60976	
2022-08-21-18:08:52-648 -2.194336 -1.0380859 -0.4794922 -49.939026 -105.121956 -177.92683	
2022-08-21-18:08:52-652 -1.9589844 -0.4555664 -0.63183594 -15.243903 -209.63416 -166.21951	
2022-08-21-18:08:52-657 -1.4331055 -0.25683594 -0.8642578 -48.780487 -182.62195 -154.57318	
2022-08-21-18:08:52-663 -1.152832 -0.43701172 -0.7246094 -71.82927 -115.18293 -132.68292	
2022-08-21-18:08:52-667 -1.0151367 -0.453125 -0.3984375 -77.926834 -91.52439 -115.243904	
2022-08-21-18:08:52-671 -1.0087891 -0.2421875 -0.18115234 -50.365856 -104.451225 -62.621952	
2022-08-21-18:08:52-676 -0.51708984 -0.16503906 -0.07128906 -56.28049 -173.10976 -49.45122	
2022-08-21-18:08:52-680 0.08203125 -0.15332031 -0.07910156 -51.463417 -246.28049 -22.682928	
2022-08-21-18:08:52-685 0.3310547 -0.18945312 0.092285156 -37.317074 -212.86586 14.695123	
2022-08-21-18:08:52-688 0.21972656 -0.25341797 -0.05859375 -41.09756 -144.39024 21.768293	
2022-08-21-18:08:52-696 0.32861328 -0.30517578 -0.22167969 -37.2561 -132.92683 19.146341	
2022-08-21-18:08:52-703 0.49658203 -0.33984375 -0.25146484 11.402439 -139.39024 42.743904	
2022-08-21-18:08:52-708 0.2241211 -0.41210938 -0.22949219 38.048782 -99.39024 57.134148	
2022-08-21-18:08:52-711 -0.22363281 -0.6875 -0.36865234 30.42683 -55.0 52.5	
2022-08-21-18:08:52-863 0 0 0 0 0 1000	
