2022-08-21-18:07:19-895 0 0 0 0 0 1000	
2022-08-21-18:07:20-783 -0.17089844 0.08642578 -0.9345703 -0.6097561 -4.512195 -0.91463417	
2022-08-21-18:07:20-786 -0.17041016 0.08642578 -0.9350586 -0.5487805 -2.987805 -0.6707317	
2022-08-21-18:07:20-789 -0.17041016 0.083496094 -0.9428711 -0.6097561 -0.9756098 0.12195122	
2022-08-21-18:07:20-797 -0.17089844 0.099121094 -0.9472656 0.4878049 -0.24390244 0.06097561	
2022-08-21-18:07:20-802 -0.171875 0.092285156 -0.9604492 1.2195122 -0.06097561 -0.91463417	
2022-08-21-18:07:20-806 -0.17382812 0.09033203 -0.9633789 0.4878049 -1.3414634 -1.2195122	
2022-08-21-18:07:20-809 -0.17089844 0.08251953 -0.95214844 0.0 -2.2560976 -0.9756098	
2022-08-21-18:07:20-813 -0.17236328 0.08642578 -0.94677734 -1.2804878 -1.5243902 -0.36585367	
2022-08-21-18:07:20-816 -0.17236328 0.07421875 -0.9345703 -2.378049 -0.6707317 0.24390244	
2022-08-21-18:07:20-819 -0.16601562 0.07519531 -0.90283203 -4.268293 2.1341465 1.9512196	
2022-08-21-18:07:20-824 -0.16796875 0.0625 -0.88623047 -6.768293 8.292683 4.390244	
2022-08-21-18:07:20-827 -0.16015625 0.057617188 -0.8652344 -6.8292685 17.865854 7.7439027	
2022-08-21-18:07:20-831 -0.15820312 0.057128906 -0.84765625 -3.1707318 31.40244 12.926829	
2022-08-21-18:07:20-835 -0.17285156 0.076660156 -1.0185547 -4.9390244 42.2561 17.37805	
2022-08-21-18:07:20-838 -0.12060547 0.12646484 -1.0507812 -38.23171 8.292683 18.963415	
2022-08-21-18:07:20-842 -0.12695312 0.2163086 -1.0810547 -4.8170733 -0.91463417 8.902439	
2022-08-21-18:07:20-973 -0.119140625 0.1928711 -1.0537109 -10.121951 -1.0365853 -0.73170733	
2022-08-21-18:07:20-980 -0.13916016 0.17382812 -1.0185547 -17.37805 -0.4878049 -4.8170733	
2022-08-21-18:07:20-984 -0.1850586 0.33398438 -1.3222656 -19.45122 -8.902439 -12.012196	
2022-08-21-18:07:20-987 -0.18164062 0.24902344 -1.5102539 -33.719513 -81.34147 -38.35366	
2022-08-21-18:07:20-991 -0.23095703 0.3720703 -1.7768555 -42.865856 -135.18292 -46.82927	
2022-08-21-18:07:20-998 -0.26660156 0.7871094 -1.9702148 -56.585365 -204.45122 -72.80488	
2022-08-21-18:07:21-002 -0.41064453 0.28222656 -1.6376953 -5.609756 -241.03659 -105.85366	
2022-08-21-18:07:21-006 0.28027344 -1.984375 0.099121094 89.81708 -198.96342 -93.84147	
2022-08-21-18:07:21-009 1.5585938 -3.6489258 1.9863281 189.81708 -84.81708 106.951225	
2022-08-21-18:07:21-012 -1.1337891 -0.6899414 1.6860352 22.560976 11.52439 335.30487	
2022-08-21-18:07:21-015 0.16113281 2.2402344 0.81884766 -14.756098 164.2683 310.60977	
2022-08-21-18:07:21-018 0.2265625 2.489746 -1.1611328 130.67073 350.7927 54.817074	
2022-08-21-18:07:21-021 -0.30810547 -0.5205078 -5.061035 142.31708 274.81708 -82.86585	
2022-08-21-18:07:21-025 -0.2553711 -0.2944336 -3.394043 14.634147 -102.2561 39.207317	
2022-08-21-18:07:21-028 -0.10986328 0.5292969 -1.9716797 -10.54878 -252.43903 14.268293	
2022-08-21-18:07:21-031 -0.030761719 1.2324219 -2.0351562 56.707317 -279.7561 -15.853659	
2022-08-21-18:07:21-194 -0.17626953 2.2978516 -1.3857422 126.28049 -343.17075 -125.67074	
2022-08-21-18:07:21-197 -0.87841797 2.588379 -1.0253906 264.14636 -371.82928 -300.60977	
2022-08-21-18:07:21-200 -3.2636719 2.2734375 -2.2558594 253.10976 -357.86588 -430.73172	
2022-08-21-18:07:21-203 -3.8916016 -1.5083008 -3.1411133 696.5244 -437.8049 -177.37805	
2022-08-21-18:07:21-206 -0.4736328 2.7006836 -4.0195312 915.9147 -640.12195 684.0244	
2022-08-21-18:07:21-209 -1.1972656 3.5449219 -1.4311523 444.93903 -422.07318 794.5732	
2022-08-21-18:07:21-213 -1.7182617 0.9160156 -3.180664 -151.89024 -314.20734 26.585367	
2022-08-21-18:07:21-216 0.0703125 -0.29248047 -3.0356445 -201.09756 -165.06097 -226.82927	
2022-08-21-18:07:21-218 1.4335938 -0.3466797 -2.746582 -3.4146342 85.60976 -322.0122	
2022-08-21-18:07:21-221 2.2265625 0.7495117 -1.1640625 170.24391 211.89024 -208.90245	
2022-08-21-18:07:21-224 2.2695312 1.7905273 -0.32373047 183.71951 315.85367 -98.47561	
2022-08-21-18:07:21-227 2.055664 2.1152344 0.05419922 52.073174 353.59756 -11.402439	
2022-08-21-18:07:21-231 1.7944336 2.522461 -0.19873047 -77.86585 363.47562 103.414635	
2022-08-21-18:07:21-235 1.1689453 2.5297852 -0.57666016 -136.89024 396.70734 230.54878	
2022-08-21-18:07:21-238 0.35888672 2.9233398 -0.7104492 -182.07318 423.65854 296.64636	
2022-08-21-18:07:21-242 -0.17529297 2.5976562 -0.7290039 -289.14636 438.23172 268.65854	
2022-08-21-18:07:21-408 0.03857422 1.8168945 -0.41259766 -320.0 440.91464 256.4634	
2022-08-21-18:07:21-414 -1.7016602 0.7114258 -0.44189453 -407.98782 434.5122 360.97562	
2022-08-21-18:07:21-418 -3.7041016 -2.1503906 -1.6083984 -478.7195 334.5122 381.0366	
2022-08-21-18:07:21-424 -5.5185547 -4.630371 -2.149414 -300.67075 262.2561 260.60977	
2022-08-21-18:07:21-428 -15.654785 -5.0927734 -8.340332 315.7927 248.53659 -85.121956	
2022-08-21-18:07:21-435 3.4545898 -1.1220703 -6.0166016 1094.9391 82.31708 -169.0244	
2022-08-21-18:07:21-439 -0.7426758 9.765625E-4 -1.987793 -108.90244 -82.5 20.670732	
2022-08-21-18:07:21-443 -0.19384766 1.0019531 -1.7578125 -169.39024 -135.42683 26.95122	
2022-08-21-18:07:21-447 -0.234375 0.28271484 -0.8798828 48.170734 -178.04878 -96.03659	
2022-08-21-18:07:21-452 -0.2602539 -0.4345703 -0.91748047 5.914634 -152.31708 -38.59756	
2022-08-21-18:07:21-460 -0.2783203 0.43017578 -1.1518555 -49.7561 -146.28049 -10.670732	
2022-08-21-18:07:21-465 -0.3125 0.63134766 -1.3193359 -44.390244 -163.47562 -49.87805	
2022-08-21-18:07:21-468 -0.35498047 0.40283203 -1.5595703 33.719513 -198.10976 -84.57317	
2022-08-21-18:07:21-475 -0.3671875 0.421875 -1.7167969 67.0122 -248.65854 -93.29269	
2022-08-21-18:07:21-480 -0.5395508 0.46728516 -1.9160156 146.7683 -338.9634 -122.5	
2022-08-21-18:07:21-484 -0.82910156 0.66845703 -2.449707 224.45122 -402.92685 -150.36586	
2022-08-21-18:07:21-623 -0.9121094 1.2460938 -2.5185547 162.37805 -418.7805 -149.57318	
2022-08-21-18:07:21-627 -1.9448242 0.5361328 -1.7368164 91.28049 -470.48782 -205.7317	
2022-08-21-18:07:21-632 -0.80859375 0.08203125 0.29833984 128.84146 -326.15854 -248.2927	
2022-08-21-18:07:21-635 -0.93896484 0.70214844 -1.3852539 23.170732 -117.2561 -206.95122	
2022-08-21-18:07:21-643 -1.2788086 0.5180664 -0.90966797 24.024391 -2.0731707 -155.36586	
2022-08-21-18:07:21-646 -1.3901367 0.88671875 -1.0273438 57.134148 -31.158537 -145.67073	
2022-08-21-18:07:21-649 -1.7441406 0.796875 -2.0195312 66.34146 -87.31708 -170.48781	
2022-08-21-18:07:21-653 -2.084961 1.2202148 -3.2514648 166.70732 -167.92683 -178.71951	
2022-08-21-18:07:21-660 -1.28125 1.6269531 -4.210449 215.67073 -245.67073 -85.0	
2022-08-21-18:07:21-665 -0.08154297 2.1401367 -4.5161133 274.7561 -271.34146 94.451225	
2022-08-21-18:07:21-667 2.333496 2.161621 -1.8828125 227.13416 -205.30489 214.08537	
2022-08-21-18:07:21-673 3.0322266 1.2207031 -1.0180664 31.463415 2.0731707 241.03659	
2022-08-21-18:07:21-679 2.7680664 0.5419922 -0.2084961 18.170732 252.31708 242.07318	
2022-08-21-18:07:21-683 2.3579102 0.83203125 -0.28759766 21.524391 341.64636 230.7927	
2022-08-21-18:07:21-687 1.9589844 1.0576172 -0.98828125 -93.53659 477.37805 176.40245	
2022-08-21-18:07:21-691 1.3291016 0.40625 -2.0893555 -193.90245 599.87805 160.24391	
2022-08-21-18:07:21-880 0.57910156 0.111328125 -2.9672852 -180.36586 633.10974 240.42683	
2022-08-21-18:07:21-882 0.1586914 0.53564453 -3.4404297 -79.57317 616.3415 296.89026	
2022-08-21-18:07:21-884 -0.20458984 1.2773438 -3.5024414 -67.86585 620.4268 248.53659	
2022-08-21-18:07:21-887 -0.6196289 0.85839844 -3.90625 -134.63416 614.45123 103.597565	
2022-08-21-18:07:21-889 -1.5834961 1.0073242 -4.0722656 -120.36586 597.5 36.219513	
2022-08-21-18:07:21-893 -3.682129 1.6958008 -3.8017578 -253.10976 525.061 23.353659	
2022-08-21-18:07:21-896 -5.2124023 0.034179688 -3.3618164 -340.67075 415.60977 55.609756	
2022-08-21-18:07:21-899 -8.373535 -2.0942383 -3.0688477 -220.97562 217.56097 96.15854	
2022-08-21-18:07:21-901 -7.5317383 -2.1674805 -0.7910156 187.2561 -67.439026 12.073171	
2022-08-21-18:07:21-910 -12.40918 -4.9335938 -0.94921875 447.98782 -268.10977 13.536586	
2022-08-21-18:07:21-913 0.27441406 -0.100097656 -6.1762695 547.37805 -479.39026 22.621952	
2022-08-21-18:07:21-921 -0.390625 -0.28271484 -0.9404297 20.792683 -92.2561 3.7804878	
2022-08-21-18:07:21-925 -0.17626953 0.21435547 -1.0761719 -3.3536587 -66.82927 19.390244	
2022-08-21-18:07:21-927 -0.26171875 -0.0043945312 -1.1606445 -20.54878 -60.670734 26.646341	
2022-08-21-18:07:21-929 -0.12988281 0.34277344 -1.4370117 5.914634 -122.56098 53.963417	
2022-08-21-18:07:21-933 -0.18945312 0.23779297 -1.1474609 -30.54878 -137.31708 25.97561	
2022-08-21-18:07:22-030 0 0 0 0 0 1000	
2022-08-21-18:07:29-567 0 0 0 0 0 1000	
2022-08-21-18:07:29-713 -0.26953125 0.20019531 -0.91796875 -1.5243902 4.634146 1.097561	
2022-08-21-18:07:29-715 -0.27392578 0.20751953 -0.9213867 -1.0365853 3.8414636 2.0731707	
2022-08-21-18:07:29-718 -0.2705078 0.22167969 -0.92285156 -0.6707317 2.6219513 1.7682927	
2022-08-21-18:07:29-720 -0.26953125 0.21044922 -0.9116211 -0.6097561 2.012195 0.79268295	
2022-08-21-18:07:29-723 -0.27294922 0.21191406 -0.90966797 -1.4634147 2.012195 0.9756098	
2022-08-21-18:07:29-725 -0.265625 0.22021484 -0.9145508 -1.7073171 1.9512196 0.24390244	
2022-08-21-18:07:29-728 -0.2709961 0.20898438 -0.9121094 -1.2195122 1.7682927 -0.24390244	
2022-08-21-18:07:29-732 -0.27148438 0.2133789 -0.92333984 -1.2195122 1.3414634 0.06097561	
2022-08-21-18:07:29-735 -0.26757812 0.2265625 -0.94189453 1.7073171 0.73170733 -0.42682928	
2022-08-21-18:07:29-737 -0.26953125 0.25048828 -0.9589844 5.7317076 -1.8902439 -3.6585367	
2022-08-21-18:07:29-740 -0.26953125 0.2133789 -0.97314453 6.9512196 -7.682927 -6.4634147	
2022-08-21-18:07:29-744 -0.2788086 0.21875 -0.9736328 8.719512 -13.719513 -7.865854	
2022-08-21-18:07:29-746 -0.28222656 0.20166016 -0.92285156 9.329268 -17.682928 -8.353659	
2022-08-21-18:07:29-748 -0.28759766 0.19580078 -0.89697266 8.04878 -17.865854 -7.987805	
2022-08-21-18:07:29-751 -0.2915039 0.1821289 -0.87109375 6.646342 -15.731708 -6.9512196	
2022-08-21-18:07:29-754 -0.29492188 0.18261719 -0.87939453 5.304878 -12.682927 -5.8536587	
2022-08-21-18:07:30-066 -0.2993164 0.1821289 -0.8852539 4.390244 -10.54878 -4.9390244	
2022-08-21-18:07:30-072 -0.30517578 0.18652344 -0.90771484 2.8658538 -9.878049 -4.268293	
2022-08-21-18:07:30-077 -0.31054688 0.1875 -0.92041016 3.6585367 -10.365854 -3.9634147	
2022-08-21-18:07:30-080 -0.31103516 0.18115234 -0.9135742 4.6951222 -12.012196 -4.390244	
2022-08-21-18:07:30-085 -0.31445312 0.17578125 -0.9008789 4.512195 -13.719513 -4.512195	
2022-08-21-18:07:30-088 -0.3178711 0.17333984 -0.875 3.5365853 -13.292684 -3.5975611	
2022-08-21-18:07:30-093 -0.31982422 0.1538086 -0.8564453 1.5243902 -11.52439 -2.317073	
2022-08-21-18:07:30-098 -0.3154297 0.13671875 -0.84033203 0.42682928 -9.939025 -0.9756098	
2022-08-21-18:07:30-102 -0.31689453 0.10595703 -0.8125 -5.182927 -5.609756 4.085366	
2022-08-21-18:07:30-107 -0.32763672 0.1430664 -0.8232422 -16.768293 -0.6707317 10.853659	
2022-08-21-18:07:30-111 -0.33007812 0.20800781 -0.84277344 -24.390244 5.4268293 13.04878	
2022-08-21-18:07:30-115 -0.3334961 0.2421875 -0.9160156 -22.92683 10.487805 11.097561	
2022-08-21-18:07:30-123 -0.33251953 0.36572266 -1.0151367 -16.646341 8.292683 5.365854	
2022-08-21-18:07:30-128 -0.32958984 0.4008789 -1.1206055 -12.621951 -6.2195125 -12.804878	
2022-08-21-18:07:30-132 -0.37646484 0.44482422 -1.2382812 -10.487805 -31.524391 -30.54878	
2022-08-21-18:07:30-136 -0.35107422 0.44384766 -1.2060547 2.6219513 -61.09756 -53.414635	
2022-08-21-18:07:30-478 -0.25097656 -0.033203125 -0.8798828 19.695122 -79.939026 -63.35366	
2022-08-21-18:07:30-482 -0.37597656 -0.27441406 -0.35791016 20.42683 -65.0 -29.756098	
2022-08-21-18:07:30-486 -0.26416016 -0.38427734 0.20654297 6.4634147 -9.02439 12.012196	
2022-08-21-18:07:30-489 -0.33007812 -0.30371094 0.043945312 -6.3414636 78.414635 63.23171	
2022-08-21-18:07:30-493 -0.1899414 0.47265625 -0.21142578 44.085365 147.07318 72.621956	
2022-08-21-18:07:30-498 -0.1459961 0.28173828 -0.8798828 136.03659 201.58537 21.585367	
2022-08-21-18:07:30-502 -0.1796875 0.053222656 -1.7421875 123.84147 192.07318 12.012196	
2022-08-21-18:07:30-508 -0.2446289 0.2265625 -2.599121 39.32927 106.03659 26.341463	
2022-08-21-18:07:30-512 -0.18652344 0.028808594 -1.7177734 16.40244 -16.82927 18.719513	
2022-08-21-18:07:30-516 -0.19384766 0.14794922 -1.390625 -7.4390244 -73.71951 9.085366	
2022-08-21-18:07:30-520 -0.21435547 0.33544922 -1.6601562 20.365854 -113.597565 3.3536587	
2022-08-21-18:07:30-524 -0.3310547 1.2905273 -1.9833984 30.54878 -167.80489 -30.0	
2022-08-21-18:07:30-527 -0.49658203 2.180664 -1.828125 41.95122 -252.07318 -155.54878	
2022-08-21-18:07:30-533 -1.675293 3.480957 -1.1391602 211.58537 -251.5244 -328.65854	
2022-08-21-18:07:30-545 -3.2836914 0.7919922 -1.5981445 103.17073 -254.45123 -520.0	
2022-08-21-18:07:30-550 -3.9262695 -2.4345703 -4.4609375 583.1707 -458.59756 -239.2683	
2022-08-21-18:07:30-698 -1.2641602 0.96777344 -4.6743164 941.3415 -696.2805 517.13416	
2022-08-21-18:07:30-703 -0.6796875 3.440918 -2.5478516 684.20734 -584.6951 835.6708	
2022-08-21-18:07:30-707 -2.2368164 2.7607422 -2.850586 -96.46342 -381.95123 156.70732	
2022-08-21-18:07:30-711 -0.35205078 -0.20410156 -3.390625 -304.69513 -109.268295 -203.78049	
2022-08-21-18:07:30-717 0.6723633 -1.3666992 -2.444336 1.402439 -48.35366 -140.0	
2022-08-21-18:07:30-721 1.9018555 1.125 -1.0854492 386.4634 -28.780489 11.95122	
2022-08-21-18:07:30-726 2.7294922 2.0854492 -0.19628906 298.9634 106.46342 5.7317076	
2022-08-21-18:07:30-731 3.1044922 2.0161133 0.107910156 136.09756 282.98782 -109.939026	
2022-08-21-18:07:30-736 3.097168 1.9428711 0.31298828 93.71951 428.7195 -149.14635	
2022-08-21-18:07:30-740 1.8442383 2.6347656 0.11425781 26.768293 485.24393 -57.439026	
2022-08-21-18:07:30-747 0.93310547 3.2768555 0.123535156 -151.15854 402.13416 153.53659	
2022-08-21-18:07:30-750 0.76660156 2.5205078 -0.22460938 -297.7439 341.40244 323.7195	
2022-08-21-18:07:30-754 1.0634766 1.9980469 -0.10644531 -297.37805 342.86588 436.09756	
2022-08-21-18:07:30-757 0.27783203 1.9594727 -0.106933594 -298.90244 391.5854 496.95123	
2022-08-21-18:07:30-761 -0.7397461 1.7924805 -0.3959961 -333.59756 411.4634 495.18295	
2022-08-21-18:07:30-765 -3.0976562 -0.56347656 -1.6005859 -449.2683 403.0488 345.5488	
2022-08-21-18:07:30-974 -5.15625 -3.4145508 -2.0639648 -324.57318 365.12195 148.29268	
2022-08-21-18:07:30-978 -13.100586 -1.6552734 -3.371582 -64.939026 311.5854 -63.23171	
2022-08-21-18:07:30-983 4.3115234 0.7548828 -6.2128906 1373.4756 466.5244 -172.80489	
2022-08-21-18:07:30-987 -0.8886719 -0.68066406 -3.7734375 52.134148 -94.268295 -16.82927	
2022-08-21-18:07:30-991 -0.31201172 0.9267578 -2.5214844 -133.65854 -143.84146 85.60976	
2022-08-21-18:07:30-996 -0.19824219 0.7651367 -0.6508789 49.32927 -222.43903 -77.80488	
2022-08-21-18:07:31-000 -0.2109375 -0.23828125 -0.6977539 14.817074 -171.03659 -59.7561	
2022-08-21-18:07:31-005 -0.31982422 0.091796875 -1.078125 -20.792683 -156.40244 -16.707317	
2022-08-21-18:07:31-008 -0.3256836 0.44628906 -1.2441406 -9.45122 -166.5244 -31.463415	
2022-08-21-18:07:31-012 -0.4169922 0.59765625 -1.7148438 22.134148 -192.37805 -64.939026	
2022-08-21-18:07:31-015 -0.37109375 0.4790039 -1.777832 75.97561 -249.69513 -109.20732	
2022-08-21-18:07:31-018 -0.5620117 0.26220703 -1.8813477 219.93903 -348.65854 -144.51219	
2022-08-21-18:07:31-021 -0.9838867 0.8261719 -2.7226562 283.41464 -380.85367 -154.51219	
2022-08-21-18:07:31-025 -1.0336914 1.1118164 -2.0698242 198.41464 -403.23172 -149.63416	
2022-08-21-18:07:31-029 -1.3549805 1.2319336 -1.1313477 123.47561 -430.06097 -232.07318	
2022-08-21-18:07:31-033 -1.3779297 0.4868164 0.7890625 94.63415 -314.87805 -265.2439	
2022-08-21-18:07:31-288 -0.73535156 -0.040039062 -0.89501953 -12.865854 -59.7561 -139.32927	
2022-08-21-18:07:31-296 -1.421875 0.34960938 -1.1264648 73.53659 54.268295 -56.09756	
2022-08-21-18:07:31-304 -1.840332 0.73339844 -1.6625977 140.54878 41.15854 -61.646343	
2022-08-21-18:07:31-309 -2.0947266 1.2456055 -2.7519531 271.7683 -31.82927 -84.02439	
2022-08-21-18:07:31-314 -1.8330078 1.6171875 -4.123047 254.0244 -173.71951 -28.658537	
2022-08-21-18:07:31-317 -0.37158203 1.6923828 -4.3896484 241.21951 -274.02438 115.79269	
2022-08-21-18:07:31-320 1.6889648 2.0351562 -2.7958984 228.10976 -241.03659 217.74391	
2022-08-21-18:07:31-326 2.4570312 1.3305664 -1.6230469 59.573174 -43.292683 222.56097	
2022-08-21-18:07:31-333 2.5239258 0.3930664 -0.47607422 -1.4634147 161.46342 198.90245	
2022-08-21-18:07:31-337 2.2109375 1.0322266 -0.265625 -15.121951 320.67075 164.87805	
2022-08-21-18:07:31-341 1.8476562 1.1953125 -1.2373047 -143.84146 459.20734 125.97562	
2022-08-21-18:07:31-345 1.1435547 0.86328125 -2.4658203 -218.71951 577.439 155.54878	
2022-08-21-18:07:31-349 0.50097656 0.9042969 -2.9868164 -199.5122 601.0366 251.28049	
2022-08-21-18:07:31-354 -0.07080078 1.2304688 -3.331543 -153.90244 577.0732 311.34146	
2022-08-21-18:07:31-360 -0.3256836 1.309082 -3.3642578 -165.7317 552.3171 216.46342	
2022-08-21-18:07:31-368 -0.23388672 0.28857422 -3.5263672 -184.63416 541.95123 65.0	
2022-08-21-18:07:31-647 -1.4165039 0.2836914 -3.2802734 -186.89024 487.2561 -18.780489	
2022-08-21-18:07:31-649 -3.5263672 0.42578125 -3.1171875 -280.06097 278.10977 -48.414635	
2022-08-21-18:07:31-653 -5.5043945 -0.40673828 -2.7695312 -382.0122 59.45122 -7.6219516	
2022-08-21-18:07:31-656 -6.3320312 -2.1118164 -0.51416016 -261.15854 -30.731709 72.13415	
2022-08-21-18:07:31-658 -5.720215 -2.4204102 1.0620117 -20.670732 -83.597565 119.5122	
2022-08-21-18:07:31-664 -4.7685547 -1.9614258 1.4458008 43.841465 -136.28049 146.5244	
2022-08-21-18:07:31-667 -12.807129 -7.3007812 0.53027344 415.60977 -78.96342 -119.39024	
2022-08-21-18:07:31-669 2.0151367 -0.5800781 -9.07666 1348.6586 327.37805 -100.67073	
2022-08-21-18:07:31-673 -0.4741211 -0.47851562 -1.3789062 -102.926834 -106.097565 20.914635	
2022-08-21-18:07:31-676 -0.3330078 0.13183594 -0.27929688 -63.109756 -37.80488 25.060976	
2022-08-21-18:07:31-678 -0.072265625 0.18701172 -0.97998047 -7.1341467 -17.317074 2.4390244	
2022-08-21-18:07:31-680 -0.19091797 -0.1352539 -0.9580078 -27.987806 -7.865854 3.9634147	
2022-08-21-18:07:31-682 -0.19873047 0.26220703 -1.4355469 -55.73171 -28.47561 19.146341	
2022-08-21-18:07:31-684 -0.15478516 0.46240234 -1.690918 -59.45122 -96.34147 -6.585366	
2022-08-21-18:07:31-686 -0.2084961 0.31298828 -1.3056641 -51.28049 -137.07318 -39.207317	
2022-08-21-18:07:31-688 -0.17236328 0.15576172 -1.1230469 -56.95122 -143.84146 -51.09756	
2022-08-21-18:07:31-695 0 0 0 0 0 1000	
2022-08-21-18:07:39-057 0 0 0 0 0 1000	
2022-08-21-18:07:39-254 -0.20751953 0.11669922 -0.9589844 -1.8292683 -1.7682927 -0.42682928	
2022-08-21-18:07:39-257 -0.20898438 0.12011719 -0.94921875 -1.6463414 -3.1097562 -0.6097561	
2022-08-21-18:07:39-260 -0.21142578 0.11621094 -0.93652344 -1.0365853 -2.8658538 -0.85365856	
2022-08-21-18:07:39-263 -0.21142578 0.122558594 -0.9453125 -1.2804878 -2.0731707 -0.6707317	
2022-08-21-18:07:39-267 -0.21191406 0.123046875 -0.95458984 -0.9756098 -2.5 -1.2195122	
2022-08-21-18:07:39-270 -0.21728516 0.122558594 -0.9560547 -0.6097561 -3.7804878 -1.7682927	
2022-08-21-18:07:39-275 -0.2133789 0.1171875 -0.953125 -1.5853659 -5.2439027 -2.012195	
2022-08-21-18:07:39-277 -0.21728516 0.11328125 -0.9482422 -1.8292683 -6.158537 -1.5243902	
2022-08-21-18:07:39-280 -0.22070312 0.12792969 -0.94677734 -1.4634147 -7.1341467 -1.5853659	
2022-08-21-18:07:39-282 -0.2211914 0.13574219 -0.9584961 -1.402439 -8.170732 -2.6219513	
2022-08-21-18:07:39-285 -0.2241211 0.12792969 -0.96240234 -1.7073171 -8.963415 -3.292683	
2022-08-21-18:07:39-287 -0.22363281 0.122558594 -0.9580078 -1.8902439 -11.463415 -4.02439	
2022-08-21-18:07:39-290 -0.23388672 0.111816406 -0.95214844 -2.2560976 -13.231708 -3.8414636	
2022-08-21-18:07:39-293 -0.23388672 0.13134766 -0.93847656 -1.5853659 -14.207317 -3.7195122	
2022-08-21-18:07:39-298 -0.24121094 0.12597656 -0.9472656 -0.4878049 -14.695123 -4.390244	
2022-08-21-18:07:39-300 -0.24365234 0.11230469 -0.9404297 2.012195 -14.939025 -4.5731707	
2022-08-21-18:07:39-633 -0.24951172 0.10839844 -0.90527344 4.2073174 -13.902439 -3.5365853	
2022-08-21-18:07:39-638 -0.2553711 0.10986328 -0.8798828 4.2073174 -10.0 -2.2560976	
2022-08-21-18:07:39-642 -0.2553711 0.10253906 -0.86621094 1.7073171 -4.634146 -1.7073171	
2022-08-21-18:07:39-646 -0.25634766 0.104003906 -0.890625 0.42682928 0.6097561 -0.4878049	
2022-08-21-18:07:39-649 -0.2524414 0.099609375 -0.90478516 -0.4878049 4.085366 0.6097561	
2022-08-21-18:07:39-653 -0.25 0.095214844 -0.8964844 -2.195122 7.1341467 2.682927	
2022-08-21-18:07:39-657 -0.24707031 0.096191406 -0.87402344 -3.0487804 12.134147 5.2439027	
2022-08-21-18:07:39-660 -0.23583984 0.087890625 -0.8354492 -2.1341465 19.45122 7.4390244	
2022-08-21-18:07:39-667 -0.22607422 0.07519531 -0.79833984 0.06097561 31.768293 11.036586	
2022-08-21-18:07:39-672 -0.203125 0.07324219 -0.7519531 5.487805 49.02439 15.6707325	
2022-08-21-18:07:39-677 -0.18945312 0.076660156 -0.77685547 15.060976 72.07317 20.54878	
2022-08-21-18:07:39-680 -0.1694336 0.10595703 -0.921875 19.512196 90.0 23.170732	
2022-08-21-18:07:39-685 -0.23046875 0.13720703 -1.6850586 10.97561 68.23171 22.37805	
2022-08-21-18:07:39-689 -0.08642578 0.2705078 -1.1889648 -10.0 1.3414634 16.158537	
2022-08-21-18:07:39-694 -0.10449219 0.25390625 -1.1386719 8.597561 0.24390244 -4.085366	
2022-08-21-18:07:39-698 -0.17041016 0.18164062 -1.1855469 28.90244 -10.060976 -16.646341	
2022-08-21-18:07:39-884 -0.16601562 0.30908203 -1.4897461 7.012195 -71.21951 -35.42683	
2022-08-21-18:07:39-888 -0.09472656 0.24902344 -1.3276367 16.09756 -116.89024 -56.15854	
2022-08-21-18:07:39-892 -0.24853516 -0.6738281 -0.21582031 39.085365 -106.768295 -38.780487	
2022-08-21-18:07:39-897 -0.14794922 -0.38183594 0.20166016 9.634147 -31.219513 23.353659	
2022-08-21-18:07:39-900 -0.20507812 0.060058594 0.028320312 15.6707325 72.256096 44.817074	
2022-08-21-18:07:39-905 -0.123046875 0.5883789 -0.99853516 36.768295 157.86586 16.219513	
2022-08-21-18:07:39-909 -0.13574219 -0.3564453 -2.1210938 -12.073171 53.048782 5.487805	
2022-08-21-18:07:39-913 -0.14355469 0.22167969 -1.3911133 -22.560976 16.82927 21.768293	
2022-08-21-18:07:39-917 -0.14550781 0.27441406 -0.99902344 -2.804878 1.0365853 2.804878	
2022-08-21-18:07:39-921 -0.15283203 0.05517578 -1.2250977 6.3414636 -0.24390244 -6.097561	
2022-08-21-18:07:39-925 -0.2524414 0.3310547 -1.8969727 86.21951 -27.5 10.365854	
2022-08-21-18:07:39-929 -0.29345703 1.0004883 -2.4179688 55.792683 -168.17073 -32.2561	
2022-08-21-18:07:39-934 -0.69140625 2.4760742 -2.4208984 105.48781 -251.21951 -137.5	
2022-08-21-18:07:39-939 -1.7353516 3.3984375 -0.7739258 152.92683 -270.60977 -343.7195	
2022-08-21-18:07:39-945 -3.5019531 0.046875 -1.6777344 76.03659 -277.31708 -536.2805	
2022-08-21-18:07:39-950 -4.061035 -2.102539 -4.435547 603.47565 -448.65854 -201.58537	
2022-08-21-18:07:40-204 -1.5766602 1.3256836 -4.623535 831.5244 -661.21954 471.46344	
2022-08-21-18:07:40-209 0.07861328 0.9628906 -3.5708008 824.2683 -702.37805 754.0854	
2022-08-21-18:07:40-214 -0.7114258 2.7558594 -2.1445312 564.39026 -435.85367 702.62195	
2022-08-21-18:07:40-218 -1.0263672 1.0112305 -2.7895508 -81.21951 -309.45123 -13.780488	
2022-08-21-18:07:40-222 1.1225586 -0.76416016 -2.4868164 -129.39024 -116.03659 -336.0366	
2022-08-21-18:07:40-227 1.8701172 -1.1152344 -1.7602539 82.07317 75.54878 -218.53659	
2022-08-21-18:07:40-231 1.9052734 0.8959961 -0.9682617 321.64636 202.19513 -11.768293	
2022-08-21-18:07:40-237 1.894043 2.005371 -0.30322266 199.45122 266.34146 81.64635	
2022-08-21-18:07:40-241 1.878418 1.8662109 -0.29492188 25.182928 303.41464 106.64635	
2022-08-21-18:07:40-245 1.8500977 1.9179688 -0.43359375 -32.378048 359.39026 135.60976	
2022-08-21-18:07:40-248 1.3105469 2.1230469 -0.44091797 -84.81708 414.81708 192.13416	
2022-08-21-18:07:40-252 0.89990234 1.9916992 -0.21142578 -154.63416 397.68292 255.12196	
2022-08-21-18:07:40-256 1.359375 1.9267578 0.2084961 -214.0244 364.0854 303.7805	
2022-08-21-18:07:40-260 0.33789062 1.753418 0.17236328 -276.58536 394.2683 347.62195	
2022-08-21-18:07:40-268 -1.8618164 0.93652344 -0.30908203 -325.48782 420.85367 368.0488	
2022-08-21-18:07:40-272 -4.6157227 -0.51220703 -0.61572266 -320.73172 378.9634 326.70734	
2022-08-21-18:07:40-514 -5.9750977 -2.0517578 -0.8535156 -298.5366 223.84146 182.2561	
2022-08-21-18:07:40-519 -11.797852 0.2866211 -1.7368164 -95.48781 100.914635 33.17073	
2022-08-21-18:07:40-523 2.9365234 0.05859375 -2.9194336 850.36584 377.37805 -105.85366	
2022-08-21-18:07:40-530 -1.597168 -1.3764648 -6.411621 661.7683 36.036587 -117.80488	
2022-08-21-18:07:40-537 -0.23144531 -0.1899414 -1.8823242 -129.45122 -60.914635 49.512196	
2022-08-21-18:07:40-542 -0.16455078 0.9140625 -1.4326172 -24.32927 -207.19513 -8.536586	
2022-08-21-18:07:40-546 -0.17773438 0.23242188 -0.98291016 -26.890245 -192.0122 -72.926834	
2022-08-21-18:07:40-550 -0.2709961 0.27197266 -0.9243164 -68.78049 -179.57318 -49.207317	
2022-08-21-18:07:40-554 -0.32714844 0.7348633 -1.1958008 -49.32927 -193.04878 -74.63415	
2022-08-21-18:07:40-558 -0.36132812 0.66503906 -1.6347656 0.9756098 -204.14635 -131.03659	
2022-08-21-18:07:40-562 -0.42285156 0.59472656 -1.9462891 110.67073 -275.7927 -166.64635	
2022-08-21-18:07:40-568 -0.7836914 0.6694336 -2.5302734 190.7317 -385.5488 -193.2317	
2022-08-21-18:07:40-572 -0.92626953 0.8691406 -3.2797852 150.06097 -432.19513 -185.24391	
2022-08-21-18:07:40-576 -1.703125 0.4638672 -2.1582031 80.426834 -455.73172 -187.37805	
2022-08-21-18:07:40-579 -0.61328125 0.9682617 -0.5019531 83.90244 -427.56097 -290.36588	
2022-08-21-18:07:40-586 -0.80322266 0.5703125 -0.9819336 105.60976 -282.07318 -271.7683	
2022-08-21-18:07:40-830 -0.9370117 0.34521484 -1.0048828 179.39024 -21.95122 -67.743904	
2022-08-21-18:07:40-836 -1.3320312 1.1025391 -1.6655273 245.42683 -30.792685 15.54878	
2022-08-21-18:07:40-841 -1.3798828 1.375 -2.159668 204.7561 -114.69512 54.573174	
2022-08-21-18:07:40-845 -1.5600586 1.6904297 -3.3955078 104.39024 -247.80489 46.52439	
2022-08-21-18:07:40-848 -0.67041016 1.2353516 -4.317871 35.792683 -360.67075 9.02439	
2022-08-21-18:07:40-852 0.9013672 0.8120117 -3.7392578 139.20732 -297.68292 2.2560976	
2022-08-21-18:07:40-856 1.9458008 1.628418 -2.0761719 172.92683 -52.317074 28.719513	
2022-08-21-18:07:40-860 2.1669922 1.1049805 -0.9892578 2.5 132.43903 11.95122	
2022-08-21-18:07:40-866 2.0336914 0.49023438 -0.5654297 -49.207317 293.41464 40.30488	
2022-08-21-18:07:40-870 1.890625 0.7631836 -0.60302734 -27.743902 349.5122 68.04878	
2022-08-21-18:07:40-877 1.6157227 1.6044922 -1.0454102 -62.92683 469.93903 107.743904	
2022-08-21-18:07:40-881 0.9765625 1.3886719 -1.8413086 -186.5244 564.39026 136.7683	
2022-08-21-18:07:40-885 0.28076172 1.0473633 -2.5634766 -225.73172 577.62195 185.06097	
2022-08-21-18:07:40-888 0.118652344 1.0009766 -3.0131836 -206.70732 552.62195 246.09756	
2022-08-21-18:07:40-893 -0.26123047 1.0009766 -3.1860352 -196.03659 543.47565 292.68292	
2022-08-21-18:07:40-899 -0.6333008 1.0722656 -3.1845703 -239.69513 508.41464 244.39024	
2022-08-21-18:07:41-144 -1.300293 -0.005859375 -3.8730469 -310.42685 476.09756 112.56098	
2022-08-21-18:07:41-147 -2.7211914 -0.10205078 -3.758789 -218.59756 435.60977 95.48781	
2022-08-21-18:07:41-155 -5.927246 0.24121094 -3.0976562 -245.24391 296.95123 26.890245	
2022-08-21-18:07:41-159 -6.180176 -1.2392578 -1.1806641 -259.02438 155.60976 -39.512196	
2022-08-21-18:07:41-165 -6.376953 -1.8540039 0.40820312 -102.439026 -15.365854 37.80488	
2022-08-21-18:07:41-174 -9.535645 -2.5776367 -1.2988281 71.15854 -459.57318 144.32927	
2022-08-21-18:07:41-181 -8.473145 -0.9404297 -4.7177734 1621.7074 168.2317 -145.12195	
2022-08-21-18:07:41-183 0.3466797 -0.93310547 -2.2089844 70.18293 -68.29269 -8.841464	
2022-08-21-18:07:41-185 -0.21044922 0.17773438 -0.31445312 -76.40244 -78.597565 12.317074	
2022-08-21-18:07:41-186 -0.140625 0.28271484 -1.2246094 -48.35366 -44.573174 19.634148	
2022-08-21-18:07:41-188 -0.26123047 0.118652344 -1.262207 -70.121956 -81.03659 11.8902445	
2022-08-21-18:07:41-191 -0.18164062 0.27490234 -1.0673828 -38.170734 -101.097565 -6.402439	
2022-08-21-18:07:41-194 -0.21582031 0.30664062 -1.1303711 -40.73171 -87.80488 -16.40244	
2022-08-21-18:07:41-198 -0.2866211 0.26708984 -1.434082 -49.512196 -88.17073 -31.036587	
2022-08-21-18:07:41-199 -0.21679688 0.4921875 -1.7207031 -92.13415 -144.69513 -45.243904	
2022-08-21-18:07:41-201 -0.12792969 0.3720703 -1.2236328 -91.585365 -214.45122 -70.67073	
2022-08-21-18:07:41-283 0 0 0 0 0 1000	
2022-08-21-18:07:49-291 0 0 0 0 0 1000	
2022-08-21-18:07:49-422 -0.23144531 0.14453125 -0.93847656 0.5487805 3.4146342 0.42682928	
2022-08-21-18:07:49-425 -0.23242188 0.1508789 -0.953125 1.1585366 2.682927 -0.42682928	
2022-08-21-18:07:49-432 -0.23144531 0.1430664 -0.9814453 1.6463414 0.12195122 -1.4634147	
2022-08-21-18:07:49-435 -0.23291016 0.14990234 -0.9785156 2.7439024 -3.6585367 -1.9512196	
2022-08-21-18:07:49-438 -0.23632812 0.14697266 -0.96484375 2.9268293 -7.0731707 -3.1707318	
2022-08-21-18:07:49-441 -0.23828125 0.14257812 -0.95166016 3.7195122 -8.902439 -4.02439	
2022-08-21-18:07:49-443 -0.23339844 0.1303711 -0.9316406 5.97561 -8.719512 -4.756098	
2022-08-21-18:07:49-445 -0.2421875 0.14111328 -0.9248047 8.170732 -7.7439027 -4.6951222	
2022-08-21-18:07:49-447 -0.24414062 0.13427734 -0.9111328 12.195122 -5.0 -5.182927	
2022-08-21-18:07:49-450 -0.24658203 0.12109375 -0.9067383 12.195122 -1.5243902 -5.7317076	
2022-08-21-18:07:49-454 -0.24511719 0.10498047 -0.9194336 10.121951 0.06097561 -5.0609756	
2022-08-21-18:07:49-456 -0.2446289 0.092285156 -0.9135742 7.6219516 0.9756098 -3.0487804	
2022-08-21-18:07:49-458 -0.25048828 0.092285156 -0.90625 5.304878 2.378049 -0.6097561	
2022-08-21-18:07:49-460 -0.24707031 0.10498047 -0.90722656 4.2073174 4.268293 1.0365853	
2022-08-21-18:07:49-466 -0.2397461 0.1171875 -0.9321289 3.2317073 5.182927 1.3414634	
2022-08-21-18:07:49-468 -0.24365234 0.12695312 -0.9448242 1.402439 5.365854 0.12195122	
2022-08-21-18:07:49-738 -0.23828125 0.10595703 -0.9501953 0.30487806 4.390244 -0.91463417	
2022-08-21-18:07:49-742 -0.23291016 0.09472656 -0.93359375 -2.4390244 2.5609756 -0.30487806	
2022-08-21-18:07:49-752 -0.234375 0.08203125 -0.9067383 -6.9512196 2.5609756 1.9512196	
2022-08-21-18:07:49-756 -0.22558594 0.07861328 -0.85253906 -16.585365 5.97561 5.2439027	
2022-08-21-18:07:49-759 -0.2241211 0.056640625 -0.8261719 -27.804878 13.170732 10.487805	
2022-08-21-18:07:49-764 -0.22558594 0.08203125 -0.82714844 -22.621952 27.560976 17.621952	
2022-08-21-18:07:49-771 -0.20214844 0.104003906 -0.8378906 -17.439024 41.890244 23.658537	
2022-08-21-18:07:49-776 -0.1821289 0.083984375 -0.8491211 -2.9268293 57.621952 29.390245	
2022-08-21-18:07:49-780 -0.16992188 0.15283203 -0.9067383 26.219513 70.426834 36.280487	
2022-08-21-18:07:49-784 -0.1953125 0.28125 -1.2587891 32.80488 71.03659 33.90244	
2022-08-21-18:07:49-788 -0.063964844 0.20458984 -1.0932617 50.609756 -11.097561 3.9634147	
2022-08-21-18:07:49-791 -0.11669922 0.16699219 -1.1225586 22.5 0.24390244 -2.0731707	
2022-08-21-18:07:49-798 -0.12402344 0.1616211 -1.0693359 -6.0365853 2.1341465 -6.097561	
2022-08-21-18:07:49-804 -0.19677734 0.23925781 -1.2451172 6.3414636 -6.52439 -12.804878	
2022-08-21-18:07:49-810 -0.17871094 0.3408203 -1.5488281 -8.536586 -74.81708 -39.817074	
2022-08-21-18:07:49-814 -0.19824219 0.39990234 -1.9262695 -27.134148 -133.90244 -65.97561	
2022-08-21-18:07:50-055 -0.037597656 -0.48242188 -0.86279297 -1.5243902 -181.15854 -69.5122	
2022-08-21-18:07:50-059 -0.12402344 -0.6455078 -0.1484375 -38.23171 -153.59756 -7.9268293	
2022-08-21-18:07:50-063 -0.25585938 -0.7109375 0.65527344 -44.817074 -71.64634 60.42683	
2022-08-21-18:07:50-067 -0.25048828 0.43115234 0.8388672 -16.890244 49.268295 101.15854	
2022-08-21-18:07:50-073 -0.05859375 1.0859375 -0.05419922 67.5 203.53659 33.414635	
2022-08-21-18:07:50-078 -0.118652344 -0.125 -2.4545898 102.926834 260.7927 -34.085365	
2022-08-21-18:07:50-082 -0.033203125 0.091796875 -2.6186523 -23.170732 34.57317 25.914635	
2022-08-21-18:07:50-086 -0.2763672 0.90722656 -1.890625 62.80488 -44.02439 55.487804	
2022-08-21-18:07:50-089 -0.19189453 0.5839844 -1.6132812 22.804878 -136.5244 -16.280489	
2022-08-21-18:07:50-094 -0.29541016 1.3759766 -2.4609375 94.02439 -200.42683 -46.463417	
2022-08-21-18:07:50-099 -0.39697266 2.1264648 -1.8793945 112.68293 -295.67075 -176.03659	
2022-08-21-18:07:50-103 -1.5126953 3.7192383 -1.5366211 266.2805 -303.35367 -325.06097	
2022-08-21-18:07:50-108 -3.3920898 1.7714844 -1.9975586 75.97561 -414.20734 -516.7683	
2022-08-21-18:07:50-112 -4.569824 -1.2734375 -3.7490234 98.53659 -528.1707 -488.7195	
2022-08-21-18:07:50-118 -3.1010742 -0.71191406 -4.630371 628.4147 -758.3537 59.02439	
2022-08-21-18:07:50-121 -0.35742188 0.5649414 -3.553711 906.40247 -920.9147 729.5122	
2022-08-21-18:07:50-370 -0.44580078 3.940918 -1.3588867 757.0732 -637.6829 652.13416	
2022-08-21-18:07:50-375 -1.440918 3.0664062 -1.3686523 -159.51219 -379.87805 -27.073172	
2022-08-21-18:07:50-379 0.21044922 0.18847656 -1.8857422 -224.20732 -150.18294 -480.67075	
2022-08-21-18:07:50-383 2.137207 -0.24414062 -1.375 -59.146343 149.39024 -379.32928	
2022-08-21-18:07:50-392 2.1015625 -0.017089844 -1.8383789 372.2561 350.06097 -60.060978	
2022-08-21-18:07:50-399 1.7182617 2.9916992 -1.3334961 488.35367 481.64636 -28.59756	
2022-08-21-18:07:50-403 1.8896484 3.1425781 -0.17041016 34.512196 503.90247 -216.89024	
2022-08-21-18:07:50-406 2.114746 1.5800781 -0.35742188 -133.59756 450.42685 -209.69513	
2022-08-21-18:07:50-410 2.190918 2.5097656 -0.52197266 -150.12195 460.97562 80.67073	
2022-08-21-18:07:50-414 1.597168 2.5981445 -0.38916016 -220.73172 456.40244 353.5366	
2022-08-21-18:07:50-418 1.3178711 2.234375 -0.40820312 -292.0122 453.7805 445.67075	
2022-08-21-18:07:50-423 0.020507812 2.1142578 -0.3725586 -291.89026 496.5854 464.2683	
2022-08-21-18:07:50-429 -3.3886719 1.9155273 -0.85498047 -403.65854 470.97562 482.98782	
2022-08-21-18:07:50-436 -7.147949 -0.42578125 -1.4848633 -525.4268 326.2195 378.23172	
2022-08-21-18:07:50-444 -8.350098 -3.286621 -1.1074219 -350.5488 132.74391 172.37805	
2022-08-21-18:07:50-447 -12.793457 -8.959961 -9.510254 659.63416 429.2683 -515.3049	
2022-08-21-18:07:50-683 1.7539062 -0.83251953 -6.0161133 804.5732 221.64635 -58.963417	
2022-08-21-18:07:50-687 -0.2163086 -0.6245117 -1.9614258 -73.597565 -47.682926 40.121952	
2022-08-21-18:07:50-694 -0.07519531 1.6279297 -1.7075195 -34.268295 -247.62196 40.670734	
2022-08-21-18:07:50-698 -0.16015625 0.32128906 -1.015625 -19.939024 -234.45122 -74.57317	
2022-08-21-18:07:50-701 -0.21533203 -0.083496094 -0.75439453 -79.756096 -227.2561 -51.82927	
2022-08-21-18:07:50-705 -0.27978516 0.33935547 -0.98046875 -81.03659 -214.5122 -42.560978	
2022-08-21-18:07:50-709 -0.3203125 0.68603516 -1.0771484 -52.134148 -201.5244 -61.463417	
2022-08-21-18:07:50-712 -0.44970703 0.5493164 -1.3491211 46.40244 -245.24391 -115.60976	
2022-08-21-18:07:50-717 -0.65185547 0.40771484 -1.7519531 141.03659 -344.69513 -154.32927	
2022-08-21-18:07:50-720 -1.1469727 0.2446289 -2.7617188 196.34146 -370.91464 -161.95122	
2022-08-21-18:07:50-723 -1.4912109 0.9633789 -2.630371 149.63416 -421.5854 -137.07318	
2022-08-21-18:07:50-732 -2.0019531 1.4609375 -1.6191406 89.268295 -458.65854 -191.21951	
2022-08-21-18:07:50-736 -1.2167969 0.6845703 0.22998047 55.18293 -361.89026 -290.7927	
2022-08-21-18:07:50-741 -1.2504883 0.5439453 -1.1020508 113.29269 -279.81708 -183.84146	
2022-08-21-18:07:50-746 -1.3081055 0.6230469 -0.83447266 237.19513 -105.60976 9.207317	
2022-08-21-18:07:50-749 -2.0292969 1.675293 -1.9790039 302.7439 -71.52439 64.57317	
2022-08-21-18:07:51-003 -2.4243164 2.3242188 -2.987793 205.97562 -131.70732 40.365856	
2022-08-21-18:07:51-007 -2.2006836 2.3969727 -4.7211914 -9.207317 -309.02438 -31.890245	
2022-08-21-18:07:51-011 -0.50390625 1.0766602 -4.551758 -118.35366 -432.19513 -110.79269	
2022-08-21-18:07:51-014 0.53759766 0.625 -3.9189453 -29.32927 -389.81708 -128.96342	
2022-08-21-18:07:51-017 2.074707 0.6591797 -2.2192383 103.84147 -132.92683 -57.743904	
2022-08-21-18:07:51-023 2.2158203 0.28955078 -1.3994141 42.92683 111.52439 59.87805	
2022-08-21-18:07:51-030 2.0131836 0.3232422 -0.50146484 46.036587 266.15854 111.40244	
2022-08-21-18:07:51-035 1.8569336 0.99658203 -0.56396484 31.524391 365.48782 96.15854	
2022-08-21-18:07:51-038 1.605957 1.0136719 -1.0195312 -66.64634 480.85367 84.20732	
2022-08-21-18:07:51-043 1.0561523 1.0317383 -1.6904297 -124.69512 562.86584 115.06098	
2022-08-21-18:07:51-046 0.53027344 1.0561523 -2.3115234 -173.96342 588.23175 176.03659	
2022-08-21-18:07:51-049 -0.22998047 0.9453125 -2.6674805 -185.7317 568.2927 228.17073	
2022-08-21-18:07:51-063 -0.31347656 0.8461914 -2.3466797 -164.93903 516.5854 227.56097	
2022-08-21-18:07:51-071 -0.2709961 0.9838867 -2.2231445 -175.18294 497.43903 187.13416	
2022-08-21-18:07:51-077 -0.26513672 0.8535156 -2.8583984 -210.12196 498.17075 145.30489	
2022-08-21-18:07:51-080 -1.2568359 0.9350586 -3.6396484 -198.71951 547.2561 161.70732	
2022-08-21-18:07:51-404 -3.659668 1.1518555 -3.6191406 -237.13416 486.7683 194.45122	
2022-08-21-18:07:51-408 -6.5478516 0.43359375 -2.9575195 -308.65854 340.67075 148.2317	
2022-08-21-18:07:51-413 -10.149902 -2.459961 -2.114746 -280.73172 75.914635 26.09756	
2022-08-21-18:07:51-418 -13.955566 -5.682617 0.22558594 509.93903 -328.17075 -49.573174	
2022-08-21-18:07:51-422 -1.8388672 0.40039062 -9.557129 1322.9269 -253.71951 -159.87805	
2022-08-21-18:07:51-430 -0.24609375 -0.8720703 -1.3793945 -38.963417 -124.39024 10.243902	
2022-08-21-18:07:51-435 -0.42578125 0.6308594 -1.1132812 -49.87805 -95.914635 46.463417	
2022-08-21-18:07:51-439 -0.39208984 0.1508789 -1.190918 -11.219512 -154.45122 -11.036586	
2022-08-21-18:07:51-444 -0.21728516 -0.328125 -1.1870117 -24.817074 -140.7317 18.90244	
2022-08-21-18:07:51-448 -0.2421875 0.31982422 -1.081543 -57.743904 -120.73171 35.73171	
2022-08-21-18:07:51-452 -0.2578125 0.4038086 -0.8496094 -52.19512 -110.48781 4.2073174	
2022-08-21-18:07:51-456 -0.4038086 0.33935547 -1.5605469 -68.35366 -135.67073 -19.085367	
2022-08-21-18:07:51-462 -0.34277344 0.20361328 -1.5517578 -99.39024 -197.37805 -31.768293	
2022-08-21-18:07:51-466 -0.32763672 0.39404297 -1.1040039 -72.560974 -231.40245 -39.69512	
2022-08-21-18:07:51-470 -0.4111328 0.39111328 -0.97558594 -48.780487 -245.0 -63.475613	
2022-08-21-18:07:51-474 -0.60498047 0.2783203 -0.98046875 -38.536587 -233.71951 -70.48781	
2022-08-21-18:07:51-633 -0.5493164 0.66015625 -0.7758789 -64.085365 -216.70732 -56.585365	
2022-08-21-18:07:51-637 -0.5214844 0.65527344 -0.6738281 -95.85366 -185.12195 -73.10976	
2022-08-21-18:07:51-641 -0.45117188 1.2636719 -0.4111328 -114.02439 -160.12195 -103.597565	
2022-08-21-18:07:51-645 -0.5205078 1.2202148 -0.8251953 -199.39024 -160.67073 -154.57318	
2022-08-21-18:07:51-648 -0.41064453 1.2080078 -0.81152344 -239.14635 -144.20732 -214.45122	
2022-08-21-18:07:51-654 -0.34423828 1.1547852 -0.4970703 -243.59756 -132.74391 -291.82928	
2022-08-21-18:07:51-660 0.0029296875 1.4750977 -0.734375 -247.2561 -120.426834 -363.35367	
2022-08-21-18:07:51-664 2.3999023 1.8413086 -1.9926758 -327.37805 -51.585365 -365.42685	
2022-08-21-18:07:51-668 0.87060547 -0.7714844 -1.7792969 -138.84146 121.097565 -16.341463	
2022-08-21-18:07:51-672 0.77246094 -0.0053710938 -0.7866211 71.82927 43.109756 77.80488	
2022-08-21-18:07:51-676 -2.038086 2.647461 -0.23779297 119.69512 -27.256098 134.57318	
2022-08-21-18:07:51-679 -3.5410156 -2.1933594 -0.122558594 -43.292683 -48.536587 -595.0	
2022-08-21-18:07:51-682 1.3745117 2.1845703 -1.9091797 -99.20732 315.2439 62.073174	
2022-08-21-18:07:51-686 -1.7099609 1.0209961 0.5053711 262.62195 290.0 258.17075	
2022-08-21-18:07:51-689 -0.5834961 2.899414 0.103515625 -70.18293 78.90244 57.80488	
2022-08-21-18:07:51-695 0.2578125 -0.42041016 -1.4394531 -401.64636 103.47561 47.134148	
2022-08-21-18:07:51-887 0 0 0 0 0 1000	
2022-08-21-18:07:59-503 0 0 0 0 0 1000	
2022-08-21-18:07:59-593 -0.21679688 0.16503906 -0.9243164 -4.02439 -7.5609756 0.5487805	
2022-08-21-18:07:59-597 -0.21679688 0.15917969 -0.93896484 -4.390244 -6.9512196 -0.24390244	
2022-08-21-18:07:59-600 -0.2211914 0.1640625 -0.95458984 -3.4146342 -7.804878 -0.36585367	
2022-08-21-18:07:59-603 -0.22558594 0.16894531 -0.9580078 -0.9756098 -9.329268 -0.91463417	
2022-08-21-18:07:59-608 -0.22851562 0.1665039 -0.9609375 -1.402439 -11.95122 -1.8902439	
2022-08-21-18:07:59-610 -0.23339844 0.16113281 -0.94677734 -1.7073171 -13.963415 -2.378049	
2022-08-21-18:07:59-614 -0.23876953 0.16503906 -0.9316406 -1.5243902 -14.695123 -2.9268293	
2022-08-21-18:07:59-617 -0.24121094 0.16308594 -0.93310547 -1.8902439 -14.512196 -3.1097562	
2022-08-21-18:07:59-619 -0.24804688 0.16455078 -0.93115234 -1.402439 -14.512196 -3.4756098	
2022-08-21-18:07:59-621 -0.25 0.16601562 -0.93847656 1.1585366 -14.3902445 -3.7804878	
2022-08-21-18:07:59-623 -0.25976562 0.16845703 -0.93310547 3.7804878 -14.878049 -5.487805	
2022-08-21-18:07:59-626 -0.26708984 0.1640625 -0.9296875 6.2195125 -14.878049 -6.402439	
2022-08-21-18:07:59-629 -0.26904297 0.15478516 -0.93359375 6.7073174 -15.243903 -6.52439	
2022-08-21-18:07:59-634 -0.2734375 0.15039062 -0.92089844 6.52439 -15.243903 -6.3414636	
2022-08-21-18:07:59-637 -0.28027344 0.14257812 -0.9116211 6.402439 -14.634147 -5.487805	
2022-08-21-18:07:59-640 -0.27978516 0.14208984 -0.8935547 6.9512196 -13.536586 -4.8170733	
2022-08-21-18:07:59-990 -0.2866211 0.13183594 -0.90722656 4.4512196 -12.987805 -4.268293	
2022-08-21-18:07:59-998 -0.2919922 0.10546875 -0.9248047 1.2804878 -13.170732 -1.5243902	
2022-08-21-18:08:00-007 -0.29492188 0.13720703 -0.90722656 1.5243902 -12.987805 0.79268295	
2022-08-21-18:08:00-013 -0.3017578 0.17529297 -0.9160156 3.5365853 -11.8902445 -1.2195122	
2022-08-21-18:08:00-017 -0.30419922 0.17138672 -0.9301758 6.0365853 -11.768293 -5.121951	
2022-08-21-18:08:00-022 -0.31103516 0.14941406 -0.9291992 9.512196 -12.621951 -6.9512196	
2022-08-21-18:08:00-029 -0.31396484 0.13085938 -0.9223633 11.95122 -13.658537 -7.804878	
2022-08-21-18:08:00-034 -0.3178711 0.13769531 -0.92529297 12.621951 -14.695123 -8.109756	
2022-08-21-18:08:00-038 -0.3232422 0.123535156 -0.92285156 12.439025 -15.304878 -8.04878	
2022-08-21-18:08:00-042 -0.3305664 0.119140625 -0.91748047 12.987805 -16.280489 -7.4390244	
2022-08-21-18:08:00-046 -0.3359375 0.12109375 -0.9140625 13.231708 -16.09756 -7.256098	
2022-08-21-18:08:00-049 -0.33642578 0.1303711 -0.9140625 13.902439 -15.121951 -8.902439	
2022-08-21-18:08:00-053 -0.35253906 0.14501953 -0.9501953 15.609756 -15.182927 -12.073171	
2022-08-21-18:08:00-056 -0.34765625 0.107910156 -0.9760742 19.024391 -15.792684 -14.45122	
2022-08-21-18:08:00-061 -0.36035156 0.09667969 -0.9458008 25.792683 -14.573171 -15.060976	
2022-08-21-18:08:00-072 -0.3647461 0.095703125 -0.8671875 28.414635 -15.731708 -16.09756	
2022-08-21-18:08:00-320 -0.36621094 0.036621094 -0.953125 25.853659 -17.92683 -18.841463	
2022-08-21-18:08:00-325 -0.35888672 0.051757812 -0.9116211 29.512196 -18.04878 -17.682928	
2022-08-21-18:08:00-330 -0.3798828 0.0126953125 -0.8930664 31.524391 -17.5 -15.0	
2022-08-21-18:08:00-334 -0.3774414 -0.001953125 -0.87353516 27.439026 -17.682928 -11.8902445	
2022-08-21-18:08:00-338 -0.38183594 0.012207031 -0.8432617 19.817074 -19.817074 -9.268292	
2022-08-21-18:08:00-343 -0.39794922 0.044433594 -0.83154297 14.512196 -21.890244 -8.47561	
2022-08-21-18:08:00-347 -0.38232422 0.05078125 -0.7988281 10.792684 -23.47561 -10.670732	
2022-08-21-18:08:00-350 -0.4169922 0.067871094 -0.84277344 12.195122 -22.804878 -12.317074	
2022-08-21-18:08:00-354 -0.4267578 0.0073242188 -0.8769531 10.060976 -20.609756 -13.658537	
2022-08-21-18:08:00-359 -0.421875 -0.07714844 -0.9458008 10.060976 -18.231709 -10.670732	
2022-08-21-18:08:00-364 -0.39208984 -0.123535156 -1.0131836 17.256098 -20.914635 -2.7439024	
2022-08-21-18:08:00-368 -0.41308594 -0.18554688 -0.96777344 33.59756 -26.036587 9.207317	
2022-08-21-18:08:00-371 -0.40673828 -0.111328125 -0.99365234 38.90244 -42.439026 21.40244	
2022-08-21-18:08:00-376 -0.4189453 -0.10058594 -0.7675781 40.548782 -56.82927 23.414635	
2022-08-21-18:08:00-379 -0.38623047 -0.12597656 -0.44140625 33.17073 -53.170734 23.963415	
2022-08-21-18:08:00-384 -0.45458984 -0.17285156 -0.44433594 7.3170733 -38.170734 29.573172	
2022-08-21-18:08:00-621 -0.43945312 -0.2529297 -0.18359375 -9.512196 -10.365854 36.341465	
2022-08-21-18:08:00-627 -0.44628906 0.013183594 -0.13134766 -18.90244 39.512196 44.69512	
2022-08-21-18:08:00-631 -0.4267578 0.28173828 -0.56591797 -8.902439 91.28049 33.35366	
2022-08-21-18:08:00-636 -0.44873047 0.4482422 -1.3984375 -11.8902445 115.30488 6.0365853	
2022-08-21-18:08:00-639 -0.49023438 0.29296875 -1.9838867 -6.3414636 89.02439 -20.487804	
2022-08-21-18:08:00-644 -0.59033203 0.26757812 -2.5092773 0.4878049 -2.378049 -32.865856	
2022-08-21-18:08:00-647 -0.5810547 0.76708984 -2.7524414 24.817074 -111.21951 -50.73171	
2022-08-21-18:08:00-650 -0.52441406 1.4726562 -1.855957 91.28049 -226.82927 -134.20732	
2022-08-21-18:08:00-654 -0.82421875 2.2216797 -1.7211914 260.18292 -358.59756 -278.2927	
2022-08-21-18:08:00-659 -2.2666016 3.057129 -2.1113281 160.67073 -365.91464 -401.64636	
2022-08-21-18:08:00-663 -3.6298828 -2.7441406 -2.7055664 226.5244 -350.0 -406.7683	
2022-08-21-18:08:00-668 -1.956543 0.09716797 -2.4726562 825.12195 -482.19513 282.7439	
2022-08-21-18:08:00-672 -0.70214844 2.375 -2.4970703 671.3415 -310.06097 707.561	
2022-08-21-18:08:00-676 -2.3608398 2.4638672 -1.96875 170.85367 -194.32927 254.2683	
2022-08-21-18:08:00-680 -0.7348633 -0.13964844 -2.2827148 -107.56098 -156.21951 -133.41464	
2022-08-21-18:08:00-684 0.6484375 -0.5336914 -2.0932617 20.304878 -11.280488 -179.69513	
2022-08-21-18:08:00-858 1.6171875 0.13134766 -1.2919922 198.59756 157.68294 -70.97561	
2022-08-21-18:08:00-862 1.8149414 1.5166016 -0.5136719 284.02438 272.37805 3.9634147	
2022-08-21-18:08:00-867 1.9692383 1.9018555 0.06542969 140.0 307.2561 53.35366	
2022-08-21-18:08:00-872 2.0292969 1.9404297 0.025390625 38.719513 291.40244 145.12195	
2022-08-21-18:08:00-876 1.8173828 2.1269531 -0.068847656 -10.731708 334.20734 199.63416	
2022-08-21-18:08:00-879 1.4580078 2.050293 -0.15771484 -89.939026 374.0244 214.0244	
2022-08-21-18:08:00-883 1.5351562 1.796875 -0.35107422 -191.82927 417.98782 206.7683	
2022-08-21-18:08:00-889 1.421875 1.1767578 -0.45996094 -234.81708 459.0854 209.14635	
2022-08-21-18:08:00-894 1.3232422 1.0874023 -0.4741211 -228.59756 477.68295 208.2317	
2022-08-21-18:08:00-901 -0.3413086 1.2993164 -0.41503906 -222.37805 534.6951 225.54878	
2022-08-21-18:08:00-906 -3.6860352 0.6401367 -0.87890625 -346.64636 479.2683 225.73172	
2022-08-21-18:08:00-910 -6.7109375 -1.3632812 -1.4609375 -401.70734 264.57318 170.24391	
2022-08-21-18:08:00-914 -15.166016 -5.9521484 -7.2402344 66.21951 261.82928 -203.59756	
2022-08-21-18:08:00-918 4.154297 -0.9790039 -4.013672 705.54877 121.15854 -92.743904	
2022-08-21-18:08:00-923 -0.94873047 0.0 -2.025879 -92.07317 -42.439026 12.256098	
2022-08-21-18:08:00-927 -0.08496094 1.8178711 -1.6376953 -81.64635 -201.46342 47.5	
2022-08-21-18:08:01-244 -0.171875 -0.14941406 -0.99121094 -18.414635 -197.56097 -76.585365	
2022-08-21-18:08:01-247 -0.17919922 0.16259766 -0.5883789 -71.097565 -191.5244 -26.646341	
2022-08-21-18:08:01-251 -0.30810547 0.4711914 -0.9604492 -38.109756 -167.07318 -25.060976	
2022-08-21-18:08:01-255 -0.37353516 0.4790039 -1.1547852 -17.195122 -156.34146 -44.512196	
2022-08-21-18:08:01-259 -0.40185547 0.48583984 -1.7714844 36.585365 -198.53659 -74.39024	
2022-08-21-18:08:01-263 -0.53515625 0.6020508 -1.9301758 124.81708 -293.35367 -105.48781	
2022-08-21-18:08:01-267 -0.7236328 0.9213867 -2.1342773 201.82927 -373.0488 -160.91464	
2022-08-21-18:08:01-273 -1.144043 1.3813477 -2.9233398 199.08537 -395.36588 -180.24391	
2022-08-21-18:08:01-277 -1.5180664 1.1293945 -1.6132812 83.53659 -407.2561 -186.15854	
2022-08-21-18:08:01-280 -1.2836914 0.35253906 -0.3310547 67.256096 -386.15854 -214.08537	
2022-08-21-18:08:01-283 -1.3828125 0.5332031 -0.026855469 105.243904 -374.0854 -119.14635	
2022-08-21-18:08:01-287 -1.203125 0.14746094 -0.99658203 50.975613 -168.71951 4.6951222	
2022-08-21-18:08:01-290 -1.2055664 0.57666016 -1.3325195 103.84147 -133.17073 -7.9268293	
2022-08-21-18:08:01-295 -1.2758789 1.0605469 -1.5878906 127.2561 -141.03659 -59.817074	
2022-08-21-18:08:01-299 -2.114746 1.8398438 -2.9370117 191.64635 -168.2317 -159.81708	
2022-08-21-18:08:01-303 -1.6220703 1.9731445 -3.9975586 107.80488 -239.14635 -199.7561	
2022-08-21-18:08:01-547 -0.16894531 1.5209961 -3.6010742 103.84147 -267.19513 -144.08537	
2022-08-21-18:08:01-551 1.409668 1.3725586 -2.5981445 181.89024 -149.39024 16.341463	
2022-08-21-18:08:01-556 2.0898438 1.1796875 -1.6674805 146.28049 6.9512196 140.91464	
2022-08-21-18:08:01-560 2.2783203 0.9067383 -0.6660156 85.97561 189.7561 189.63416	
2022-08-21-18:08:01-565 1.8598633 1.3725586 -0.48535156 17.92683 329.45123 165.18294	
2022-08-21-18:08:01-569 1.3286133 1.0825195 -1.097168 -122.37805 435.42685 108.96342	
2022-08-21-18:08:01-575 0.9794922 0.6665039 -1.7978516 -183.17073 512.5 109.87805	
2022-08-21-18:08:01-579 0.5292969 0.59521484 -2.333496 -191.64635 545.6707 172.5	
2022-08-21-18:08:01-583 0.095703125 0.44091797 -2.671875 -189.08537 537.86584 236.89024	
2022-08-21-18:08:01-587 -0.16845703 0.42285156 -2.9057617 -182.07318 512.5 242.43903	
2022-08-21-18:08:01-590 -0.09765625 0.12402344 -3.1308594 -190.30489 514.7561 195.7927	
2022-08-21-18:08:01-597 -0.12597656 0.17382812 -3.538086 -138.90244 535.7927 167.2561	
2022-08-21-18:08:01-601 -0.6977539 0.73535156 -4.083496 -110.97561 552.0122 156.58537	
2022-08-21-18:08:01-607 -2.6865234 1.1557617 -4.044922 -132.92683 549.5732 134.69513	
2022-08-21-18:08:01-610 -5.4179688 0.83447266 -2.4990234 -200.24391 429.7561 105.243904	
2022-08-21-18:08:01-615 -5.817871 0.81884766 -1.2988281 -193.41464 324.87805 110.06098	
2022-08-21-18:08:01-850 -9.088867 -0.8149414 -1.668457 -227.62196 76.95122 179.51219	
2022-08-21-18:08:01-855 -11.880859 -4.013672 1.0292969 261.4634 -348.65854 128.53659	
2022-08-21-18:08:01-863 -5.9956055 0.08300781 -11.012207 1150.3049 -790.6708 -280.7927	
2022-08-21-18:08:01-867 0.3564453 -1.8276367 -0.8466797 118.84147 -43.048782 -32.378048	
2022-08-21-18:08:01-872 -0.21533203 0.2626953 -0.9746094 -46.585365 -100.36585 32.621952	
2022-08-21-18:08:01-877 -0.2607422 -0.08984375 -0.9716797 -45.42683 -80.79269 17.256098	
2022-08-21-18:08:01-880 -0.22265625 0.038085938 -1.0898438 -74.57317 -62.19512 26.219513	
2022-08-21-18:08:01-885 -0.18261719 0.29541016 -1.3681641 -86.03659 -92.19512 22.256098	
2022-08-21-18:08:01-889 -0.2626953 0.24365234 -1.9970703 -142.68294 -150.60976 12.743903	
2022-08-21-18:08:01-897 -0.23144531 0.39648438 -1.878418 -216.58537 -232.43903 -9.45122	
2022-08-21-18:08:01-902 -0.13085938 0.5151367 -1.3852539 -176.70732 -318.65854 -57.865856	
2022-08-21-18:08:01-906 -0.15673828 0.30908203 -1.5200195 -25.670732 -352.68292 -96.82927	
2022-08-21-18:08:01-910 -0.38671875 0.26416016 -1.53125 -20.54878 -350.73172 -71.28049	
2022-08-21-18:08:01-915 -0.86083984 -0.08984375 -1.8891602 -42.80488 -381.4634 -51.52439	
2022-08-21-18:08:01-918 -0.5991211 0.9555664 -1.1606445 -87.13415 -354.69513 -14.268293	
2022-08-21-18:08:01-922 -0.79296875 0.41552734 -0.6425781 -240.0 -258.23172 -89.69512	
2022-08-21-18:08:02-125 0 0 0 0 0 1000	
2022-08-21-18:08:09-078 0 0 0 0 0 1000	
2022-08-21-18:08:09-186 -0.23632812 0.12939453 -0.76904297 -10.914635 -39.207317 -2.4390244	
2022-08-21-18:08:09-189 -0.23730469 0.088378906 -0.6743164 -10.670732 -19.085367 -4.3292685	
2022-08-21-18:08:09-192 -0.24511719 0.06591797 -0.7192383 -9.573171 4.1463413 -1.7682927	
2022-08-21-18:08:09-196 -0.24121094 0.09814453 -0.85546875 -7.4390244 20.42683 1.9512196	
2022-08-21-18:08:09-199 -0.234375 0.13134766 -0.9746094 -4.085366 24.512196 3.3536587	
2022-08-21-18:08:09-201 -0.23339844 0.13574219 -1.03125 -2.012195 18.780489 2.5609756	
2022-08-21-18:08:09-203 -0.22753906 0.1381836 -1.0126953 -1.4634147 10.121951 1.8902439	
2022-08-21-18:08:09-205 -0.22558594 0.12207031 -0.96728516 -1.3414634 4.390244 1.4634147	
2022-08-21-18:08:09-208 -0.22363281 0.12792969 -0.92578125 -1.1585366 2.5609756 1.7682927	
2022-08-21-18:08:09-210 -0.22314453 0.12890625 -0.9038086 0.4878049 4.634146 1.3414634	
2022-08-21-18:08:09-213 -0.21777344 0.1171875 -0.91015625 2.804878 7.5609756 0.6097561	
2022-08-21-18:08:09-215 -0.21777344 0.110839844 -0.9589844 3.4756098 8.658537 1.5243902	
2022-08-21-18:08:09-217 -0.21777344 0.12109375 -0.9848633 3.3536587 5.97561 3.1707318	
2022-08-21-18:08:09-219 -0.21142578 0.1352539 -0.97753906 4.1463413 0.91463417 2.378049	
2022-08-21-18:08:09-221 -0.21289062 0.1328125 -0.95214844 5.182927 -1.7682927 0.91463417	
2022-08-21-18:08:09-223 -0.2133789 0.12060547 -0.92333984 5.304878 -1.6463414 -0.18292683	
2022-08-21-18:08:09-448 -0.2163086 0.100097656 -0.8847656 5.8536587 2.0731707 0.0	
2022-08-21-18:08:09-454 -0.2084961 0.09375 -0.88378906 5.0 8.902439 1.7682927	
2022-08-21-18:08:09-459 -0.20898438 0.10107422 -0.90283203 4.9390244 14.939025 3.5975611	
2022-08-21-18:08:09-463 -0.19726562 0.10595703 -0.93408203 4.634146 18.414635 4.4512196	
2022-08-21-18:08:09-467 -0.19384766 0.12158203 -0.96777344 5.182927 19.32927 4.5731707	
2022-08-21-18:08:09-471 -0.18847656 0.11376953 -0.97998047 4.756098 18.414635 4.02439	
2022-08-21-18:08:09-477 -0.18457031 0.107421875 -0.98046875 4.9390244 15.243903 3.4756098	
2022-08-21-18:08:09-480 -0.18261719 0.109375 -0.9604492 5.914634 13.231708 3.5365853	
2022-08-21-18:08:09-483 -0.18017578 0.10888672 -0.95703125 5.609756 13.719513 3.5975611	
2022-08-21-18:08:09-487 -0.17333984 0.119628906 -1.0058594 5.609756 12.134147 2.9268293	
2022-08-21-18:08:09-493 -0.1743164 0.13183594 -1.0488281 5.182927 5.365854 1.2195122	
2022-08-21-18:08:09-499 -0.16796875 0.12597656 -1.0615234 4.2073174 -5.0 -2.317073	
2022-08-21-18:08:09-504 -0.17333984 0.12451172 -1.0361328 6.646342 -14.573171 -5.609756	
2022-08-21-18:08:09-509 -0.17236328 0.09716797 -1.0429688 7.9268293 -22.439024 -6.3414636	
2022-08-21-18:08:09-513 -0.18847656 0.09033203 -0.9794922 8.597561 -28.841465 -8.04878	
2022-08-21-18:08:09-516 -0.19726562 0.084472656 -0.9536133 5.97561 -30.182928 -7.256098	
2022-08-21-18:08:09-765 -0.21044922 0.09863281 -0.93359375 4.512195 -28.231709 -7.5609756	
2022-08-21-18:08:09-770 -0.20507812 0.08984375 -0.9111328 4.634146 -24.939026 -8.719512	
2022-08-21-18:08:09-775 -0.2290039 0.09033203 -0.9248047 4.3292685 -21.463415 -8.963415	
2022-08-21-18:08:09-778 -0.23339844 0.07470703 -0.9272461 3.5975611 -19.573172 -8.963415	
2022-08-21-18:08:09-781 -0.24072266 0.060546875 -0.8989258 4.6951222 -17.256098 -7.378049	
2022-08-21-18:08:09-786 -0.24560547 0.051757812 -0.87939453 3.2317073 -14.939025 -5.7317076	
2022-08-21-18:08:09-789 -0.25195312 0.037109375 -0.8359375 1.0365853 -11.036586 -2.682927	
2022-08-21-18:08:09-795 -0.24316406 0.0234375 -0.8144531 -5.0 -4.5731707 2.4390244	
2022-08-21-18:08:09-803 -0.25048828 0.012207031 -0.7988281 -9.268292 3.1707318 8.597561	
2022-08-21-18:08:09-809 -0.2368164 0.032714844 -0.7734375 -12.012196 14.695123 15.121951	
2022-08-21-18:08:09-813 -0.21923828 0.030761719 -0.7578125 -12.317074 31.036587 20.853659	
2022-08-21-18:08:09-817 -0.20947266 0.061035156 -0.7651367 -7.0731707 50.42683 26.036587	
2022-08-21-18:08:09-821 -0.1977539 0.11279297 -0.88964844 -0.24390244 68.29269 29.024391	
2022-08-21-18:08:09-826 -0.171875 0.17626953 -1.0649414 5.487805 74.87805 26.09756	
2022-08-21-18:08:09-832 -0.15429688 0.1796875 -1.2294922 8.536586 64.39024 17.987804	
2022-08-21-18:08:09-836 -0.11767578 0.21582031 -1.3256836 -13.109756 6.9512196 8.719512	
2022-08-21-18:08:10-078 -0.15039062 0.2944336 -1.3720703 7.378049 -14.695123 -9.878049	
2022-08-21-18:08:10-083 -0.21191406 0.28564453 -1.6777344 -10.243902 -82.31708 -32.92683	
2022-08-21-18:08:10-087 -0.15478516 0.29541016 -1.7646484 -24.207317 -143.2317 -51.95122	
2022-08-21-18:08:10-091 -0.12792969 -0.5444336 -0.58447266 34.085365 -172.5 -37.987804	
2022-08-21-18:08:10-096 -0.14013672 -0.46435547 -0.09277344 31.158537 -123.29269 20.914635	
2022-08-21-18:08:10-100 -0.25976562 -0.14550781 0.5019531 29.756098 -45.121952 51.40244	
2022-08-21-18:08:10-105 -0.2607422 0.5644531 0.5830078 37.134148 69.5122 42.19512	
2022-08-21-18:08:10-109 -0.10449219 0.4506836 -0.51708984 64.45122 194.93903 -12.256098	
2022-08-21-18:08:10-113 -0.20654297 -0.47265625 -2.6191406 55.121952 226.34146 -26.82927	
2022-08-21-18:08:10-117 -0.26513672 -0.50439453 -3.1484375 -16.95122 127.19512 13.231708	
2022-08-21-18:08:10-120 -0.15039062 0.087890625 -1.5566406 -24.512196 2.7439024 31.890245	
2022-08-21-18:08:10-125 -0.21875 0.6044922 -1.246582 23.963415 -30.0 14.695123	
2022-08-21-18:08:10-130 -0.25927734 0.26708984 -1.8598633 19.085367 -84.69512 -19.695122	
2022-08-21-18:08:10-135 -0.32910156 1.0732422 -2.4121094 63.414635 -164.51219 -36.707317	
2022-08-21-18:08:10-139 -0.35791016 1.6943359 -2.4902344 76.097565 -260.91464 -145.54878	
2022-08-21-18:08:10-143 -1.2817383 2.836914 -1.5126953 235.60976 -315.42685 -275.97562	
2022-08-21-18:08:10-395 -3.2705078 0.8564453 -2.1918945 161.58537 -376.5244 -458.0488	
2022-08-21-18:08:10-400 -3.2294922 -2.4335938 -4.925293 735.73175 -443.5366 -122.37805	
2022-08-21-18:08:10-407 0.63671875 2.0527344 -4.1938477 1085.061 -575.36584 775.9147	
2022-08-21-18:08:10-410 0.27490234 4.0131836 -1.2231445 640.9147 -322.43903 861.46344	
2022-08-21-18:08:10-415 -1.0463867 1.4345703 -2.4541016 -162.80489 -261.2195 -36.95122	
2022-08-21-18:08:10-418 1.1889648 -0.26367188 -2.1503906 -191.09756 -35.609756 -467.74393	
2022-08-21-18:08:10-423 1.2724609 -0.32910156 -1.6391602 -47.073174 159.20732 -359.14636	
2022-08-21-18:08:10-426 1.3085938 0.8330078 -0.75683594 169.08537 214.87805 -138.41464	
2022-08-21-18:08:10-431 1.2832031 2.2192383 -0.0546875 136.46342 242.5 36.768295	
2022-08-21-18:08:10-437 1.2084961 2.418457 -0.026367188 -58.65854 260.42685 145.91464	
2022-08-21-18:08:10-443 0.97558594 2.1889648 -0.26171875 -152.2561 291.34146 206.82927	
2022-08-21-18:08:10-446 0.37353516 2.1430664 -0.52685547 -165.06097 329.0854 266.7683	
2022-08-21-18:08:10-454 -0.13574219 2.258789 -0.4116211 -190.97562 320.0 300.85367	
2022-08-21-18:08:10-458 -0.21044922 2.1923828 -0.20800781 -256.34146 298.9634 282.86588	
2022-08-21-18:08:10-462 0.08105469 1.5551758 0.0078125 -287.86588 287.68292 282.43903	
2022-08-21-18:08:10-466 -0.62939453 1.3525391 0.39160156 -298.7805 274.63416 424.93903	
2022-08-21-18:08:10-708 -3.4433594 -0.10107422 0.22265625 -388.35367 223.71951 546.64636	
2022-08-21-18:08:10-713 -5.9003906 -2.3139648 -0.42529297 -363.47562 163.47562 393.5366	
2022-08-21-18:08:10-717 -7.8500977 -4.039551 -0.69970703 -143.47562 138.41464 68.65854	
2022-08-21-18:08:10-721 -5.520996 -6.663574 -6.900879 841.64636 411.7683 -413.17075	
2022-08-21-18:08:10-725 -1.1069336 -1.6152344 -7.3808594 888.90247 129.87805 -161.64635	
2022-08-21-18:08:10-730 -0.16064453 -0.6401367 -2.1323242 -151.64635 -55.487804 66.097565	
2022-08-21-18:08:10-735 -0.0107421875 1.4428711 -1.4492188 -2.195122 -272.62195 6.890244	
2022-08-21-18:08:10-740 -0.09472656 0.26757812 -0.84716797 -26.09756 -224.45122 -80.48781	
2022-08-21-18:08:10-744 -0.20166016 -0.1796875 -0.82958984 -57.80488 -220.12196 -44.32927	
2022-08-21-18:08:10-747 -0.28125 0.36621094 -0.9038086 -60.914635 -211.34146 -35.487804	
2022-08-21-18:08:10-751 -0.37890625 0.77246094 -1.1367188 -5.182927 -207.37805 -72.80488	
2022-08-21-18:08:10-756 -0.5292969 0.6791992 -1.5063477 81.52439 -246.34148 -129.69513	
2022-08-21-18:08:10-759 -0.69921875 0.48291016 -1.8999023 170.24391 -335.42685 -171.21951	
2022-08-21-18:08:10-764 -1.0239258 0.7109375 -2.786621 227.43903 -358.35367 -174.81708	
2022-08-21-18:08:10-769 -1.3818359 0.7680664 -2.4091797 118.71951 -418.84146 -155.48781	
2022-08-21-18:08:10-775 -2.1621094 0.6699219 -2.1884766 79.87805 -448.7805 -173.47562	
2022-08-21-18:08:11-041 -1.0053711 0.98291016 -0.625 36.036587 -469.32928 -300.67075	
2022-08-21-18:08:11-045 -1.621582 0.85791016 -0.5185547 47.92683 -364.93903 -287.92685	
2022-08-21-18:08:11-049 -1.1220703 -0.3696289 -0.72021484 133.29268 -101.70732 -19.695122	
2022-08-21-18:08:11-053 -1.9697266 1.1123047 -1.8286133 332.07318 -39.69512 47.987804	
2022-08-21-18:08:11-058 -2.4057617 2.1699219 -2.8242188 318.41464 -114.39024 34.69512	
2022-08-21-18:08:11-063 -2.3422852 2.5131836 -4.039551 127.926834 -269.32928 -7.7439027	
2022-08-21-18:08:11-067 -1.2333984 1.612793 -5.2475586 -77.0122 -457.13416 -76.95122	
2022-08-21-18:08:11-072 0.70166016 0.5288086 -4.3569336 34.45122 -405.18292 -102.56098	
2022-08-21-18:08:11-078 2.3945312 1.0078125 -1.7998047 179.51219 -101.585365 -12.682927	
2022-08-21-18:08:11-081 2.5683594 0.6645508 -0.64990234 62.92683 124.5122 75.36585	
2022-08-21-18:08:11-085 2.2402344 0.2133789 -0.23339844 27.134148 277.31708 114.63415	
2022-08-21-18:08:11-088 2.2216797 1.0429688 -0.15771484 46.95122 398.10977 92.926834	
2022-08-21-18:08:11-093 1.8398438 0.98828125 -1.0141602 -90.97561 564.939 58.59756	
2022-08-21-18:08:11-098 1.0478516 0.7529297 -2.1694336 -163.17073 655.54877 85.426834	
2022-08-21-18:08:11-103 0.29736328 0.90625 -2.989746 -188.35367 667.1951 168.96342	
2022-08-21-18:08:11-108 -0.38134766 0.8955078 -3.3764648 -180.12195 626.46344 253.2927	
2022-08-21-18:08:11-290 0 0 0 0 0 1000	
2022-08-21-18:08:19-007 0 0 0 0 0 1000	
2022-08-21-18:08:19-304 -0.13769531 0.10449219 -0.9633789 1.2195122 -2.2560976 -2.0731707	
2022-08-21-18:08:19-309 -0.13769531 0.10498047 -0.9614258 0.5487805 -2.4390244 -2.012195	
2022-08-21-18:08:19-315 -0.14111328 0.10205078 -0.9555664 0.12195122 -2.804878 -1.8902439	
2022-08-21-18:08:19-319 -0.14208984 0.100097656 -0.9526367 -0.30487806 -2.378049 -1.6463414	
2022-08-21-18:08:19-322 -0.13916016 0.109375 -0.9609375 -0.36585367 -2.6219513 -1.6463414	
2022-08-21-18:08:19-326 -0.14257812 0.10498047 -0.9614258 0.6097561 -2.987805 -2.195122	
2022-08-21-18:08:19-331 -0.14501953 0.10107422 -0.95751953 0.12195122 -2.804878 -1.7073171	
2022-08-21-18:08:19-335 -0.14501953 0.103515625 -0.9511719 -0.4878049 -2.317073 -1.2804878	
2022-08-21-18:08:19-340 -0.14501953 0.10058594 -0.9526367 -0.30487806 -2.0731707 -1.2195122	
2022-08-21-18:08:19-347 -0.14501953 0.095214844 -0.94628906 -0.73170733 -0.5487805 -0.6097561	
2022-08-21-18:08:19-351 -0.14697266 0.09765625 -0.9370117 -2.012195 0.91463417 0.36585367	
2022-08-21-18:08:19-355 -0.14257812 0.08886719 -0.9243164 -2.012195 3.8414636 2.012195	
2022-08-21-18:08:19-359 -0.1459961 0.06933594 -0.9091797 -0.06097561 8.414635 4.6951222	
2022-08-21-18:08:19-365 -0.14404297 0.088378906 -0.94433594 1.1585366 9.3902445 8.231708	
2022-08-21-18:08:19-371 -0.13427734 0.09814453 -0.9560547 -1.1585366 4.512195 10.060976	
2022-08-21-18:08:19-375 -0.13085938 0.11035156 -0.9614258 6.2195125 0.24390244 8.292683	
2022-08-21-18:08:19-663 -0.13183594 0.107910156 -0.9614258 33.17073 -0.24390244 2.5	
2022-08-21-18:08:19-667 -0.13867188 0.07861328 -0.9746094 30.609756 2.5609756 1.6463414	
2022-08-21-18:08:19-673 -0.13964844 0.07861328 -1.0014648 25.609756 6.2195125 1.6463414	
2022-08-21-18:08:19-677 -0.12792969 0.07373047 -0.99316406 10.243902 5.365854 2.378049	
2022-08-21-18:08:19-681 -0.11767578 0.092285156 -1.0195312 3.1097562 2.4390244 0.42682928	
2022-08-21-18:08:19-685 -0.12988281 0.088378906 -1.0566406 -3.6585367 -1.7073171 -5.121951	
2022-08-21-18:08:19-689 -0.13085938 0.111328125 -1.09375 -28.536587 -4.8170733 -8.597561	
2022-08-21-18:08:19-693 -0.1772461 0.21875 -1.2675781 -40.548782 0.18292683 -11.95122	
2022-08-21-18:08:19-698 -0.14208984 0.49658203 -2.0361328 -16.890244 -117.07317 -38.59756	
2022-08-21-18:08:19-701 -0.114746094 0.41210938 -2.1621094 -36.768295 -210.24391 -63.35366	
2022-08-21-18:08:19-708 0.29833984 -1.1181641 -0.11621094 8.414635 -245.24391 -46.09756	
2022-08-21-18:08:19-715 -0.3466797 -1.2592773 0.82128906 15.365854 -145.48781 69.81708	
2022-08-21-18:08:19-720 -0.36083984 0.12109375 1.8066406 -43.292683 4.085366 151.64635	
2022-08-21-18:08:19-725 0.08886719 1.7661133 0.5595703 33.414635 227.80489 95.85366	
2022-08-21-18:08:19-732 -0.00390625 0.114746094 -2.9145508 167.07318 367.07318 -48.475613	
2022-08-21-18:08:19-736 0.27929688 0.071777344 -2.8481445 55.85366 7.256098 13.597561	
2022-08-21-18:08:19-935 -0.4033203 0.61083984 -2.3657227 65.914635 -62.37805 47.987804	
2022-08-21-18:08:19-940 -0.19726562 0.8154297 -1.6162109 49.939026 -183.59756 -35.792683	
2022-08-21-18:08:19-943 -0.38671875 1.3891602 -2.2250977 132.31708 -227.19513 -95.243904	
2022-08-21-18:08:19-947 -0.9897461 2.7768555 -1.8862305 162.86586 -279.14636 -219.14635	
2022-08-21-18:08:19-953 -1.546875 3.131836 -1.3886719 192.07318 -263.9634 -411.82928	
2022-08-21-18:08:19-956 -3.3642578 -1.2495117 -2.744629 209.93903 -323.2927 -493.0488	
2022-08-21-18:08:19-960 -2.993164 -1.7294922 -4.022949 507.37805 -397.7439 -294.69513	
2022-08-21-18:08:19-964 -0.6586914 1.2871094 -3.3286133 805.12195 -510.67075 462.8049	
2022-08-21-18:08:19-970 -0.07763672 2.175293 -2.5273438 404.39026 -273.84146 804.63416	
2022-08-21-18:08:19-975 -1.2016602 1.8520508 -2.150879 57.68293 -245.36586 380.97562	
2022-08-21-18:08:19-978 0.7866211 -0.60302734 -2.7944336 -117.56098 -170.42683 -119.451225	
2022-08-21-18:08:19-983 1.8413086 0.17138672 -1.8613281 53.109756 16.707317 -245.48781	
2022-08-21-18:08:19-987 2.2333984 0.71435547 -1.1894531 64.14634 124.81708 -197.68294	
2022-08-21-18:08:19-989 2.1757812 1.2231445 -0.6040039 70.97561 237.43903 -38.170734	
2022-08-21-18:08:19-994 1.6235352 2.1269531 -0.5283203 7.0731707 292.7439 127.2561	
2022-08-21-18:08:19-998 1.184082 2.1450195 -0.6557617 -104.87805 306.0366 220.7927	
2022-08-21-18:08:20-308 0.99902344 2.0761719 -0.7861328 -153.65854 309.93903 252.92683	
2022-08-21-18:08:20-314 0.69091797 2.1342773 -0.8051758 -188.90245 322.5 277.07318	
2022-08-21-18:08:20-318 0.31298828 1.9609375 -0.32617188 -232.98781 342.86588 296.82928	
2022-08-21-18:08:20-322 -1.0712891 1.4130859 0.3256836 -295.73172 346.4634 378.7195	
2022-08-21-18:08:20-327 -3.6186523 0.20507812 0.5566406 -379.20734 288.10977 457.92685	
2022-08-21-18:08:20-334 -5.341797 -1.40625 0.16308594 -402.2561 212.07318 338.2927	
2022-08-21-18:08:20-339 -4.2231445 -5.9384766 -0.9379883 -299.02438 116.64635 101.89024	
2022-08-21-18:08:20-345 -15.999512 -2.0292969 -4.726074 159.51219 258.5366 -203.84146	
2022-08-21-18:08:20-349 6.1274414 2.0981445 -4.79834 1195.7317 455.42685 -7.0731707	
2022-08-21-18:08:20-355 -0.6635742 -1.3393555 -3.8530273 270.60977 -54.939026 -88.10976	
2022-08-21-18:08:20-362 -0.40820312 0.3491211 -2.112793 -220.97562 -93.23171 64.63415	
2022-08-21-18:08:20-370 -0.2626953 0.9350586 -0.9951172 15.487805 -205.06097 -72.07317	
2022-08-21-18:08:20-376 -0.12060547 -0.6279297 -0.53759766 6.4634147 -152.86586 -77.68293	
2022-08-21-18:08:20-379 -0.31982422 0.3803711 -1.2197266 -21.036587 -141.09756 -29.268293	
2022-08-21-18:08:20-383 -0.35839844 0.6225586 -1.3115234 -2.9268293 -159.57318 -48.59756	
2022-08-21-18:08:20-387 -0.41992188 0.5878906 -1.9511719 19.573172 -184.39024 -78.78049	
2022-08-21-18:08:20-600 -0.34326172 0.5678711 -1.8544922 83.29269 -252.62196 -116.70732	
2022-08-21-18:08:20-604 -0.45361328 0.50927734 -1.8007812 187.56097 -374.0854 -151.5244	
2022-08-21-18:08:20-608 -0.76708984 0.20800781 -2.5166016 243.90245 -379.93903 -171.15854	
2022-08-21-18:08:20-613 -0.90966797 0.68603516 -2.3544922 210.7317 -399.7561 -129.81708	
2022-08-21-18:08:20-617 -1.1577148 1.0097656 -1.699707 179.2683 -411.5244 -129.7561	
2022-08-21-18:08:20-621 -1.3007812 0.21191406 -0.028320312 172.37805 -366.09756 -109.39024	
2022-08-21-18:08:20-626 -0.44726562 -0.072753906 -0.6381836 160.48781 -268.65854 25.487806	
2022-08-21-18:08:20-631 -1.1030273 0.82470703 -0.9692383 296.40244 -103.414635 151.15854	
2022-08-21-18:08:20-636 -1.7382812 2.0078125 -1.7114258 258.35367 -70.243904 127.439026	
2022-08-21-18:08:20-641 -2.3496094 2.2363281 -3.0292969 29.817074 -146.34146 20.243902	
2022-08-21-18:08:20-645 -1.6723633 1.1704102 -3.866211 -141.58537 -307.86588 -98.10976	
2022-08-21-18:08:20-648 -0.26757812 1.0126953 -3.4033203 -24.024391 -362.43903 -214.7561	
2022-08-21-18:08:20-653 1.1870117 1.097168 -2.5039062 73.90244 -208.90245 -198.90245	
2022-08-21-18:08:20-657 1.8540039 1.1298828 -2.0629883 65.914635 -81.03659 -147.01219	
2022-08-21-18:08:20-661 2.3774414 0.7949219 -0.91552734 17.865854 171.7683 11.52439	
2022-08-21-18:08:20-666 1.8369141 1.2592773 -0.7397461 41.341465 341.40244 107.80488	
2022-08-21-18:08:20-901 1.421875 1.7402344 -0.9370117 -37.92683 430.36588 107.2561	
2022-08-21-18:08:20-905 0.90625 1.3681641 -1.4301758 -170.54878 490.18295 102.56098	
2022-08-21-18:08:20-908 0.5180664 1.0024414 -1.9052734 -219.20732 521.46344 128.35367	
2022-08-21-18:08:20-913 0.08691406 0.9038086 -2.2592773 -237.2561 515.60974 178.59756	
2022-08-21-18:08:20-917 -0.22851562 0.6953125 -2.5424805 -253.90245 471.40244 228.59756	
2022-08-21-18:08:20-920 -0.19140625 0.515625 -2.5698242 -244.87805 434.7561 271.89026	
2022-08-21-18:08:20-924 -0.18798828 0.51171875 -2.8925781 -237.98781 420.85367 292.37805	
2022-08-21-18:08:20-928 -0.7685547 0.6689453 -3.359375 -208.59756 432.56097 271.09756	
2022-08-21-18:08:20-935 -2.0615234 0.7734375 -3.4594727 -175.0 471.82928 231.28049	
2022-08-21-18:08:20-940 -5.42041 1.0024414 -2.7016602 -224.32927 470.85367 109.268295	
2022-08-21-18:08:20-944 -7.083496 -0.063964844 -0.8203125 -283.59756 290.5488 -0.30487806	
2022-08-21-18:08:20-948 -9.647461 -1.8701172 -1.1484375 -214.0244 6.9512196 69.085365	
2022-08-21-18:08:20-952 -13.828125 -6.015625 0.10449219 512.1951 -538.2927 55.243904	
2022-08-21-18:08:20-956 -0.6982422 0.9794922 -9.373535 1417.0732 -122.07317 -162.56097	
2022-08-21-18:08:20-960 -0.4638672 -0.6958008 -1.809082 15.365854 -96.951225 2.0731707	
2022-08-21-18:08:20-964 -0.15332031 0.26220703 -1.0136719 -47.865856 -107.621956 23.292683	
2022-08-21-18:08:21-133 0 0 0 0 0 1000	
2022-08-21-18:08:28-855 0 0 0 0 0 1000	
2022-08-21-18:08:29-242 -0.14941406 0.125 -0.98535156 -1.3414634 -4.4512196 -1.7682927	
2022-08-21-18:08:29-247 -0.15185547 0.12792969 -0.97265625 -2.5 -7.5 -2.012195	
2022-08-21-18:08:29-256 -0.15576172 0.12841797 -0.95214844 -3.0487804 -8.963415 -2.6219513	
2022-08-21-18:08:29-261 -0.15917969 0.119628906 -0.9316406 -2.195122 -8.109756 -2.5609756	
2022-08-21-18:08:29-269 -0.15673828 0.12207031 -0.93066406 -1.7682927 -5.4268293 -1.8902439	
2022-08-21-18:08:29-274 -0.16259766 0.12158203 -0.93066406 -0.42682928 -2.5 -1.2195122	
2022-08-21-18:08:29-278 -0.15966797 0.12451172 -0.93652344 -0.06097561 -1.097561 -0.9756098	
2022-08-21-18:08:29-283 -0.16259766 0.12841797 -0.95166016 0.6707317 0.5487805 -1.097561	
2022-08-21-18:08:29-288 -0.16308594 0.13330078 -0.9736328 0.91463417 -0.30487806 -1.9512196	
2022-08-21-18:08:29-293 -0.16113281 0.1303711 -0.9785156 0.42682928 -2.8658538 -2.682927	
2022-08-21-18:08:29-299 -0.16455078 0.12792969 -0.97558594 -0.4878049 -5.8536587 -3.0487804	
2022-08-21-18:08:29-303 -0.16552734 0.12841797 -0.9609375 -0.42682928 -7.3170733 -2.5	
2022-08-21-18:08:29-308 -0.171875 0.12695312 -0.94677734 -0.12195122 -7.0731707 -3.1097562	
2022-08-21-18:08:29-311 -0.16992188 0.12207031 -0.94677734 0.36585367 -6.3414636 -2.987805	
2022-08-21-18:08:29-316 -0.17138672 0.12548828 -0.9453125 1.3414634 -5.304878 -2.987805	
2022-08-21-18:08:29-320 -0.17626953 0.1274414 -0.94970703 2.2560976 -4.5731707 -2.378049	
2022-08-21-18:08:29-564 -0.17773438 0.13085938 -0.95166016 4.6951222 -4.268293 -2.6219513	
2022-08-21-18:08:29-568 -0.17919922 0.12109375 -0.94873047 6.3414636 -3.9634147 -3.4756098	
2022-08-21-18:08:29-574 -0.18017578 0.114746094 -0.9428711 4.9390244 -3.7804878 -3.4756098	
2022-08-21-18:08:29-578 -0.18017578 0.10058594 -0.93847656 2.012195 -3.292683 -2.0731707	
2022-08-21-18:08:29-581 -0.17773438 0.091796875 -0.91845703 0.6097561 -1.0365853 0.12195122	
2022-08-21-18:08:29-586 -0.1772461 0.08642578 -0.8847656 -1.7682927 3.6585367 3.2317073	
2022-08-21-18:08:29-589 -0.16748047 0.08105469 -0.83203125 -4.756098 11.829268 6.3414636	
2022-08-21-18:08:29-594 -0.16992188 0.030273438 -0.8364258 -6.585366 25.42683 12.621951	
2022-08-21-18:08:29-598 -0.14697266 0.040527344 -0.8222656 -7.865854 40.914635 23.170732	
2022-08-21-18:08:29-604 -0.20800781 0.18066406 -1.2207031 -22.012196 37.560978 26.585367	
2022-08-21-18:08:29-610 -0.111328125 0.22167969 -1.0566406 18.231709 -16.341463 7.804878	
2022-08-21-18:08:29-615 -0.13867188 0.19482422 -1.1523438 0.36585367 -6.402439 1.6463414	
2022-08-21-18:08:29-618 -0.1303711 0.1850586 -1.074707 -30.609756 -2.804878 -0.36585367	
2022-08-21-18:08:29-621 -0.2084961 0.17138672 -1.222168 -57.865856 -0.6707317 6.2195125	
2022-08-21-18:08:29-626 -0.1538086 0.5 -1.5263672 -115.426834 -65.36585 -18.109756	
2022-08-21-18:08:29-631 -0.21728516 0.4482422 -1.4902344 -87.37805 -131.82927 -47.5	
2022-08-21-18:08:29-888 -0.23291016 0.7089844 -1.7026367 -60.060978 -184.08537 -78.71951	
2022-08-21-18:08:29-893 -0.20800781 0.84814453 -1.6738281 29.87805 -235.97562 -116.82927	
2022-08-21-18:08:29-899 0.37158203 -0.19482422 -0.21875 87.68293 -219.5122 -135.79268	
2022-08-21-18:08:29-903 -0.20410156 -2.152832 2.1523438 39.7561 -98.29269 -28.59756	
2022-08-21-18:08:29-909 -0.2055664 -1.4794922 1.6572266 -31.158537 15.0 136.21951	
2022-08-21-18:08:29-913 -0.084472656 1.3920898 0.38867188 -13.658537 209.93903 213.04878	
2022-08-21-18:08:29-917 0.0029296875 2.015625 -1.7397461 138.41464 282.68292 43.23171	
2022-08-21-18:08:29-920 -0.34960938 0.0146484375 -4.2851562 143.29268 174.57318 -48.292683	
2022-08-21-18:08:29-924 -0.36572266 0.36865234 -3.5493164 56.40244 -130.06097 3.7195122	
2022-08-21-18:08:29-928 -0.14746094 1.324707 -2.3398438 29.268293 -282.80487 -41.82927	
2022-08-21-18:08:29-934 -0.26513672 1.4550781 -1.440918 119.20732 -343.35367 -166.03659	
2022-08-21-18:08:29-938 -1.0800781 1.9750977 -1.8349609 271.2195 -370.06097 -265.91464	
2022-08-21-18:08:29-942 -1.3774414 1.5991211 -2.5297852 291.58536 -361.89026 -304.5122	
2022-08-21-18:08:29-945 -3.340332 -1.1499023 -3.746582 472.8049 -326.64636 -266.58536	
2022-08-21-18:08:29-949 -1.1186523 1.1601562 -4.211914 1020.73175 -511.70734 346.2805	
2022-08-21-18:08:29-953 0.29052734 4.2651367 -2.7416992 727.9878 -459.32928 854.2683	
2022-08-21-18:08:30-149 -2.005371 3.270996 -1.7163086 146.5244 -381.0366 532.439	
2022-08-21-18:08:30-154 -0.24365234 0.22363281 -2.7949219 -146.28049 -296.70734 14.268293	
2022-08-21-18:08:30-158 1.171875 0.7885742 -1.7724609 69.756096 -100.30488 -176.7683	
2022-08-21-18:08:30-164 1.7021484 1.4624023 -0.6899414 35.060978 74.45122 -218.84146	
2022-08-21-18:08:30-169 1.8876953 1.1611328 -0.36621094 -33.59756 226.09756 -214.32927	
2022-08-21-18:08:30-174 1.8491211 1.527832 0.06738281 -1.9512196 312.68292 -145.12195	
2022-08-21-18:08:30-178 1.2607422 2.1987305 0.118652344 -59.634148 301.40244 -43.719513	
2022-08-21-18:08:30-182 1.4672852 2.2788086 -0.08544922 -193.65854 262.2561 113.53659	
2022-08-21-18:08:30-190 0.80322266 1.7631836 -0.69628906 -243.23172 294.57318 320.06097	
2022-08-21-18:08:30-201 0.4633789 1.246582 -0.7216797 -254.20732 304.20734 443.23172	
2022-08-21-18:08:30-206 0.28125 0.6850586 0.27490234 -224.87805 359.45123 467.2561	
2022-08-21-18:08:30-209 -1.5805664 0.068359375 -0.05029297 -358.23172 447.98782 314.20734	
2022-08-21-18:08:30-214 -2.8632812 -4.119629 -1.4165039 -376.0366 492.68295 167.80489	
2022-08-21-18:08:30-218 -3.96875 -4.7788086 -1.2802734 -123.47561 385.85367 126.28049	
2022-08-21-18:08:30-226 -8.922363 0.24072266 -0.35498047 69.20732 202.19513 -58.90244	
2022-08-21-18:08:30-232 3.699707 -4.3271484 -0.59375 550.54877 441.95123 -171.46342	
2022-08-21-18:08:30-475 -1.4775391 -0.8833008 -7.1796875 427.31708 358.10977 -100.60976	
2022-08-21-18:08:30-480 -0.026367188 0.0029296875 -2.5024414 106.15854 -102.56098 46.40244	
2022-08-21-18:08:30-483 -0.18017578 1.0644531 -1.4145508 59.146343 -221.28049 -26.768293	
2022-08-21-18:08:30-487 -0.17626953 0.35546875 -0.67285156 22.987806 -202.86586 -50.85366	
2022-08-21-18:08:30-491 -0.25683594 0.020507812 -0.8457031 -2.1341465 -157.74391 -37.743904	
2022-08-21-18:08:30-498 -0.35498047 0.3491211 -1.3037109 -19.024391 -152.62195 -33.59756	
2022-08-21-18:08:30-501 -0.38720703 0.6791992 -1.6044922 24.634148 -180.42683 -66.585365	
2022-08-21-18:08:30-505 -0.48535156 0.96484375 -1.8139648 147.74391 -273.59756 -131.89024	
2022-08-21-18:08:30-509 -0.6020508 1.0917969 -2.256836 227.31708 -346.64636 -208.65854	
2022-08-21-18:08:30-514 -1.0556641 1.0297852 -2.9418945 238.78049 -399.20734 -231.5244	
2022-08-21-18:08:30-518 -1.1489258 0.82910156 -1.800293 113.53659 -426.15854 -218.17073	
2022-08-21-18:08:30-522 -1.3139648 0.5800781 -0.9604492 200.12196 -386.82928 -212.37805	
2022-08-21-18:08:30-526 -1.8344727 1.034668 -0.66552734 283.10977 -385.85367 -43.109756	
2022-08-21-18:08:30-534 -1.0708008 1.1523438 -0.73876953 337.43903 -141.09756 118.84147	
2022-08-21-18:08:30-538 -2.1411133 2.3032227 -2.211914 297.2561 -130.60976 123.17074	
2022-08-21-18:08:30-542 -2.4941406 2.1499023 -3.315918 117.19512 -211.82927 74.20732	
2022-08-21-18:08:30-774 -1.8168945 1.2709961 -4.7211914 -14.939025 -353.35367 27.134148	
2022-08-21-18:08:30-778 0.13769531 0.7207031 -4.0737305 138.35367 -377.07318 -8.963415	
2022-08-21-18:08:30-781 1.8300781 1.1640625 -2.6796875 179.45122 -157.43903 16.219513	
2022-08-21-18:08:30-785 2.3012695 0.7714844 -2.1713867 138.35367 -16.524391 30.121952	
2022-08-21-18:08:30-789 2.791504 0.42285156 -0.75341797 100.36585 215.24391 62.37805	
2022-08-21-18:08:30-794 2.0239258 1.0083008 -0.85302734 78.78049 403.2927 45.975613	
2022-08-21-18:08:30-799 1.5546875 1.3813477 -1.2114258 -37.012196 496.2195 -24.634148	
2022-08-21-18:08:30-803 1.0917969 0.9506836 -1.8417969 -156.46342 575.3049 -30.487806	
2022-08-21-18:08:30-808 0.3881836 0.9614258 -2.3588867 -201.46342 607.439 39.7561	
2022-08-21-18:08:30-815 -0.29541016 0.93115234 -2.665039 -237.74391 576.70734 143.53659	
2022-08-21-18:08:30-822 -0.5083008 0.5786133 -2.6396484 -230.91464 510.0 244.14635	
2022-08-21-18:08:30-831 -0.5673828 0.62646484 -2.5126953 -199.69513 457.31708 318.2927	
2022-08-21-18:08:30-837 -1.0175781 0.8105469 -2.6499023 -179.08537 379.7561 329.69513	
2022-08-21-18:08:30-840 -2.4389648 1.0610352 -2.977539 -184.57318 266.09756 273.0488	
2022-08-21-18:08:30-843 -3.9892578 1.0380859 -2.5927734 -211.5244 169.45122 177.98781	
2022-08-21-18:08:30-846 -4.9243164 -0.36914062 -0.9370117 -190.30489 276.82928 111.097565	
2022-08-21-18:08:31-087 -6.1132812 -0.72802734 0.62939453 -36.15854 209.39024 82.0122	
2022-08-21-18:08:31-089 -4.9345703 -1.440918 1.7109375 -73.71951 -52.012196 157.68294	
2022-08-21-18:08:31-096 -4.873047 -1.9916992 1.1767578 45.121952 -210.18294 236.34148	
2022-08-21-18:08:31-098 -13.584961 -4.100586 3.4355469 684.39026 -303.2927 -142.07318	
2022-08-21-18:08:31-102 1.7651367 -1.003418 -5.836426 496.89026 43.719513 -95.85366	
2022-08-21-18:08:31-105 -0.20458984 0.084472656 -0.09423828 -150.0 -151.21951 25.304878	
2022-08-21-18:08:31-107 -0.16748047 0.46142578 -0.8598633 -39.268295 -64.57317 8.353659	
2022-08-21-18:08:31-109 -0.1508789 0.3564453 -1.1567383 -75.36585 -68.04878 -12.865854	
2022-08-21-18:08:31-112 -0.14111328 -0.07324219 -0.8208008 -70.73171 -67.0122 -17.073172	
2022-08-21-18:08:31-114 -0.21582031 0.4716797 -1.3198242 -86.46342 -60.73171 -8.963415	
2022-08-21-18:08:31-116 -0.2626953 0.19384766 -1.2255859 -89.5122 -92.743904 -35.121952	
2022-08-21-18:08:31-117 -0.28466797 0.23486328 -1.0214844 -112.439026 -109.5122 -22.256098	
2022-08-21-18:08:31-119 -0.25195312 0.38720703 -1.0415039 -119.939026 -114.7561 -33.536587	
2022-08-21-18:08:31-123 -0.31982422 0.3798828 -1.1777344 -111.768295 -135.0 -43.23171	
2022-08-21-18:08:31-125 -0.33203125 0.4946289 -1.1791992 -83.47561 -188.35367 -59.08537	
2022-08-21-18:08:31-132 -0.39697266 0.5048828 -1.2539062 -24.756098 -225.67073 -79.57317	
2022-08-21-18:08:31-183 0 0 0 0 0 1000	
2022-08-21-18:08:39-595 0 0 0 0 0 1000	
2022-08-21-18:08:39-642 -0.1875 0.15820312 -0.93603516 0.12195122 3.6585367 0.24390244	
2022-08-21-18:08:39-645 -0.1796875 0.15234375 -0.94140625 0.24390244 4.4512196 0.12195122	
2022-08-21-18:08:39-647 -0.18066406 0.15478516 -0.9501953 0.30487806 4.4512196 0.18292683	
2022-08-21-18:08:39-649 -0.18261719 0.15917969 -0.9555664 0.0 3.4756098 0.4878049	
2022-08-21-18:08:39-652 -0.17675781 0.16064453 -0.94921875 0.0 2.1341465 0.24390244	
2022-08-21-18:08:39-654 -0.1821289 0.15283203 -0.9379883 0.30487806 1.7682927 0.0	
2022-08-21-18:08:39-656 -0.17675781 0.15283203 -0.9296875 0.24390244 2.682927 0.30487806	
2022-08-21-18:08:39-658 -0.17626953 0.15917969 -0.9379883 0.06097561 4.268293 0.36585367	
2022-08-21-18:08:39-662 -0.17626953 0.1538086 -0.94140625 0.5487805 4.5731707 -0.06097561	
2022-08-21-18:08:39-665 -0.17529297 0.15429688 -0.9477539 0.6097561 4.878049 -0.06097561	
2022-08-21-18:08:39-668 -0.1743164 0.15917969 -0.9614258 0.30487806 3.902439 -0.12195122	
2022-08-21-18:08:39-676 -0.17333984 0.15576172 -0.9667969 0.12195122 1.5853659 -0.36585367	
2022-08-21-18:08:39-681 -0.17138672 0.15722656 -0.94628906 1.1585366 0.18292683 -0.24390244	
2022-08-21-18:08:39-683 -0.17236328 0.16308594 -0.9506836 1.1585366 -0.06097561 -0.5487805	
2022-08-21-18:08:39-685 -0.17333984 0.1616211 -0.9628906 0.91463417 -0.9756098 -1.5243902	
2022-08-21-18:08:39-686 -0.17578125 0.15332031 -0.9589844 0.42682928 -2.5 -1.7073171	
2022-08-21-18:08:40-101 -0.17626953 0.15185547 -0.9506836 -0.30487806 -3.4146342 -1.4634147	
2022-08-21-18:08:40-106 -0.17578125 0.15527344 -0.9448242 -0.30487806 -3.5975611 -1.2195122	
2022-08-21-18:08:40-110 -0.17822266 0.1586914 -0.94677734 0.6707317 -3.3536587 -1.4634147	
2022-08-21-18:08:40-115 -0.17578125 0.1616211 -0.9458008 2.7439024 -3.292683 -2.5609756	
2022-08-21-18:08:40-118 -0.17675781 0.13964844 -0.9160156 2.987805 -2.0731707 -2.317073	
2022-08-21-18:08:40-121 -0.17822266 0.14794922 -0.92089844 2.804878 1.097561 -1.402439	
2022-08-21-18:08:40-127 -0.18017578 0.15625 -0.94433594 5.0609756 3.9634147 -1.8292683	
2022-08-21-18:08:40-131 -0.17675781 0.16113281 -0.9760742 9.146341 4.2073174 -2.5	
2022-08-21-18:08:40-136 -0.1772461 0.15625 -0.9609375 12.926829 2.4390244 -3.4756098	
2022-08-21-18:08:40-142 -0.17529297 0.1274414 -0.9526367 10.182927 -0.18292683 -4.02439	
2022-08-21-18:08:40-148 -0.1796875 0.11230469 -0.93066406 6.4634147 -0.79268295 -1.8902439	
2022-08-21-18:08:40-153 -0.17333984 0.1015625 -0.88427734 2.804878 1.8902439 1.5853659	
2022-08-21-18:08:40-157 -0.17089844 0.08203125 -0.8515625 -0.06097561 9.512196 5.4268293	
2022-08-21-18:08:40-162 -0.16113281 0.067871094 -0.8496094 -3.4756098 20.609756 12.743903	
2022-08-21-18:08:40-167 -0.14990234 0.095703125 -0.8208008 1.1585366 35.42683 21.40244	
2022-08-21-18:08:40-175 -0.16113281 0.10839844 -0.9511719 12.5 52.073174 26.280489	
2022-08-21-18:08:40-295 -0.12841797 0.2006836 -1.1020508 -6.646342 3.9634147 24.695122	
2022-08-21-18:08:40-299 -0.11816406 0.19335938 -1.0053711 43.841465 -6.52439 7.6219516	
2022-08-21-18:08:40-303 -0.13427734 0.15283203 -1.0732422 27.865854 1.402439 2.378049	
2022-08-21-18:08:40-310 -0.123046875 0.13916016 -1.0522461 4.9390244 1.5853659 1.2195122	
2022-08-21-18:08:40-317 -0.12792969 0.1274414 -1.0439453 -9.02439 -2.0731707 -1.402439	
2022-08-21-18:08:40-322 -0.1616211 0.12841797 -1.1235352 -30.365854 2.317073 -0.12195122	
2022-08-21-18:08:40-327 -0.19335938 0.31933594 -1.652832 -33.109756 -17.012196 29.390245	
2022-08-21-18:08:40-333 -0.16503906 0.26513672 -1.6733398 -48.59756 -120.121956 -16.707317	
2022-08-21-18:08:40-338 -0.10546875 0.22753906 -1.8540039 -57.439026 -183.17073 -33.59756	
2022-08-21-18:08:40-344 0.15527344 -0.62353516 -0.22265625 13.292684 -199.32927 -20.304878	
2022-08-21-18:08:40-348 -0.28759766 -0.4111328 0.6352539 12.439025 -126.82927 50.30488	
2022-08-21-18:08:40-352 -0.30908203 0.08154297 1.5415039 4.390244 7.9268293 83.35366	
2022-08-21-18:08:40-356 0.036621094 1.0898438 0.60791016 84.939026 201.70732 47.073174	
2022-08-21-18:08:40-360 0.029785156 0.21582031 -2.5170898 156.82927 337.43903 -47.2561	
2022-08-21-18:08:40-365 0.1640625 0.09423828 -2.6713867 66.21951 -3.9634147 8.414635	
2022-08-21-18:08:40-368 0.0043945312 0.12597656 -1.7680664 14.146341 10.792684 8.719512	
2022-08-21-18:08:40-654 -0.2607422 1.1923828 -1.2412109 47.012196 -38.59756 37.987804	
2022-08-21-18:08:40-663 -0.25683594 0.24609375 -1.8012695 31.707317 -97.80488 -42.682926	
2022-08-21-18:08:40-668 -0.3173828 1.1391602 -2.400879 65.54878 -178.71951 -55.487804	
2022-08-21-18:08:40-672 -0.5317383 2.0634766 -1.8881836 77.80488 -268.41464 -155.54878	
2022-08-21-18:08:40-679 -1.9233398 3.3012695 -1.2158203 209.08537 -275.60977 -331.2195	
2022-08-21-18:08:40-683 -4.165039 -1.4628906 -2.227539 195.60976 -277.13416 -448.47562	
2022-08-21-18:08:40-687 -3.5004883 -0.81103516 -4.958008 763.8415 -475.67075 40.30488	
2022-08-21-18:08:40-690 -0.8642578 3.072754 -4.0161133 723.5976 -638.7805 714.3293	
2022-08-21-18:08:40-695 -2.0644531 2.4238281 -2.8745117 266.2805 -470.60977 456.7683	
2022-08-21-18:08:40-703 -0.6611328 0.10205078 -3.6235352 -1.6463414 -356.82928 -58.90244	
2022-08-21-18:08:40-708 0.75439453 0.45654297 -3.0219727 78.71951 -182.98781 -214.39024	
2022-08-21-18:08:40-713 2.0478516 0.41552734 -1.8681641 81.03659 -65.121956 -185.7927	
2022-08-21-18:08:40-717 2.6264648 1.0717773 -0.73583984 126.52439 91.34147 -43.35366	
2022-08-21-18:08:40-720 2.307129 1.550293 0.041015625 125.36586 137.43903 144.2683	
2022-08-21-18:08:40-725 2.8671875 1.9125977 0.21142578 38.048782 88.65854 315.30487	
2022-08-21-18:08:40-728 2.9858398 1.4355469 -0.03515625 62.5 202.07318 402.43903	
2022-08-21-18:08:40-997 2.3100586 1.7851562 -0.109375 66.03659 313.0488 408.47562	
2022-08-21-18:08:41-002 2.2631836 1.7944336 -0.04638672 7.6219516 402.86588 315.91464	
2022-08-21-18:08:41-007 2.6201172 1.4169922 0.24023438 -34.512196 499.63416 187.5	
2022-08-21-18:08:41-011 2.1674805 1.0517578 -0.018554688 -66.46342 598.5976 162.2561	
2022-08-21-18:08:41-015 -0.4423828 1.3730469 -0.7993164 -145.97562 624.45123 238.84148	
2022-08-21-18:08:41-018 -4.541992 0.1274414 -1.5004883 -274.63416 508.84146 274.32928	
2022-08-21-18:08:41-022 -9.087891 -0.0063476562 -1.034668 -223.71951 278.10977 189.45122	
2022-08-21-18:08:41-026 -1.8256836 -6.4101562 -5.442871 1005.12195 350.3049 -600.73175	
2022-08-21-18:08:41-029 -0.109375 -0.7265625 -4.8847656 347.07318 -64.63415 -0.36585367	
2022-08-21-18:08:41-033 -0.1274414 0.04248047 -1.7954102 -130.24391 -68.90244 81.40244	
2022-08-21-18:08:41-038 -0.21142578 0.6845703 -1.3725586 -10.609756 -209.69513 -50.42683	
2022-08-21-18:08:41-043 -0.1977539 -0.13574219 -0.84277344 -56.341465 -196.21951 -46.82927	
2022-08-21-18:08:41-047 -0.29785156 0.44091797 -1.1958008 -74.32927 -182.68294 -22.317074	
2022-08-21-18:08:41-052 -0.29736328 0.6816406 -1.3046875 -44.939026 -183.17073 -35.85366	
2022-08-21-18:08:41-056 -0.3696289 0.9135742 -1.8701172 39.45122 -245.18294 -89.14635	
2022-08-21-18:08:41-060 -0.5053711 0.9013672 -1.921875 155.06097 -366.40244 -164.57318	
2022-08-21-18:08:41-309 -0.7680664 0.9448242 -2.7231445 217.74391 -382.5 -205.42683	
2022-08-21-18:08:41-314 -1.0771484 1.1757812 -2.0654297 105.79269 -430.5488 -188.71951	
2022-08-21-18:08:41-317 -2.0668945 0.23779297 -1.6289062 14.634147 -485.18295 -227.0122	
2022-08-21-18:08:41-320 -1.3745117 -0.09326172 0.22363281 79.32927 -460.3049 -222.13416	
2022-08-21-18:08:41-325 -0.75634766 0.11035156 -1.3378906 7.256098 -380.18292 -126.21951	
2022-08-21-18:08:41-329 -0.41992188 -0.33789062 -0.7558594 37.80488 -281.52438 -51.341465	
2022-08-21-18:08:41-333 -1.0483398 0.53808594 -1.4262695 177.43903 -165.91464 34.390244	
2022-08-21-18:08:41-339 -1.8110352 1.1953125 -2.0117188 180.18294 -122.56098 26.280489	
2022-08-21-18:08:41-342 -2.6743164 2.2539062 -3.599121 252.86586 -103.29269 -44.085365	
2022-08-21-18:08:41-345 -1.7099609 1.9296875 -4.6689453 125.60976 -278.2927 -108.35366	
2022-08-21-18:08:41-349 -0.42333984 1.4702148 -4.5336914 70.67073 -392.37805 -106.15854	
2022-08-21-18:08:41-353 2.163086 0.87841797 -2.9545898 137.43903 -223.41464 -29.085367	
2022-08-21-18:08:41-360 2.8862305 0.6982422 -1.8110352 126.768295 127.2561 88.65854	
2022-08-21-18:08:41-365 2.4023438 0.8149414 -1.015625 120.0 373.59756 123.10976	
2022-08-21-18:08:41-369 1.7319336 1.706543 -0.9633789 61.463417 495.12195 25.609756	
2022-08-21-18:08:41-374 1.3969727 1.3969727 -1.6293945 -126.82927 583.4147 -58.536587	
2022-08-21-18:08:41-623 0.8486328 1.0786133 -2.3222656 -204.20732 649.939 -21.646341	
2022-08-21-18:08:41-628 -0.048339844 1.171875 -2.7143555 -250.12196 633.5366 74.81708	
2022-08-21-18:08:41-631 -0.24023438 0.57958984 -2.9975586 -284.81708 556.40247 174.63416	
2022-08-21-18:08:41-634 -0.06542969 0.48095703 -3.0180664 -236.5244 524.39026 269.08536	
2022-08-21-18:08:41-639 -0.29003906 0.87158203 -3.2197266 -249.14635 524.2683 280.73172	
2022-08-21-18:08:41-641 -0.8461914 0.5205078 -4.1430664 -284.02438 534.14636 202.86586	
2022-08-21-18:08:41-643 -2.7817383 0.5810547 -4.3466797 -240.48781 567.561 153.41464	
2022-08-21-18:08:41-645 -6.601074 0.16064453 -3.1098633 -280.7927 506.7683 118.78049	
2022-08-21-18:08:41-646 -8.473633 -0.5180664 -0.9848633 -201.5244 278.90244 87.0122	
2022-08-21-18:08:41-648 -10.567383 -3.1723633 -0.6660156 250.0 -146.03659 45.182926	
2022-08-21-18:08:41-650 -12.735352 -4.4467773 -11.013184 1030.183 -690.0 59.32927	
2022-08-21-18:08:41-654 0.15234375 -0.73779297 -2.7631836 368.90244 -32.987804 -69.20732	
2022-08-21-18:08:41-657 -0.21923828 0.19042969 -0.81689453 -74.02439 -148.59756 39.45122	
2022-08-21-18:08:41-659 -0.29833984 0.18310547 -1.059082 -17.317074 -78.90244 12.865854	
2022-08-21-18:08:41-662 -0.21240234 -0.22998047 -1.2216797 -46.036587 -68.71951 26.09756	
2022-08-21-18:08:41-667 -0.099609375 0.43945312 -1.3295898 -80.18293 -138.10976 56.52439	
2022-08-21-18:08:41-714 0 0 0 0 0 1000	
2022-08-21-18:08:50-864 0 0 0 0 0 1000	
2022-08-21-18:08:51-110 -0.15136719 0.09667969 -0.9746094 7.012195 -22.987806 -8.963415	
2022-08-21-18:08:51-113 -0.16259766 0.09033203 -0.95996094 6.646342 -23.47561 -12.134147	
2022-08-21-18:08:51-115 -0.17236328 0.063964844 -0.97021484 6.585366 -22.865854 -11.829268	
2022-08-21-18:08:51-117 -0.18603516 0.07470703 -0.96533203 7.256098 -21.890244 -10.060976	
2022-08-21-18:08:51-119 -0.19042969 0.06689453 -0.94677734 7.012195 -21.036587 -8.353659	
2022-08-21-18:08:51-120 -0.19482422 0.061523438 -0.93652344 4.878049 -19.756098 -6.9512196	
2022-08-21-18:08:51-123 -0.19873047 0.05517578 -0.9296875 3.5365853 -17.5 -5.8536587	
2022-08-21-18:08:51-125 -0.20458984 0.05517578 -0.9121094 1.8902439 -15.54878 -4.756098	
2022-08-21-18:08:51-129 -0.21142578 0.057128906 -0.9165039 -0.18292683 -13.780488 -3.7804878	
2022-08-21-18:08:51-134 -0.21728516 0.06347656 -0.93408203 -0.4878049 -11.219512 -4.1463413	
2022-08-21-18:08:51-138 -0.22021484 0.072753906 -0.93652344 2.0731707 -9.146341 -5.609756	
2022-08-21-18:08:51-141 -0.22802734 0.05419922 -0.9379883 2.5 -8.536586 -5.5487804	
2022-08-21-18:08:51-143 -0.23046875 0.03125 -0.92578125 -0.30487806 -8.902439 -3.2317073	
2022-08-21-18:08:51-145 -0.22216797 0.022949219 -0.90185547 -5.914634 -8.47561 0.9756098	
2022-08-21-18:08:51-147 -0.22949219 0.024902344 -0.8833008 -14.329268 -7.682927 5.0	
2022-08-21-18:08:51-151 -0.22753906 0.021484375 -0.83251953 -25.0 -4.634146 9.817074	
2022-08-21-18:08:51-498 -0.21191406 0.014160156 -0.78564453 -34.207317 5.4268293 16.524391	
2022-08-21-18:08:51-505 -0.2109375 0.05419922 -0.7265625 -29.573172 27.256098 23.658537	
2022-08-21-18:08:51-508 -0.18798828 0.07910156 -0.703125 -19.45122 55.548782 27.439026	
2022-08-21-18:08:51-513 -0.171875 0.087890625 -0.8129883 -6.768293 82.68293 29.45122	
2022-08-21-18:08:51-518 -0.1899414 0.2055664 -1.2978516 10.914635 91.585365 30.670732	
2022-08-21-18:08:51-521 -0.09326172 0.21923828 -1.2421875 -26.280489 -2.9268293 20.97561	
2022-08-21-18:08:51-526 -0.12890625 0.24707031 -1.1850586 15.97561 -3.6585367 2.9268293	
2022-08-21-18:08:51-531 -0.13623047 0.22363281 -1.1557617 -16.036585 -2.195122 -3.9634147	
2022-08-21-18:08:51-536 -0.2705078 0.2475586 -1.65625 -10.914635 -17.743902 -14.02439	
2022-08-21-18:08:51-541 -0.2109375 0.35107422 -1.9272461 -27.134148 -131.82927 -50.975613	
2022-08-21-18:08:51-545 -0.18359375 0.4267578 -2.3388672 -38.963417 -214.14635 -71.28049	
2022-08-21-18:08:51-549 0.10205078 -0.0126953125 -1.5996094 19.573172 -292.37805 -87.80488	
2022-08-21-18:08:51-554 0.28759766 -1.1445312 -0.41796875 113.84147 -268.7195 -34.146343	
2022-08-21-18:08:51-557 0.33398438 -1.5083008 0.7260742 141.34146 -210.30489 65.85366	
2022-08-21-18:08:51-562 -0.7080078 -0.6069336 1.2636719 39.634148 -123.78049 199.45122	
2022-08-21-18:08:51-569 -0.5292969 0.47265625 1.0708008 -70.73171 -9.3902445 239.63416	
2022-08-21-18:08:51-770 -0.25390625 2.538086 -0.05517578 4.2073174 149.08537 125.243904	
2022-08-21-18:08:51-774 -0.32617188 0.765625 -1.5678711 93.96342 192.2561 -47.317074	
2022-08-21-18:08:51-778 -0.46728516 0.07470703 -2.659668 104.451225 181.34146 -76.585365	
2022-08-21-18:08:51-780 -0.625 -0.53222656 -3.3447266 78.53659 8.292683 -23.59756	
2022-08-21-18:08:51-784 -0.4453125 1.0200195 -2.5195312 75.18293 -169.0244 21.82927	
2022-08-21-18:08:51-788 -0.49023438 2.0795898 -2.0004883 82.439026 -254.0244 -87.13415	
2022-08-21-18:08:51-796 -0.5527344 2.2246094 -0.90185547 145.36586 -299.32928 -266.0366	
2022-08-21-18:08:51-800 -1.8676758 2.8881836 -1.7280273 265.30487 -315.85367 -411.2195	
2022-08-21-18:08:51-805 -2.4921875 1.199707 -2.6831055 47.5 -342.98782 -479.69513	
2022-08-21-18:08:51-807 -3.2036133 -1.7807617 -4.0932617 619.939 -467.31708 -199.69513	
2022-08-21-18:08:51-811 0.38916016 1.3574219 -3.4458008 1168.1097 -567.0122 717.561	
2022-08-21-18:08:51-815 0.22753906 4.620117 -1.0976562 713.71954 -202.56097 845.9147	
2022-08-21-18:08:51-818 -1.8833008 2.3041992 -2.2407227 -246.70732 -50.487804 189.5122	
2022-08-21-18:08:51-821 -0.44921875 -1.3779297 -2.4360352 -332.86588 66.40244 -242.68294	
2022-08-21-18:08:51-826 1.078125 -0.9580078 -1.4853516 57.92683 136.64635 -267.7439	
2022-08-21-18:08:51-833 1.9780273 0.92626953 -0.32080078 229.57318 252.43903 -131.28049	
2022-08-21-18:08:52-079 1.5805664 2.1831055 -0.10595703 150.85367 353.0488 -32.92683	
2022-08-21-18:08:52-084 1.3745117 2.5166016 -0.018066406 -16.280489 366.2805 43.292683	
2022-08-21-18:08:52-088 1.3022461 2.3466797 -0.16601562 -130.18292 364.81708 152.68294	
2022-08-21-18:08:52-093 1.3505859 2.397461 9.765625E-4 -151.7683 374.87805 302.19513	
2022-08-21-18:08:52-101 1.3588867 2.4082031 -0.06640625 -241.5244 384.39026 397.13416	
2022-08-21-18:08:52-108 1.1513672 1.7436523 -0.37402344 -301.4634 418.65854 397.62195	
2022-08-21-18:08:52-117 -0.27685547 0.95996094 -0.8803711 -396.7683 463.65854 346.2195	
2022-08-21-18:08:52-122 -2.7832031 -2.2392578 -2.6118164 -475.60977 487.37805 246.03659	
2022-08-21-18:08:52-128 -5.4228516 -5.6342773 -3.1245117 -286.7683 375.2439 197.62195	
2022-08-21-18:08:52-133 -14.601074 2.78125 -4.8320312 259.81708 254.08537 30.97561	
2022-08-21-18:08:52-138 5.1289062 0.6040039 -2.605957 1205.8536 106.28049 -119.939026	
2022-08-21-18:08:52-143 -1.4628906 -1.315918 -4.081543 252.56097 -81.52439 -115.79269	
2022-08-21-18:08:52-147 -0.3388672 0.578125 -1.8007812 -158.59756 -64.63415 47.012196	
2022-08-21-18:08:52-153 -0.107421875 0.71777344 -1.5 -48.780487 -182.43903 -39.02439	
2022-08-21-18:08:52-159 -0.13232422 -0.4506836 -1.0297852 -24.634148 -180.97562 -68.04878	
2022-08-21-18:08:52-164 -0.15185547 0.29492188 -1.0341797 -85.914635 -163.47562 -23.90244	
2022-08-21-18:08:52-418 -0.25830078 0.8691406 -1.3500977 -53.048782 -194.14635 -45.0	
2022-08-21-18:08:52-423 -0.29296875 0.7973633 -1.4331055 22.987806 -224.32927 -96.70732	
2022-08-21-18:08:52-429 -0.4453125 0.44384766 -1.6987305 121.097565 -298.65854 -141.46342	
2022-08-21-18:08:52-432 -0.6118164 0.39160156 -2.012207 182.2561 -371.2805 -157.62195	
2022-08-21-18:08:52-437 -0.8540039 0.9277344 -2.5151367 226.21951 -366.89026 -143.17073	
2022-08-21-18:08:52-440 -1.5668945 0.74365234 -1.7416992 134.32927 -395.06097 -135.91464	
2022-08-21-18:08:52-442 -1.578125 0.84033203 -0.8955078 80.18293 -448.0488 -209.39024	
2022-08-21-18:08:52-445 -1.8452148 0.9658203 0.099609375 60.792683 -430.42685 -222.74391	
2022-08-21-18:08:52-448 -0.5151367 -0.2265625 -1.2143555 27.195122 -228.10976 -80.121956	
2022-08-21-18:08:52-452 -0.34179688 -0.12890625 -0.6430664 108.96342 -147.31708 0.30487806	
2022-08-21-18:08:52-456 -1.3720703 0.8535156 -1.6206055 169.0244 -55.792683 53.048782	
2022-08-21-18:08:52-462 -1.9682617 1.5878906 -2.4125977 198.2317 -74.57317 10.426829	
2022-08-21-18:08:52-466 -2.3198242 2.2192383 -3.8061523 132.37805 -201.5244 -75.67073	
2022-08-21-18:08:52-470 -1.1591797 1.7255859 -4.5600586 -47.865856 -387.68292 -162.5	
2022-08-21-18:08:52-475 0.49804688 0.90478516 -4.1225586 38.109756 -390.0 -211.64635	
2022-08-21-18:08:52-479 2.1083984 1.3305664 -1.9916992 201.7683 -157.80489 -97.0122	
2022-08-21-18:08:52-716 2.425293 0.8720703 -0.75 70.54878 76.82927 51.09756	
2022-08-21-18:08:52-720 2.0634766 0.6904297 -0.2446289 50.060978 242.07318 144.32927	
2022-08-21-18:08:52-723 1.9233398 1.3144531 -0.19628906 15.182927 356.2805 148.53659	
2022-08-21-18:08:52-734 1.5371094 0.9145508 -0.9658203 -119.39024 508.23172 118.17074	
2022-08-21-18:08:52-740 0.875 0.67529297 -1.7832031 -164.45122 605.1829 119.268295	
2022-08-21-18:08:52-743 0.17236328 0.64208984 -2.4492188 -196.82927 608.2927 155.97562	
2022-08-21-18:08:52-748 -0.26367188 0.48242188 -2.817871 -187.2561 568.23175 210.36586	
2022-08-21-18:08:52-753 -0.1328125 0.7285156 -2.6762695 -141.95122 542.0732 238.71951	
2022-08-21-18:08:52-758 -0.31835938 1.0566406 -2.7797852 -163.17073 539.3293 220.73172	
2022-08-21-18:08:52-767 -0.82177734 0.7739258 -3.3920898 -207.2561 530.9147 165.30489	
2022-08-21-18:08:52-769 -2.1328125 1.3266602 -3.7788086 -211.64635 518.5366 152.01219	
2022-08-21-18:08:52-773 -4.546875 1.1992188 -3.9038086 -321.89026 461.64636 118.414635	
2022-08-21-18:08:52-777 -6.376465 -0.6928711 -2.5332031 -333.41464 351.09756 64.32927	
2022-08-21-18:08:52-780 -8.318848 -1.5019531 -1.5175781 -168.59756 135.67073 46.463417	
2022-08-21-18:08:52-782 -9.5703125 -3.2475586 0.3100586 344.5122 -315.73172 39.085365	
2022-08-21-18:08:52-784 -7.3222656 -3.0976562 -8.407715 968.65857 -617.439 -31.524391	
2022-08-21-18:08:52-858 0 0 0 0 0 1000	
