2022-08-21-20:11:10-636 0 0 0 0 0 1000	
2022-08-21-20:11:11-470 0.85302734 -0.48583984 0.0625 4.4512196 2.317073 -0.06097561	
2022-08-21-20:11:11-475 0.8857422 -0.4663086 0.08886719 4.390244 0.0 -0.6707317	
2022-08-21-20:11:11-482 0.87841797 -0.4794922 0.07763672 3.7195122 2.0731707 -0.73170733	
2022-08-21-20:11:11-491 0.8745117 -0.4873047 0.07373047 3.4146342 4.6951222 -1.402439	
2022-08-21-20:11:11-496 0.87158203 -0.47802734 0.068847656 2.7439024 1.097561 -0.91463417	
2022-08-21-20:11:11-504 0.8730469 -0.48242188 0.06640625 1.8292683 -4.1463413 -0.5487805	
2022-08-21-20:11:11-510 0.88183594 -0.4814453 0.06933594 1.7073171 -3.0487804 -0.6707317	
2022-08-21-20:11:11-517 0.8671875 -0.48095703 0.07128906 1.402439 0.91463417 0.06097561	
2022-08-21-20:11:11-522 0.8623047 -0.47314453 0.0546875 1.4634147 -0.12195122 0.6097561	
2022-08-21-20:11:11-530 0.86376953 -0.47558594 0.07324219 0.42682928 -5.304878 0.9756098	
2022-08-21-20:11:11-536 0.87158203 -0.4868164 0.08105469 -0.36585367 -5.4268293 1.7682927	
2022-08-21-20:11:11-545 0.86328125 -0.48779297 0.078125 0.0 -1.5243902 1.5243902	
2022-08-21-20:11:11-551 0.8383789 -0.48291016 0.06298828 1.1585366 0.6707317 0.79268295	
2022-08-21-20:11:11-559 0.8666992 -0.4814453 0.076660156 2.4390244 -1.3414634 0.85365856	
2022-08-21-20:11:11-565 0.8701172 -0.4868164 0.092285156 2.682927 -1.2195122 0.5487805	
2022-08-21-20:11:11-570 0.86279297 -0.47558594 0.09326172 3.1707318 0.91463417 0.30487806	
2022-08-21-20:11:11-703 0.8720703 -0.4736328 0.09472656 3.1097562 3.3536587 0.4878049	
2022-08-21-20:11:11-712 0.88427734 -0.48779297 0.10205078 1.6463414 2.804878 1.097561	
2022-08-21-20:11:11-718 0.85839844 -0.49169922 0.08691406 1.097561 0.18292683 0.73170733	
2022-08-21-20:11:11-726 0.8701172 -0.48095703 0.083984375 1.2195122 -2.5609756 0.5487805	
2022-08-21-20:11:11-732 0.88134766 -0.49169922 0.095703125 1.2804878 -0.5487805 1.1585366	
2022-08-21-20:11:11-737 0.87890625 -0.49414062 0.08886719 0.36585367 1.0365853 1.9512196	
2022-08-21-20:11:11-743 0.86621094 -0.48046875 0.08300781 -0.12195122 1.9512196 2.804878	
2022-08-21-20:11:11-753 0.8588867 -0.48339844 0.07373047 -0.42682928 1.4634147 3.1707318	
2022-08-21-20:11:11-760 0.8564453 -0.49072266 0.06689453 -1.7073171 0.4878049 3.4146342	
2022-08-21-20:11:11-766 0.8388672 -0.47460938 0.061523438 -2.6219513 -0.42682928 3.6585367	
2022-08-21-20:11:11-771 0.8432617 -0.4736328 0.06201172 -3.5975611 -1.6463414 3.8414636	
2022-08-21-20:11:11-777 0.8413086 -0.5058594 0.05078125 -4.9390244 0.79268295 2.4390244	
2022-08-21-20:11:11-782 0.83691406 -0.5058594 0.040039062 -4.2073174 2.2560976 3.1097562	
2022-08-21-20:11:11-792 0.8330078 -0.5097656 0.041992188 -3.8414636 2.1341465 3.1707318	
2022-08-21-20:11:11-797 0.8417969 -0.52441406 0.07714844 -3.1707318 0.85365856 3.4146342	
2022-08-21-20:11:11-802 0.8417969 -0.56152344 0.08691406 -3.902439 7.378049 5.304878	
2022-08-21-20:11:11-925 0.7836914 -0.6196289 0.048828125 -4.878049 19.207317 6.158537	
2022-08-21-20:11:11-931 0.77978516 -0.6035156 0.079589844 -3.292683 20.121952 8.170732	
2022-08-21-20:11:11-937 0.87597656 -0.5473633 0.107910156 -5.304878 7.865854 10.609756	
2022-08-21-20:11:11-942 0.9589844 -0.54541016 0.13134766 -6.8292685 11.707317 15.426829	
2022-08-21-20:11:11-951 0.9707031 -0.55371094 0.041992188 -12.621951 7.865854 23.59756	
2022-08-21-20:11:11-958 0.8930664 -0.67041016 0.09814453 -19.268293 -5.5487804 34.32927	
2022-08-21-20:11:11-966 0.8691406 -0.8334961 0.023925781 -22.439024 -1.0365853 36.341465	
2022-08-21-20:11:11-971 0.5185547 -1.1489258 -0.10058594 -17.865854 31.219513 40.121952	
2022-08-21-20:11:11-979 0.15917969 -1.5307617 -0.21972656 -8.292683 17.987804 48.292683	
2022-08-21-20:11:11-986 -0.22363281 -2.225586 -0.122558594 7.378049 -56.15854 56.036587	
2022-08-21-20:11:11-994 -0.61572266 -2.961914 -0.27783203 28.292683 -65.60976 46.40244	
2022-08-21-20:11:11-999 -1.1123047 -3.1572266 -0.19824219 65.18293 15.97561 -2.2560976	
2022-08-21-20:11:12-006 -0.60839844 -2.4677734 0.32958984 92.2561 11.097561 -81.097565	
2022-08-21-20:11:12-014 -0.04248047 -1.2617188 0.30371094 72.98781 -246.21951 -142.2561	
2022-08-21-20:11:12-020 2.2470703 -0.23925781 0.23388672 -20.121952 -257.56097 -254.14635	
2022-08-21-20:11:12-026 2.4345703 1.0200195 1.4355469 -36.585365 208.10976 -235.18294	
2022-08-21-20:11:12-123 3.1420898 1.5820312 0.81689453 -68.10976 393.59756 -230.42683	
2022-08-21-20:11:12-130 2.2470703 1.8476562 0.5058594 -76.28049 285.42685 -172.68294	
2022-08-21-20:11:12-135 1.2421875 0.21777344 0.114746094 -128.29268 -26.768293 -46.646343	
2022-08-21-20:11:12-140 0.6958008 -1.1660156 0.5605469 -223.65854 -242.92683 74.756096	
2022-08-21-20:11:12-146 1.6376953 -1.5161133 0.27539062 -87.86585 -26.09756 38.780487	
2022-08-21-20:11:12-153 0.14892578 -0.8183594 -0.39990234 0.85365856 176.95122 83.84147	
2022-08-21-20:11:12-160 -0.6591797 -0.5341797 -0.20410156 -11.829268 34.085365 61.58537	
2022-08-21-20:11:12-166 0.33154297 -0.28320312 -0.1953125 -49.390244 -181.03659 18.109756	
2022-08-21-20:11:12-174 0.2421875 -0.10107422 0.19482422 -11.707317 -143.10976 -11.8902445	
2022-08-21-20:11:12-181 -0.21386719 -0.095703125 -0.2915039 22.560976 -2.804878 -6.2195125	
2022-08-21-20:11:12-186 0.39257812 0.10107422 -0.095214844 17.256098 1.4634147 27.743902	
2022-08-21-20:11:12-191 0.3256836 -0.028808594 0.071777344 -23.658537 -63.414635 43.719513	
2022-08-21-20:11:12-197 0.31933594 -0.4892578 -0.32763672 -36.585365 -5.182927 37.317074	
2022-08-21-20:11:12-201 0.41064453 -0.38232422 -0.41455078 7.4390244 118.23171 25.121952	
2022-08-21-20:11:12-207 0.66015625 -0.40820312 -0.068847656 13.780488 -4.8170733 25.304878	
2022-08-21-20:11:12-211 1.0375977 0.7270508 -0.025390625 45.243904 -88.23171 32.621952	
2022-08-21-20:11:12-311 1.1938477 0.9794922 0.37646484 37.19512 88.414635 45.0	
2022-08-21-20:11:12-316 0.7739258 0.029785156 0.21484375 18.841463 219.5122 -5.609756	
2022-08-21-20:11:12-320 0.7080078 0.3251953 0.43847656 54.817074 46.15854 -31.524391	
2022-08-21-20:11:12-326 1.8237305 0.033203125 0.81396484 -9.817074 -117.31708 -60.30488	
2022-08-21-20:11:12-331 2.309082 -0.47216797 0.62597656 -27.865854 -44.512196 -52.80488	
2022-08-21-20:11:12-336 1.5527344 -0.203125 0.30273438 3.9634147 22.073172 -25.853659	
2022-08-21-20:11:12-340 1.8354492 0.07373047 0.33691406 -5.4268293 -27.865854 -23.719513	
2022-08-21-20:11:12-346 1.8383789 0.056152344 0.22070312 -5.304878 21.646341 -23.170732	
2022-08-21-20:11:12-352 0.7841797 0.110839844 -0.10107422 4.3292685 62.317074 -11.280488	
2022-08-21-20:11:12-357 0.87939453 0.4248047 0.014160156 6.402439 -14.634147 4.02439	
2022-08-21-20:11:12-363 1.34375 0.19433594 0.1821289 -20.182928 -44.02439 10.487805	
2022-08-21-20:11:12-368 0.9423828 0.013671875 0.095703125 -7.804878 19.939024 4.02439	
2022-08-21-20:11:12-372 0.50878906 0.016113281 -0.063964844 5.914634 38.719513 8.414635	
2022-08-21-20:11:12-377 1.0244141 0.19238281 0.10498047 -4.756098 -27.317074 8.04878	
2022-08-21-20:11:12-381 1.1113281 0.017089844 0.15625 -12.926829 -35.42683 3.8414636	
2022-08-21-20:11:12-392 0.9375 0.046875 0.16015625 4.878049 4.2073174 14.268293	
2022-08-21-20:11:12-503 1.1401367 0.024902344 0.15478516 4.3292685 22.317074 17.682928	
2022-08-21-20:11:12-510 1.0820312 0.2241211 0.21972656 7.4390244 22.256098 10.426829	
2022-08-21-20:11:12-517 0.9375 0.19335938 0.20117188 5.792683 -30.97561 15.304878	
2022-08-21-20:11:12-522 1.1118164 0.1665039 0.35205078 8.597561 -70.79269 33.536587	
2022-08-21-20:11:12-528 1.237793 0.22802734 0.40966797 19.085367 -29.695122 39.146343	
2022-08-21-20:11:12-534 0.95410156 0.29638672 0.42822266 31.585367 23.841463 35.85366	
2022-08-21-20:11:12-539 0.7832031 0.5258789 0.4711914 31.09756 -24.390244 61.890244	
2022-08-21-20:11:12-546 0.8989258 0.37548828 0.34521484 13.231708 -84.14635 88.04878	
2022-08-21-20:11:12-552 0.9902344 0.2626953 0.26953125 33.292683 7.7439027 79.756096	
2022-08-21-20:11:12-559 0.78515625 0.4086914 0.076171875 50.42683 102.5 70.85366	
2022-08-21-20:11:12-564 0.4555664 0.24560547 -0.013183594 39.32927 32.621952 77.68293	
2022-08-21-20:11:12-573 0.6699219 -0.5805664 -0.13476562 6.0365853 -44.573174 77.743904	
2022-08-21-20:11:12-579 0.6020508 -0.75927734 -0.17773438 13.536586 22.5 67.07317	
2022-08-21-20:11:12-586 0.2758789 -0.6743164 -0.46191406 19.32927 46.768295 53.109756	
2022-08-21-20:11:12-593 0.2866211 -0.3017578 -0.4169922 37.865856 -15.0 53.963417	
2022-08-21-20:11:12-598 0.6069336 -0.79589844 -0.25634766 17.560976 -74.45122 42.92683	
2022-08-21-20:11:12-693 0.53759766 -0.8251953 -0.2397461 41.15854 -34.02439 32.682926	
2022-08-21-20:11:12-700 0.40576172 -0.2524414 -0.35107422 50.121952 -4.3292685 27.743902	
2022-08-21-20:11:12-712 0.6489258 -0.24169922 -0.15722656 16.890244 5.182927 20.42683	
2022-08-21-20:11:12-719 0.51660156 -0.9042969 -0.12646484 -7.3170733 -1.5853659 8.04878	
2022-08-21-20:11:12-729 0.29003906 -0.6425781 -0.2553711 13.47561 27.621952 14.329268	
2022-08-21-20:11:12-734 0.296875 -0.59765625 -0.32421875 8.231708 18.963415 0.6707317	
2022-08-21-20:11:12-741 0.57421875 -0.64453125 -0.11816406 -5.5487804 -4.2073174 -18.47561	
2022-08-21-20:11:12-748 0.39111328 -0.9604492 -0.05126953 -16.280489 7.6219516 -26.707317	
2022-08-21-20:11:12-753 0.5522461 -1.0390625 0.04736328 -6.890244 -6.890244 -25.853659	
2022-08-21-20:11:12-759 0.90185547 -1.1542969 0.09326172 -3.5365853 -3.5365853 -35.914635	
2022-08-21-20:11:12-765 1.0751953 -1.4345703 0.41015625 13.658537 -22.92683 -58.414635	
2022-08-21-20:11:12-769 1.3349609 -1.5541992 0.44921875 26.768293 -62.5 -82.98781	
2022-08-21-20:11:12-773 1.4619141 -1.4501953 0.5756836 39.268295 -60.060978 -63.35366	
2022-08-21-20:11:12-783 1.3691406 -1.0991211 0.6928711 37.987804 -16.341463 -33.048782	
2022-08-21-20:11:12-789 1.4799805 -0.9213867 0.8442383 24.634148 40.182926 -27.073172	
2022-08-21-20:11:12-794 1.2802734 -0.9580078 0.6020508 15.97561 56.585365 -25.243902	
2022-08-21-20:11:12-962 0.6489258 -1.046875 0.2783203 16.463415 -25.97561 -23.59756	
2022-08-21-20:11:12-967 1.0966797 -0.80078125 0.28320312 6.2195125 -135.91464 -26.768293	
2022-08-21-20:11:12-970 1.71875 -0.64501953 0.5439453 0.18292683 -78.47561 -23.414635	
2022-08-21-20:11:12-974 1.2539062 -0.4921875 0.2290039 -9.878049 25.609756 -18.841463	
2022-08-21-20:11:12-980 0.80859375 -0.5913086 -0.02734375 -8.04878 48.65854 -12.195122	
2022-08-21-20:11:12-987 0.78027344 -0.4169922 0.03515625 -4.02439 -23.47561 5.0	
2022-08-21-20:11:12-991 0.8095703 -0.40527344 0.045410156 -17.865854 -87.68293 6.585366	
2022-08-21-20:11:12-994 0.70410156 -0.37646484 0.1430664 -11.768293 -26.646341 6.3414636	
2022-08-21-20:11:12-997 0.68359375 -0.4609375 0.018554688 -2.6219513 62.2561 5.182927	
2022-08-21-20:11:12-999 0.5493164 -0.39404297 0.04296875 5.2439027 68.47561 11.768293	
2022-08-21-20:11:13-001 0.6074219 -0.37646484 0.14160156 -1.7682927 -2.804878 15.609756	
2022-08-21-20:11:13-007 0.74560547 -0.46191406 0.14941406 -12.073171 -52.743904 17.804878	
2022-08-21-20:11:13-011 0.7294922 -0.52001953 0.1484375 -12.987805 -24.207317 18.170732	
2022-08-21-20:11:13-017 0.8383789 -0.50146484 0.18261719 -12.012196 4.756098 19.87805	
2022-08-21-20:11:13-019 0.90234375 -0.5546875 0.17919922 -10.609756 12.073171 18.90244	
2022-08-21-20:11:13-022 0.7583008 -0.58154297 0.15039062 -5.5487804 -3.3536587 17.560976	
2022-08-21-20:11:13-038 0 0 0 0 0 1000	
2022-08-21-20:11:27-595 0 0 0 0 0 1000	
2022-08-21-20:11:27-873 0.8378906 -0.50341797 0.11669922 -1.9512196 -0.73170733 1.4634147	
2022-08-21-20:11:27-876 0.83496094 -0.5229492 0.10546875 -1.9512196 6.768293 0.9756098	
2022-08-21-20:11:27-880 0.8173828 -0.5283203 0.083496094 -1.9512196 14.207317 1.6463414	
2022-08-21-20:11:27-885 0.7910156 -0.5180664 0.06689453 -1.1585366 10.670732 1.5243902	
2022-08-21-20:11:27-889 0.8100586 -0.50927734 0.08544922 -0.6707317 5.0 1.7682927	
2022-08-21-20:11:27-892 0.8701172 -0.5 0.119628906 -2.9268293 4.3292685 2.317073	
2022-08-21-20:11:27-896 0.8076172 -0.54296875 0.08251953 -5.304878 11.8902445 1.7682927	
2022-08-21-20:11:27-898 0.78564453 -0.55859375 0.046875 -2.804878 13.109756 -0.12195122	
2022-08-21-20:11:27-901 1.0195312 -0.5463867 0.103027344 -6.890244 -15.121951 6.9512196	
2022-08-21-20:11:27-907 1.0439453 -0.81689453 0.111816406 -20.121952 -56.82927 18.719513	
2022-08-21-20:11:27-910 0.8569336 -1.4301758 0.024414062 -26.219513 -62.073174 34.02439	
2022-08-21-20:11:27-915 0.30322266 -2.2832031 0.037597656 -3.8414636 -33.90244 51.40244	
2022-08-21-20:11:27-917 -0.4482422 -3.0317383 -0.024902344 15.487805 -21.646341 60.18293	
2022-08-21-20:11:27-920 -0.45947266 -2.8012695 -0.041503906 42.439026 -31.40244 26.768293	
2022-08-21-20:11:27-926 -0.59814453 -2.390625 0.016601562 53.292683 -22.195122 -0.30487806	
2022-08-21-20:11:27-929 -0.7104492 -2.0292969 0.13330078 56.707317 -17.92683 -63.414635	
2022-08-21-20:11:28-192 -0.03564453 -1.2578125 0.103027344 59.512196 -44.32927 -129.81708	
2022-08-21-20:11:28-196 1.0981445 -0.038085938 -0.075683594 42.439026 -53.78049 -226.82927	
2022-08-21-20:11:28-200 1.355957 1.7368164 0.8022461 26.219513 58.414635 -282.13416	
2022-08-21-20:11:28-206 2.005371 1.6694336 0.6767578 -46.585365 -12.865854 -299.2683	
2022-08-21-20:11:28-213 3.6245117 2.2197266 0.4946289 -70.67073 135.79268 -191.7683	
2022-08-21-20:11:28-219 1.715332 0.58154297 -0.060546875 -104.939026 484.0854 -151.5244	
2022-08-21-20:11:28-227 0.7631836 -0.32763672 0.4819336 -99.32927 269.69513 44.634148	
2022-08-21-20:11:28-231 0.95996094 -1.7211914 0.13769531 -77.621956 -71.15854 86.21951	
2022-08-21-20:11:28-235 0.6064453 -0.30664062 0.6044922 -10.914635 -151.82927 78.29269	
2022-08-21-20:11:28-239 0.37646484 -0.88720703 0.5805664 -69.69512 -59.69512 72.560974	
2022-08-21-20:11:28-244 0.34423828 -0.8510742 0.57373047 -57.37805 2.987805 55.548782	
2022-08-21-20:11:28-248 0.4658203 -0.7348633 0.1953125 -42.621952 -33.780487 5.182927	
2022-08-21-20:11:28-253 -0.1274414 -0.56933594 -0.45410156 -10.914635 -61.09756 4.8170733	
2022-08-21-20:11:28-259 -0.15283203 -0.08154297 -0.08691406 -2.2560976 -142.98781 29.817074	
2022-08-21-20:11:28-263 0.9086914 -0.41992188 0.0146484375 -35.97561 -152.5 17.987804	
2022-08-21-20:11:28-267 0.53027344 -0.41015625 0.12451172 -9.3902445 -5.487805 6.8292685	
2022-08-21-20:11:28-565 0.36669922 -0.4765625 -0.18408203 -18.231709 13.47561 26.646341	
2022-08-21-20:11:28-569 1.1030273 -1.0053711 -0.08691406 -66.64634 -11.036586 40.182926	
2022-08-21-20:11:28-574 1.5664062 0.25878906 0.03564453 14.45122 77.560974 35.121952	
2022-08-21-20:11:28-579 0.84033203 0.9785156 -0.3305664 19.32927 91.52439 30.42683	
2022-08-21-20:11:28-585 0.6669922 0.9477539 -0.08544922 8.780488 11.707317 46.219513	
2022-08-21-20:11:28-589 1.5024414 0.6386719 0.30371094 -7.1951222 16.463415 38.35366	
2022-08-21-20:11:28-594 1.0795898 -0.03173828 0.067871094 -11.402439 69.32927 -5.182927	
2022-08-21-20:11:28-599 1.1274414 0.2446289 0.43798828 23.109756 5.0609756 0.42682928	
2022-08-21-20:11:28-603 1.6708984 -0.0087890625 0.51953125 -0.42682928 -52.560978 -2.682927	
2022-08-21-20:11:28-607 1.2670898 -0.03466797 0.40722656 10.487805 21.646341 -6.52439	
2022-08-21-20:11:28-613 1.0419922 0.091796875 0.44677734 4.390244 29.817074 -7.5609756	
2022-08-21-20:11:28-617 1.5400391 -0.13183594 0.41845703 -21.463415 -0.73170733 -15.731708	
2022-08-21-20:11:28-623 1.1621094 -0.17041016 0.32666016 -16.40244 14.45122 -9.02439	
2022-08-21-20:11:28-628 0.8183594 0.0048828125 0.005859375 4.512195 7.865854 4.6951222	
2022-08-21-20:11:28-632 1.065918 0.24072266 0.16796875 5.365854 -3.902439 8.170732	
2022-08-21-20:11:28-636 0.97753906 0.083496094 0.20654297 -6.4634147 15.304878 -0.5487805	
2022-08-21-20:11:28-909 0.5966797 -0.15332031 0.15820312 -5.97561 36.585365 -2.1341465	
2022-08-21-20:11:28-914 0.64746094 -0.1274414 0.053222656 -2.195122 -0.4878049 6.585366	
2022-08-21-20:11:28-917 0.96728516 0.01953125 0.111816406 -3.1707318 -21.09756 -2.012195	
2022-08-21-20:11:28-920 1.0166016 -0.09326172 0.095214844 -3.4146342 21.036587 -12.743903	
2022-08-21-20:11:28-924 0.7919922 -0.11230469 -0.0063476562 13.597561 43.963417 2.5609756	
2022-08-21-20:11:28-927 0.9458008 0.0087890625 0.19482422 25.060976 13.04878 8.47561	
2022-08-21-20:11:28-929 1.1591797 0.061035156 0.26953125 23.231709 18.719513 -5.8536587	
2022-08-21-20:11:28-932 0.9663086 0.072265625 0.31933594 25.609756 26.219513 -13.719513	
2022-08-21-20:11:28-934 1.0317383 0.18945312 0.4350586 34.512196 -27.621952 -5.97561	
2022-08-21-20:11:28-936 1.3613281 0.21289062 0.39111328 21.95122 -75.426834 -1.4634147	
2022-08-21-20:11:28-938 1.3725586 0.11621094 0.5053711 24.939026 -63.475613 -1.2195122	
2022-08-21-20:11:28-942 1.3579102 0.23779297 0.36621094 45.0 -71.21951 17.987804	
2022-08-21-20:11:28-946 1.1538086 0.5859375 0.36035156 62.134148 -77.621956 52.37805	
2022-08-21-20:11:28-950 0.875 0.8383789 0.31152344 60.975613 -89.756096 91.097565	
2022-08-21-20:11:28-953 0.6010742 0.71240234 0.31640625 57.80488 -108.65854 109.14635	
2022-08-21-20:11:28-955 0.51660156 0.8276367 0.20800781 46.768295 -137.13416 115.97561	
2022-08-21-20:11:29-029 0 0 0 0 0 1000	
2022-08-21-20:11:31-998 0 0 0 0 0 1000	
2022-08-21-20:11:32-026 0.87109375 -0.4658203 0.04296875 3.4756098 2.987805 1.3414634	
2022-08-21-20:11:32-029 0.88916016 -0.45898438 0.0390625 2.682927 2.804878 0.79268295	
2022-08-21-20:11:32-031 0.8881836 -0.4477539 0.041503906 2.5609756 0.24390244 -0.24390244	
2022-08-21-20:11:32-033 0.88134766 -0.44726562 0.037109375 2.5 0.6097561 -0.85365856	
2022-08-21-20:11:32-035 0.9013672 -0.45117188 0.04296875 2.317073 4.5731707 -1.2804878	
2022-08-21-20:11:32-037 0.8959961 -0.46044922 0.033691406 3.292683 11.158537 -3.1707318	
2022-08-21-20:11:32-039 0.83984375 -0.4711914 0.0043945312 6.2195125 16.646341 -5.304878	
2022-08-21-20:11:32-041 0.8642578 -0.44873047 0.0029296875 10.060976 13.292684 -6.8292685	
2022-08-21-20:11:32-046 0.93847656 -0.39697266 -0.012207031 12.926829 13.47561 -8.231708	
2022-08-21-20:11:32-051 0.95947266 -0.34570312 -0.08300781 14.512196 22.37805 -10.731708	
2022-08-21-20:11:32-053 0.86328125 -0.33789062 -0.18701172 16.40244 19.085367 -11.463415	
2022-08-21-20:11:32-058 0.77001953 -0.39746094 -0.16552734 20.42683 -2.2560976 -10.487805	
2022-08-21-20:11:32-060 0.7319336 -0.57177734 -0.03955078 23.231709 -9.3902445 -7.0731707	
2022-08-21-20:11:32-063 0.6142578 -1.0458984 0.16601562 25.487806 -27.743902 2.5609756	
2022-08-21-20:11:32-065 0.4482422 -1.9736328 0.42529297 25.0 -81.34147 36.341465	
2022-08-21-20:11:32-067 0.38623047 -2.6972656 0.56933594 37.621952 -115.85366 82.0122	
2022-08-21-20:11:32-367 0.18017578 -2.9311523 0.8203125 30.97561 8.902439 81.21951	
2022-08-21-20:11:32-371 -0.5576172 -2.9199219 0.74609375 26.09756 96.52439 51.890244	
2022-08-21-20:11:32-378 -0.73291016 -2.7333984 0.5107422 31.82927 -28.658537 -3.2317073	
2022-08-21-20:11:32-384 0.42382812 -2.0498047 0.4609375 11.707317 -140.48781 -82.743904	
2022-08-21-20:11:32-389 1.0297852 -0.9399414 0.7109375 0.24390244 -60.792683 -148.65854	
2022-08-21-20:11:32-396 1.4208984 0.17675781 0.4375 -34.634148 -152.37805 -173.41464	
2022-08-21-20:11:32-400 2.6645508 1.3037109 0.16601562 -153.2317 -291.58536 -250.97562	
2022-08-21-20:11:32-405 3.4379883 2.3500977 0.91015625 -209.39024 137.07318 -217.31708	
2022-08-21-20:11:32-410 3.6083984 2.7822266 -0.8696289 -159.2683 611.89026 -153.71951	
2022-08-21-20:11:32-415 0.60791016 -9.765625E-4 0.119628906 -231.03659 458.23172 -44.634148	
2022-08-21-20:11:32-419 0.27392578 -3.1611328 -1.3818359 -197.86586 -146.21951 198.96342	
2022-08-21-20:11:32-425 1.1435547 -0.14746094 0.37402344 16.82927 -207.68294 57.743904	
2022-08-21-20:11:32-429 0.091796875 -0.5131836 0.1015625 -39.268295 48.719513 140.18294	
2022-08-21-20:11:32-433 -0.1899414 -0.76464844 0.25048828 -17.317074 201.95122 66.03659	
2022-08-21-20:11:32-436 0.18066406 -0.27783203 -0.21777344 -26.646341 78.53659 22.682928	
2022-08-21-20:11:32-440 -0.9423828 -0.20703125 -0.18896484 -1.4634147 35.487804 0.12195122	
2022-08-21-20:11:32-692 -0.24121094 0.0703125 -0.23925781 17.195122 -40.365856 35.30488	
2022-08-21-20:11:32-696 0.5830078 0.0029296875 0.13623047 -22.804878 -50.30488 58.719513	
2022-08-21-20:11:32-700 0.16357422 -0.5234375 0.055664062 -66.40244 -15.853659 26.768293	
2022-08-21-20:11:32-704 0.35351562 -0.8955078 -0.35742188 -57.621952 5.2439027 17.560976	
2022-08-21-20:11:32-708 1.1616211 0.4794922 -0.20947266 60.18293 1.7682927 44.939026	
2022-08-21-20:11:32-717 1.0029297 0.91552734 -0.016113281 20.060976 -36.890244 42.378048	
2022-08-21-20:11:32-721 0.9716797 0.34277344 0.18847656 5.487805 66.15854 27.743902	
2022-08-21-20:11:32-727 1.3041992 -0.14648438 0.1586914 11.829268 96.585365 -18.841463	
2022-08-21-20:11:32-731 1.3930664 0.43359375 0.35058594 39.085365 24.512196 -22.012196	
2022-08-21-20:11:32-737 1.7421875 -0.13623047 0.7861328 -9.878049 -25.609756 -23.963415	
2022-08-21-20:11:32-740 1.6303711 -0.29833984 0.5649414 17.073172 50.792683 -7.378049	
2022-08-21-20:11:32-745 1.1484375 0.1508789 0.44091797 18.841463 43.65854 -15.243903	
2022-08-21-20:11:32-749 1.2563477 -0.08691406 0.36376953 -26.158537 -47.317074 -11.341464	
2022-08-21-20:11:32-754 1.2026367 -0.021972656 0.104003906 -18.47561 -69.939026 -1.2804878	
2022-08-21-20:11:32-760 1.0805664 0.08251953 0.013183594 9.45122 19.45122 -9.207317	
2022-08-21-20:11:32-765 0.9091797 0.30322266 -0.0014648438 31.95122 106.40244 3.902439	
2022-08-21-20:11:32-960 0.6616211 0.29345703 0.048339844 21.82927 55.30488 11.585366	
2022-08-21-20:11:32-964 0.9345703 0.1850586 0.1381836 8.841464 -20.97561 0.73170733	
2022-08-21-20:11:32-968 0.8027344 0.048339844 0.08691406 11.707317 -13.04878 0.73170733	
2022-08-21-20:11:32-971 0.984375 0.19873047 0.18847656 34.69512 -22.37805 10.54878	
2022-08-21-20:11:32-979 1.3339844 0.17333984 0.25097656 29.634148 -51.707317 26.707317	
2022-08-21-20:11:32-983 1.2226562 0.23583984 0.32714844 38.90244 -45.975613 33.59756	
2022-08-21-20:11:32-987 1.1601562 0.37060547 0.34814453 46.52439 -70.30488 44.390244	
2022-08-21-20:11:32-992 1.3354492 0.5620117 0.44335938 42.317074 -94.7561 60.30488	
2022-08-21-20:11:32-996 1.3896484 0.6040039 0.5336914 37.012196 -67.19512 71.15854	
2022-08-21-20:11:32-999 1.0600586 0.71484375 0.36572266 46.15854 -49.817074 92.560974	
2022-08-21-20:11:33-002 0.8745117 0.9716797 0.19238281 45.365856 -77.5 122.07317	
2022-08-21-20:11:33-008 0.77734375 0.8730469 0.15185547 30.54878 -90.426834 135.79268	
2022-08-21-20:11:33-013 0.74609375 0.6357422 0.125 33.23171 -46.890244 122.621956	
2022-08-21-20:11:33-017 0.50341797 0.37304688 0.037597656 26.158537 -52.2561 94.02439	
2022-08-21-20:11:33-022 0.6381836 0.13378906 -0.14160156 6.2195125 -64.20732 78.78049	
2022-08-21-20:11:33-027 0.4267578 -0.6850586 -0.27539062 -20.304878 -23.536587 60.365856	
2022-08-21-20:11:33-290 0.359375 -0.6743164 0.0107421875 2.7439024 44.207317 55.792683	
2022-08-21-20:11:33-294 0.32666016 -0.57177734 -0.1171875 -0.73170733 26.40244 43.23171	
2022-08-21-20:11:33-298 0.2626953 -0.5517578 -0.14404297 -14.3902445 -1.402439 20.731709	
2022-08-21-20:11:33-303 0.24365234 -0.90771484 -0.1694336 -26.341463 32.987804 -1.8902439	
2022-08-21-20:11:33-308 0.32177734 -0.9741211 0.029296875 -8.963415 47.073174 -15.365854	
2022-08-21-20:11:33-313 0.37548828 -0.7871094 0.083984375 -4.390244 -22.621952 -41.280487	
2022-08-21-20:11:33-317 0.53466797 -1.1445312 -0.11230469 -36.40244 -37.439026 -78.10976	
2022-08-21-20:11:33-323 0.81103516 -1.4604492 0.43066406 -18.536585 38.23171 -84.87805	
2022-08-21-20:11:33-328 0.80078125 -1.4321289 0.027832031 -15.487805 6.402439 -80.97561	
2022-08-21-20:11:33-332 1.2675781 -1.6279297 0.19433594 2.5 14.878049 -101.70732	
2022-08-21-20:11:33-335 1.0849609 -1.6069336 0.39111328 26.524391 38.963417 -91.34147	
2022-08-21-20:11:33-339 1.3813477 -1.409668 0.5161133 29.390245 5.0 -58.963417	
2022-08-21-20:11:33-344 1.0073242 -1.2226562 0.5698242 25.365854 40.85366 -28.90244	
2022-08-21-20:11:33-349 0.91748047 -1.3461914 0.62646484 0.06097561 40.792683 -30.060976	
2022-08-21-20:11:33-353 0.75878906 -1.3759766 0.35986328 -9.02439 12.378049 -23.536587	
2022-08-21-20:11:33-358 0.65234375 -1.0893555 0.08642578 -14.512196 -75.060974 -23.90244	
2022-08-21-20:11:33-690 1.1035156 -0.7866211 0.18554688 -15.6707325 -104.87805 -19.45122	
2022-08-21-20:11:33-692 1.2729492 -0.65185547 0.26171875 -11.158537 -12.5 -8.536586	
2022-08-21-20:11:33-694 0.8598633 -0.6796875 0.046875 -4.4512196 55.670734 -6.585366	
2022-08-21-20:11:33-695 0.6533203 -0.5805664 0.06591797 2.8658538 16.524391 -2.5609756	
2022-08-21-20:11:33-697 0.9169922 -0.48779297 0.13378906 -4.085366 -53.35366 4.5731707	
2022-08-21-20:11:33-698 0.9238281 -0.4555664 0.1850586 -7.6219516 -28.841465 5.365854	
2022-08-21-20:11:33-699 0.8046875 -0.53564453 0.111816406 -7.012195 41.036587 3.7804878	
2022-08-21-20:11:33-700 0.7138672 -0.56640625 0.046875 -0.36585367 58.170734 6.7073174	
2022-08-21-20:11:33-707 0.65283203 -0.51123047 0.055664062 3.5975611 4.5731707 5.5487804	
2022-08-21-20:11:33-709 0.79003906 -0.48242188 0.09716797 1.097561 -44.69512 4.02439	
2022-08-21-20:11:33-713 0.97314453 -0.4716797 0.19091797 -1.2804878 -29.634148 1.3414634	
2022-08-21-20:11:33-724 0.8618164 -0.44970703 0.13330078 -0.79268295 8.658537 2.4390244	
2022-08-21-20:11:33-726 0.8408203 -0.48535156 0.10253906 -0.6097561 13.536586 4.878049	
2022-08-21-20:11:33-728 0.8183594 -0.5097656 0.114746094 -0.6707317 -11.097561 7.1341467	
2022-08-21-20:11:33-730 0.82666016 -0.51904297 0.123046875 -3.902439 -26.768293 6.402439	
2022-08-21-20:11:33-732 0.8203125 -0.4716797 0.11425781 -3.1707318 -10.792684 4.6951222	
2022-08-21-20:11:33-818 0 0 0 0 0 1000	
2022-08-21-20:11:36-352 0 0 0 0 0 1000	
2022-08-21-20:11:36-559 0.8413086 -0.4921875 0.10058594 1.402439 -0.36585367 2.317073	
2022-08-21-20:11:36-561 0.8461914 -0.4970703 0.08544922 2.0731707 -1.4634147 1.6463414	
2022-08-21-20:11:36-564 0.94921875 -0.44970703 0.12060547 5.487805 3.4756098 4.6951222	
2022-08-21-20:11:36-566 1.034668 -0.45996094 0.15527344 5.487805 -0.12195122 12.5	
2022-08-21-20:11:36-568 1.1474609 -0.5332031 0.17822266 3.292683 -6.52439 20.792683	
2022-08-21-20:11:36-571 1.1572266 -0.6748047 0.23095703 -2.0731707 -18.170732 31.09756	
2022-08-21-20:11:36-574 1.0043945 -1.1914062 0.24169922 -11.158537 -48.048782 39.69512	
2022-08-21-20:11:36-576 0.8574219 -2.1411133 0.3178711 -8.170732 -66.64634 59.32927	
2022-08-21-20:11:36-579 0.53808594 -2.8271484 0.3173828 19.207317 -39.817074 97.560974	
2022-08-21-20:11:36-582 -0.17919922 -3.2827148 0.3544922 38.292683 13.902439 93.414635	
2022-08-21-20:11:36-585 -1.1552734 -3.321289 0.48291016 43.292683 40.914635 50.243904	
2022-08-21-20:11:36-587 -1.2529297 -2.8398438 0.24511719 11.280488 -53.414635 -29.512196	
2022-08-21-20:11:36-590 -0.90966797 -1.9882812 0.038085938 -26.82927 -105.121956 -114.87805	
2022-08-21-20:11:36-594 -0.111328125 -0.83496094 0.013671875 -43.292683 -92.743904 -213.10976	
2022-08-21-20:11:36-596 0.29638672 1.1171875 0.49804688 -16.036585 -61.219513 -324.7561	
2022-08-21-20:11:36-597 1.559082 4.7563477 -0.74609375 -116.34147 -191.95122 -521.15857	
2022-08-21-20:11:36-794 6.4472656 6.830078 -0.7138672 -146.28049 47.073174 -262.07318	
2022-08-21-20:11:36-798 2.0327148 -0.4970703 -1.3525391 -329.69513 663.5366 -87.07317	
2022-08-21-20:11:36-804 -2.5854492 -0.6401367 -0.2836914 -85.48781 511.5854 229.32927	
2022-08-21-20:11:36-811 3.0219727 -3.421875 -1.4018555 -72.621956 -283.47562 142.5	
2022-08-21-20:11:36-816 -0.72216797 0.63671875 1.7792969 268.10977 90.48781 155.60976	
2022-08-21-20:11:36-819 -1.1689453 0.5566406 0.07910156 -57.80488 69.756096 90.30488	
2022-08-21-20:11:36-824 1.7714844 -1.3583984 0.12451172 -224.63416 -80.36585 28.292683	
2022-08-21-20:11:36-828 -0.084472656 -1.0039062 0.67578125 17.621952 -40.914635 -8.963415	
2022-08-21-20:11:36-831 0.036621094 -0.83496094 0.0014648438 21.707317 -58.414635 0.42682928	
2022-08-21-20:11:36-834 0.99316406 -0.9321289 0.46533203 -20.487804 24.817074 57.621952	
2022-08-21-20:11:36-837 0.71435547 -1.1367188 0.5727539 -12.682927 -7.6219516 43.719513	
2022-08-21-20:11:36-845 -0.49853516 -0.44091797 -0.29589844 10.121951 -40.914635 22.5	
2022-08-21-20:11:36-850 0.23486328 -0.51904297 -0.03466797 -3.5975611 -28.963415 15.121951	
2022-08-21-20:11:36-855 0.63671875 -0.3388672 0.023925781 7.804878 -21.890244 11.95122	
2022-08-21-20:11:36-859 0.41015625 -0.46142578 -0.15136719 -19.32927 -46.40244 2.012195	
2022-08-21-20:11:36-864 1.2592773 -0.9082031 -0.19140625 -57.134148 -47.073174 12.865854	
2022-08-21-20:11:37-138 1.6298828 -0.026367188 -0.1352539 29.32927 57.19512 50.670734	
2022-08-21-20:11:37-143 0.8754883 0.96191406 -0.5620117 66.89024 124.87805 51.82927	
2022-08-21-20:11:37-147 0.5229492 0.63183594 -0.03466797 27.5 66.46342 28.59756	
2022-08-21-20:11:37-153 1.453125 0.31054688 0.34960938 32.2561 -25.304878 4.9390244	
2022-08-21-20:11:37-158 1.2587891 0.29541016 0.4326172 21.09756 1.402439 -20.182928	
2022-08-21-20:11:37-161 1.4130859 -0.22216797 0.5683594 9.756098 -8.414635 -1.7073171	
2022-08-21-20:11:37-166 1.8388672 -0.04736328 0.79052734 36.585365 -10.121951 -8.536586	
2022-08-21-20:11:37-169 1.3173828 0.06738281 0.7319336 23.719513 51.768295 -18.414635	
2022-08-21-20:11:37-173 1.0356445 -0.119140625 0.36328125 -5.121951 3.0487804 -12.743903	
2022-08-21-20:11:37-177 1.2255859 0.009765625 0.24169922 -5.670732 -67.68293 -14.939025	
2022-08-21-20:11:37-180 1.237793 0.21240234 0.12451172 -1.8292683 -42.987804 -17.682928	
2022-08-21-20:11:37-185 1.0830078 0.33740234 0.13427734 18.59756 3.6585367 -11.158537	
2022-08-21-20:11:37-190 1.027832 0.25 0.2397461 11.8902445 12.317074 -4.6951222	
2022-08-21-20:11:37-194 0.9267578 0.05126953 0.21679688 -5.0609756 6.0365853 -14.695123	
2022-08-21-20:11:37-198 1.0136719 0.076660156 0.21972656 1.0365853 -41.82927 -15.792684	
2022-08-21-20:11:37-202 1.0854492 0.3466797 0.2861328 12.682927 -100.36585 1.5853659	
2022-08-21-20:11:37-416 1.171875 0.31103516 0.35546875 6.768293 -87.0122 9.573171	
2022-08-21-20:11:37-421 1.1811523 0.26953125 0.43701172 17.439024 -3.8414636 6.2195125	
2022-08-21-20:11:37-427 1.0463867 0.4243164 0.19628906 30.914635 -15.121951 18.170732	
2022-08-21-20:11:37-431 1.0078125 0.7832031 0.12402344 39.02439 -71.95122 50.121952	
2022-08-21-20:11:37-435 1.0708008 1.1767578 0.13867188 54.085365 -34.878048 91.52439	
2022-08-21-20:11:37-441 0.79052734 1.3276367 0.067871094 61.52439 21.40244 118.96342	
2022-08-21-20:11:37-446 0.60058594 1.2094727 -0.19238281 43.719513 -28.841465 130.91464	
2022-08-21-20:11:37-450 0.5966797 1.1157227 -0.20361328 19.756098 -50.975613 123.23171	
2022-08-21-20:11:37-453 0.41503906 0.5732422 -0.18359375 -3.6585367 -16.158537 105.79269	
2022-08-21-20:11:37-459 0.24023438 -0.3334961 -0.15966797 -30.487806 -1.2804878 77.5	
2022-08-21-20:11:37-463 0.08300781 -0.70458984 -0.13574219 -32.2561 25.670732 60.914635	
2022-08-21-20:11:37-467 0.2680664 -0.6635742 -0.2133789 -15.54878 48.109756 45.85366	
2022-08-21-20:11:37-477 0.4560547 -0.94628906 -0.17041016 -12.378049 54.32927 21.09756	
2022-08-21-20:11:37-481 0.32080078 -1.0336914 -0.17578125 -15.853659 15.54878 3.1097562	
2022-08-21-20:11:37-486 0.5654297 -1.2138672 -0.38476562 -35.42683 -43.65854 -21.341463	
2022-08-21-20:11:37-491 0.7885742 -1.9272461 -0.08984375 -41.463417 -17.621952 -46.219513	
2022-08-21-20:11:37-776 0.69189453 -1.6772461 0.2919922 7.1951222 -40.73171 -54.7561	
2022-08-21-20:11:37-783 1.2202148 -1.8789062 0.034179688 7.865854 -47.439026 -95.48781	
2022-08-21-20:11:37-788 1.4248047 -1.6972656 0.53222656 35.365856 49.817074 -84.451225	
2022-08-21-20:11:37-793 1.2026367 -1.6459961 0.35058594 42.073174 66.15854 -65.60976	
2022-08-21-20:11:37-797 0.8989258 -1.4291992 0.46972656 60.30488 68.78049 -40.548782	
2022-08-21-20:11:37-800 0.85839844 -1.1757812 0.6611328 41.707317 5.609756 -33.780487	
2022-08-21-20:11:37-804 0.99072266 -1.0214844 0.6855469 7.865854 -37.987804 -39.573174	
2022-08-21-20:11:37-809 0.94140625 -0.9199219 0.4111328 -11.768293 -22.865854 -43.59756	
2022-08-21-20:11:37-814 0.98095703 -0.8652344 0.20458984 -11.341464 -17.256098 -38.963417	
2022-08-21-20:11:37-819 1.0986328 -0.703125 0.119628906 -2.9268293 -44.512196 -23.231709	
2022-08-21-20:11:37-825 1.0908203 -0.60498047 0.14550781 3.292683 -32.07317 -13.963415	
2022-08-21-20:11:37-829 0.94433594 -0.56396484 0.16601562 6.585366 28.841465 -4.756098	
2022-08-21-20:11:37-832 0.7832031 -0.6074219 0.091308594 9.02439 45.792683 -2.5609756	
2022-08-21-20:11:37-837 0.6118164 -0.5415039 0.064941406 7.987805 -5.2439027 -0.5487805	
2022-08-21-20:11:37-844 0.87109375 -0.53564453 0.09667969 -2.1341465 -50.365856 -0.91463417	
2022-08-21-20:11:37-849 0.96484375 -0.49804688 0.21777344 1.3414634 1.4634147 1.7073171	
2022-08-21-20:11:38-034 0 0 0 0 0 1000	
2022-08-21-20:11:40-451 0 0 0 0 0 1000	
2022-08-21-20:11:40-608 0.81152344 -0.50878906 0.072265625 2.378049 1.3414634 1.8902439	
2022-08-21-20:11:40-611 0.8642578 -0.48779297 0.09863281 3.5975611 1.0365853 4.1463413	
2022-08-21-20:11:40-615 0.85058594 -0.5024414 0.100097656 1.5853659 -0.36585367 7.012195	
2022-08-21-20:11:40-617 0.82421875 -0.54248047 0.092285156 0.36585367 -2.6219513 9.634147	
2022-08-21-20:11:40-619 0.9770508 -0.5214844 0.12939453 2.012195 0.42682928 12.804878	
2022-08-21-20:11:40-623 1.1186523 -0.45214844 0.13916016 3.4146342 8.47561 20.853659	
2022-08-21-20:11:40-628 0.9980469 -0.60058594 0.104003906 1.2804878 1.402439 28.414635	
2022-08-21-20:11:40-630 0.9350586 -1.1494141 0.17089844 -0.30487806 -29.817074 37.19512	
2022-08-21-20:11:40-632 0.4970703 -2.2177734 0.2734375 8.597561 -97.0122 54.32927	
2022-08-21-20:11:40-635 0.08105469 -3.2792969 0.47705078 38.23171 -127.68293 74.39024	
2022-08-21-20:11:40-636 -0.16748047 -3.640625 0.33398438 53.048782 15.060976 53.170734	
2022-08-21-20:11:40-639 -1.1391602 -3.4331055 0.65234375 48.963417 125.30488 18.719513	
2022-08-21-20:11:40-641 -1.1010742 -2.7978516 0.26513672 14.634147 25.914635 -46.15854	
2022-08-21-20:11:40-645 -0.6196289 -1.8657227 0.2397461 -20.42683 -168.84146 -112.19512	
2022-08-21-20:11:40-648 0.017578125 -0.375 0.17041016 -72.68293 -346.89026 -219.14635	
2022-08-21-20:11:40-650 0.9873047 1.7631836 0.71972656 -108.65854 -188.84146 -373.9634	
2022-08-21-20:11:40-927 3.4160156 7.2749023 -1.0654297 -194.5122 -105.48781 -471.34146	
2022-08-21-20:11:40-930 5.8720703 2.953125 -0.28027344 -373.10977 403.2927 -294.45123	
2022-08-21-20:11:40-934 -0.39697266 0.18847656 -2.1914062 -170.67073 733.65857 196.5244	
2022-08-21-20:11:40-937 0.37402344 -4.507324 -1.640625 -283.9634 -418.47562 236.95122	
2022-08-21-20:11:40-940 2.7700195 -0.74316406 0.9394531 278.65854 54.87805 119.81708	
2022-08-21-20:11:40-946 -2.8896484 0.375 -0.6435547 95.79269 427.74393 129.2683	
2022-08-21-20:11:40-949 -0.31054688 -0.390625 1.5361328 -111.40244 4.085366 34.085365	
2022-08-21-20:11:40-953 1.5336914 -2.1591797 -0.4663086 -179.2683 -244.81708 4.6951222	
2022-08-21-20:11:40-957 -0.88427734 -0.7548828 -0.29492188 21.890244 -90.121956 -11.036586	
2022-08-21-20:11:40-961 0.8618164 -0.46728516 0.76416016 47.865856 3.8414636 8.658537	
2022-08-21-20:11:40-965 0.7988281 -0.78222656 -0.10888672 -5.4268293 23.780489 71.768295	
2022-08-21-20:11:40-969 -0.26611328 -0.40185547 0.04248047 4.9390244 -45.42683 18.04878	
2022-08-21-20:11:40-973 0.17626953 -0.057617188 0.21582031 19.268293 -53.292683 -1.6463414	
2022-08-21-20:11:40-979 0.6245117 -0.25634766 -0.118652344 -19.268293 5.97561 4.4512196	
2022-08-21-20:11:40-985 0.94628906 -0.49267578 -0.12890625 -42.2561 14.756098 7.5609756	
2022-08-21-20:11:40-990 1.1176758 -0.80908203 -0.29052734 -44.69512 -20.731709 15.731708	
2022-08-21-20:11:41-241 1.5888672 -0.13378906 -0.33154297 28.841465 17.317074 28.780489	
2022-08-21-20:11:41-247 1.1806641 0.9321289 -0.037597656 70.426834 112.07317 32.80488	
2022-08-21-20:11:41-251 0.4375 1.3310547 0.28466797 64.085365 189.14635 10.97561	
2022-08-21-20:11:41-255 0.9448242 0.38427734 0.23925781 -5.8536587 81.52439 10.426829	
2022-08-21-20:11:41-258 0.9951172 0.1586914 0.34228516 -4.390244 10.060976 -46.036587	
2022-08-21-20:11:41-263 1.3691406 -0.038085938 0.5073242 9.817074 -16.219513 -37.92683	
2022-08-21-20:11:41-266 1.9501953 -0.13623047 0.4897461 0.9756098 -17.439024 -32.92683	
2022-08-21-20:11:41-269 1.6523438 0.067871094 0.3774414 13.353659 32.5 -31.768293	
2022-08-21-20:11:41-273 1.3085938 0.26416016 0.22705078 12.378049 16.890244 -27.560976	
2022-08-21-20:11:41-277 1.6621094 0.12939453 0.08691406 -17.92683 -34.207317 -31.280489	
2022-08-21-20:11:41-281 1.5195312 0.19335938 0.1665039 -8.902439 -32.134148 -22.804878	
2022-08-21-20:11:41-286 1.4360352 0.19335938 0.1743164 16.95122 -8.719512 -2.378049	
2022-08-21-20:11:41-289 1.6152344 0.27392578 0.21044922 18.90244 41.768295 9.939025	
2022-08-21-20:11:41-294 1.0625 0.2890625 0.33691406 8.719512 54.268295 8.231708	
2022-08-21-20:11:41-297 0.9399414 0.26904297 0.33496094 5.609756 -39.69512 24.87805	
2022-08-21-20:11:41-300 1.2109375 0.40966797 0.51123047 13.04878 -83.597565 25.731709	
2022-08-21-20:11:41-603 1.3066406 0.37841797 0.5048828 11.707317 -36.52439 13.170732	
2022-08-21-20:11:41-608 1.0048828 0.3100586 0.50878906 19.87805 13.780488 17.560976	
2022-08-21-20:11:41-612 0.8618164 0.32910156 0.484375 25.914635 2.4390244 60.548782	
2022-08-21-20:11:41-618 0.83691406 0.5834961 0.31591797 34.512196 -2.7439024 95.060974	
2022-08-21-20:11:41-621 0.42236328 0.92529297 0.32666016 56.52439 80.60976 102.13415	
2022-08-21-20:11:41-626 0.07714844 0.8691406 0.024414062 44.207317 119.5122 99.085365	
2022-08-21-20:11:41-629 -0.10107422 0.6855469 -0.038085938 25.792683 63.59756 102.31708	
2022-08-21-20:11:41-632 -0.041503906 0.29589844 -0.1694336 3.1097562 -36.646343 85.97561	
2022-08-21-20:11:41-636 0.17333984 -0.068847656 -0.32958984 -4.8170733 -71.21951 81.95122	
2022-08-21-20:11:41-639 0.40429688 -0.34277344 -0.13574219 1.2195122 -36.52439 81.097565	
2022-08-21-20:11:41-644 0.51220703 -0.18554688 -0.17822266 10.914635 -17.804878 73.23171	
2022-08-21-20:11:41-648 0.62158203 -0.4350586 -0.35839844 -18.719513 -6.52439 55.060978	
2022-08-21-20:11:41-651 0.49365234 -0.47216797 -0.43603516 -26.95122 25.487806 48.65854	
2022-08-21-20:11:41-657 0.57470703 -0.4946289 -0.2524414 -33.17073 -4.5731707 45.243904	
2022-08-21-20:11:41-661 0.7758789 -0.84814453 -0.33496094 -39.634148 -49.390244 19.024391	
2022-08-21-20:11:41-665 0.40527344 -1.1523438 -0.29541016 -29.45122 -88.23171 -15.304878	
2022-08-21-20:11:41-915 0.8779297 -1.2783203 0.08154297 -17.621952 -107.5 -34.939026	
2022-08-21-20:11:41-919 0.80371094 -1.4541016 -0.022460938 -22.073172 -69.20732 -52.012196	
2022-08-21-20:11:41-924 0.92822266 -1.8413086 0.234375 -4.390244 -62.439026 -88.71951	
2022-08-21-20:11:41-927 0.9921875 -1.8447266 0.39501953 25.182928 -54.634148 -130.36586	
2022-08-21-20:11:41-930 1.1972656 -1.6967773 0.61865234 31.707317 -47.560978 -118.597565	
2022-08-21-20:11:41-935 1.1894531 -1.6987305 0.71972656 28.658537 -3.1097562 -77.560974	
2022-08-21-20:11:41-940 1.2705078 -1.5283203 0.6821289 33.841465 51.463417 -54.085365	
2022-08-21-20:11:41-946 1.2792969 -1.1987305 0.53515625 26.524391 40.30488 -40.243904	
2022-08-21-20:11:41-949 1.1152344 -0.8588867 0.3330078 9.695122 -17.682928 -27.5	
2022-08-21-20:11:41-951 1.1499023 -0.68115234 0.35253906 -8.902439 -30.487806 -19.634148	
2022-08-21-20:11:41-954 1.2094727 -0.6118164 0.31689453 -16.341463 24.45122 -18.963415	
2022-08-21-20:11:41-957 0.5859375 -0.63916016 -0.03125 -10.670732 77.5 -31.341465	
2022-08-21-20:11:41-959 0.54003906 -0.6015625 -0.018066406 5.5487804 46.768295 -30.121952	
2022-08-21-20:11:41-960 1.0063477 -0.5449219 0.08935547 9.02439 -21.40244 -20.914635	
2022-08-21-20:11:41-962 0.90527344 -0.50097656 0.12109375 9.3902445 -18.963415 -14.695123	
2022-08-21-20:11:41-965 0.81152344 -0.49316406 0.083984375 12.987805 14.573171 -10.670732	
2022-08-21-20:11:42-036 0 0 0 0 0 1000	
2022-08-21-20:11:44-555 0 0 0 0 0 1000	
2022-08-21-20:11:44-751 1.0483398 -0.48828125 0.09423828 6.890244 9.756098 13.231708	
2022-08-21-20:11:44-754 1.15625 -0.39501953 0.07128906 8.780488 0.85365856 22.621952	
2022-08-21-20:11:44-758 1.2109375 -0.43408203 0.0034179688 5.609756 -28.04878 30.853659	
2022-08-21-20:11:44-760 1.0205078 -0.86572266 0.083984375 -5.914634 -34.878048 35.060978	
2022-08-21-20:11:44-764 0.42382812 -1.7255859 0.15576172 -9.45122 -23.47561 44.634148	
2022-08-21-20:11:44-767 -0.12011719 -2.805664 0.3803711 13.04878 -56.463417 72.439026	
2022-08-21-20:11:44-769 -0.6040039 -3.371582 0.48876953 37.682926 -70.243904 78.84147	
2022-08-21-20:11:44-773 -0.9941406 -3.2685547 0.52197266 40.670734 -14.268293 56.768295	
2022-08-21-20:11:44-776 -1.0986328 -2.8823242 0.5805664 22.5 33.292683 -8.719512	
2022-08-21-20:11:44-779 -0.69677734 -2.3144531 0.33447266 12.073171 17.92683 -77.07317	
2022-08-21-20:11:44-783 -0.24121094 -1.3276367 0.104003906 10.54878 -197.56097 -131.64635	
2022-08-21-20:11:44-786 0.8046875 0.2685547 0.47607422 -43.414635 -289.02438 -240.54878	
2022-08-21-20:11:44-791 1.8803711 2.3007812 -0.068359375 -121.097565 -180.06097 -354.69513	
2022-08-21-20:11:44-793 4.260742 4.675293 -0.37841797 -210.97562 1.0365853 -294.32928	
2022-08-21-20:11:44-795 3.630371 2.0454102 -0.25927734 -220.97562 459.57318 -212.0122	
2022-08-21-20:11:44-797 0.7529297 -0.54248047 -0.6899414 -214.32927 593.4147 20.060976	
2022-08-21-20:11:45-065 0.115722656 -3.2626953 -0.64404297 -164.63416 24.512196 193.10976	
2022-08-21-20:11:45-069 1.184082 -0.65527344 0.10205078 67.256096 -6.7073174 72.37805	
2022-08-21-20:11:45-072 -1.1386719 -0.08642578 0.22021484 53.23171 99.39024 126.34147	
2022-08-21-20:11:45-078 0.4501953 -0.61621094 0.35205078 -113.78049 -38.65854 56.82927	
2022-08-21-20:11:45-082 0.6557617 -1.3457031 0.27929688 -70.67073 -25.182928 25.121952	
2022-08-21-20:11:45-087 -0.9199219 -1.0776367 -0.21142578 5.0609756 70.67073 -6.158537	
2022-08-21-20:11:45-091 -0.045898438 -0.29638672 0.12988281 43.170734 -25.853659 39.45122	
2022-08-21-20:11:45-095 0.15478516 -0.2368164 -0.09082031 -24.756098 -113.47561 60.609756	
2022-08-21-20:11:45-098 0.13671875 -0.22509766 0.14404297 -3.6585367 -44.7561 8.292683	
2022-08-21-20:11:45-101 -0.013183594 -0.18798828 -0.29345703 -3.7804878 27.317074 -7.256098	
2022-08-21-20:11:45-106 0.7709961 -0.5136719 -0.27783203 -46.707317 -63.292683 13.47561	
2022-08-21-20:11:45-111 1.7851562 -0.8413086 -0.20947266 -50.975613 -26.707317 5.914634	
2022-08-21-20:11:45-116 1.09375 0.7475586 -0.43896484 82.621956 99.5122 23.90244	
2022-08-21-20:11:45-119 0.5288086 0.91308594 0.03564453 48.109756 76.64635 18.90244	
2022-08-21-20:11:45-126 1.4599609 0.44091797 0.40771484 16.585365 21.646341 31.95122	
2022-08-21-20:11:45-130 1.4311523 0.18164062 0.25146484 19.085367 41.768295 -46.280487	
2022-08-21-20:11:45-425 1.2255859 0.24072266 0.6489258 21.280489 -14.085366 -37.2561	
2022-08-21-20:11:45-429 2.2944336 -0.31982422 0.6118164 -36.280487 -80.243904 -36.768295	
2022-08-21-20:11:45-432 1.7646484 -0.22509766 0.49560547 9.939025 44.390244 -22.92683	
2022-08-21-20:11:45-436 1.4731445 0.16259766 0.2993164 21.463415 63.536587 -19.695122	
2022-08-21-20:11:45-439 1.3457031 0.013671875 0.17089844 -15.487805 16.341463 -14.085366	
2022-08-21-20:11:45-446 0.9628906 0.076171875 0.0703125 -18.90244 -31.646341 -3.4756098	
2022-08-21-20:11:45-450 1.1342773 0.2524414 -0.096191406 -0.06097561 -39.146343 -3.5365853	
2022-08-21-20:11:45-456 1.2631836 0.375 -0.01171875 6.3414636 -1.9512196 3.7195122	
2022-08-21-20:11:45-459 0.7421875 0.2939453 -0.043945312 11.097561 19.87805 11.402439	
2022-08-21-20:11:45-463 0.5576172 0.22851562 0.080566406 15.731708 -37.5 13.414635	
2022-08-21-20:11:45-467 1.0634766 0.17480469 0.12841797 15.304878 -65.67073 17.37805	
2022-08-21-20:11:45-470 1.0673828 0.3251953 0.22558594 36.646343 -30.0 22.134148	
2022-08-21-20:11:45-476 0.9609375 0.44873047 0.26464844 56.646343 -44.085365 51.40244	
2022-08-21-20:11:45-482 1.0493164 0.61572266 0.31347656 72.37805 -71.15854 98.04878	
2022-08-21-20:11:45-485 1.2055664 0.72265625 0.35546875 75.85366 -25.54878 123.04878	
2022-08-21-20:11:45-489 0.85498047 0.98095703 0.24072266 73.78049 41.768295 116.34147	
2022-08-21-20:11:45-760 0.6513672 1.3027344 0.13769531 56.463417 19.573172 118.29269	
2022-08-21-20:11:45-764 0.76171875 1.2363281 0.027832031 29.573172 -59.87805 119.69512	
2022-08-21-20:11:45-769 0.8847656 0.625 -0.046875 13.780488 -81.52439 94.451225	
2022-08-21-20:11:45-777 0.85253906 0.39160156 -0.0087890625 26.219513 -5.670732 60.365856	
2022-08-21-20:11:45-783 0.6191406 -0.029785156 -0.140625 23.414635 9.45122 42.073174	
2022-08-21-20:11:45-788 0.63964844 -0.8881836 -0.09863281 -10.426829 -36.280487 26.585367	
2022-08-21-20:11:45-792 0.43701172 -1.1884766 -0.080566406 -28.04878 -34.207317 15.426829	
2022-08-21-20:11:45-796 0.56347656 -0.9057617 -0.053222656 -17.621952 -35.487804 9.085366	
2022-08-21-20:11:45-799 0.5878906 -1.1162109 -0.16113281 -22.439024 -36.463417 -7.378049	
2022-08-21-20:11:45-803 0.47998047 -1.3432617 -0.15478516 -18.353659 -26.890245 -22.743902	
2022-08-21-20:11:45-809 0.77001953 -1.2695312 -0.028808594 -14.512196 -30.182928 -36.341465	
2022-08-21-20:11:45-814 0.9169922 -1.0961914 0.18164062 -21.707317 1.1585366 -55.487804	
2022-08-21-20:11:45-819 0.54052734 -1.5761719 0.083496094 -39.878048 20.304878 -65.54878	
2022-08-21-20:11:45-824 0.52001953 -1.4443359 -0.017089844 -15.6707325 -4.878049 -65.67073	
2022-08-21-20:11:45-828 1.0361328 -1.4399414 0.30566406 0.42682928 -17.256098 -77.5	
2022-08-21-20:11:45-831 0.9682617 -1.5263672 0.28955078 9.878049 4.3292685 -82.926834	
2022-08-21-20:11:46-078 0.86621094 -1.6186523 0.36035156 29.024391 22.317074 -75.0	
2022-08-21-20:11:46-085 0.9824219 -1.324707 0.49365234 44.512196 7.6219516 -62.98781	
2022-08-21-20:11:46-089 1.0839844 -1.0795898 0.6074219 31.036587 -16.463415 -42.560978	
2022-08-21-20:11:46-094 1.2099609 -0.92041016 0.70654297 10.182927 -2.7439024 -25.243902	
2022-08-21-20:11:46-097 1.1362305 -0.9140625 0.4399414 -6.097561 44.32927 -16.219513	
2022-08-21-20:11:46-098 0.93652344 -0.7553711 0.122558594 -8.414635 41.890244 -2.804878	
2022-08-21-20:11:46-100 0.9199219 -0.5151367 0.026855469 -11.463415 -33.59756 4.634146	
2022-08-21-20:11:46-103 1.1821289 -0.5078125 0.13134766 -10.0 -61.28049 8.536586	
2022-08-21-20:11:46-105 0.94433594 -0.5419922 0.09033203 0.24390244 15.060976 10.304878	
2022-08-21-20:11:46-109 0.6958008 -0.55810547 -0.0068359375 5.609756 54.390244 6.52439	
2022-08-21-20:11:46-113 0.73779297 -0.4345703 0.06982422 7.682927 17.256098 9.3902445	
2022-08-21-20:11:46-116 0.81591797 -0.48046875 0.10595703 -2.682927 -36.341465 9.02439	
2022-08-21-20:11:46-119 0.80859375 -0.52490234 0.14697266 -6.158537 -21.40244 8.170732	
2022-08-21-20:11:46-122 0.83740234 -0.55322266 0.091308594 -2.378049 22.682928 9.512196	
2022-08-21-20:11:46-126 0.86279297 -0.49658203 0.08105469 1.4634147 29.024391 14.085366	
2022-08-21-20:11:46-129 0.8105469 -0.49609375 0.08300781 -0.30487806 -10.0 16.341463	
2022-08-21-20:11:46-188 0 0 0 0 0 1000	
2022-08-21-20:11:48-573 0 0 0 0 0 1000	
2022-08-21-20:11:48-598 0.8251953 -0.54345703 0.06542969 -0.85365856 10.54878 0.5487805	
2022-08-21-20:11:48-600 0.796875 -0.5449219 0.06640625 -0.24390244 4.02439 0.36585367	
2022-08-21-20:11:48-604 0.8383789 -0.546875 0.088378906 -0.73170733 -2.987805 0.42682928	
2022-08-21-20:11:48-606 0.84228516 -0.5317383 0.09326172 -1.2195122 0.4878049 0.18292683	
2022-08-21-20:11:48-609 0.82666016 -0.5419922 0.076660156 -0.6707317 4.756098 -1.097561	
2022-08-21-20:11:48-612 0.8203125 -0.5341797 0.078125 0.73170733 3.1097562 -0.36585367	
2022-08-21-20:11:48-616 0.85009766 -0.52490234 0.09033203 0.6707317 -0.85365856 0.85365856	
2022-08-21-20:11:48-618 0.8457031 -0.53222656 0.08984375 0.79268295 1.097561 1.3414634	
2022-08-21-20:11:48-621 0.83984375 -0.5419922 0.084472656 1.7682927 5.0609756 1.3414634	
2022-08-21-20:11:48-625 0.81591797 -0.53271484 0.075683594 2.9268293 5.792683 1.8292683	
2022-08-21-20:11:48-627 0.8051758 -0.54785156 0.08544922 1.8902439 0.91463417 4.3292685	
2022-08-21-20:11:48-628 0.88720703 -0.55566406 0.0859375 -0.06097561 -8.597561 8.109756	
2022-08-21-20:11:48-630 0.8984375 -0.6069336 0.10839844 -2.9268293 -9.268292 10.487805	
2022-08-21-20:11:48-632 0.85009766 -0.7011719 0.095214844 -3.0487804 -2.804878 14.3902445	
2022-08-21-20:11:48-634 0.9765625 -0.8095703 0.13183594 -4.02439 -16.463415 24.390244	
2022-08-21-20:11:48-638 1.0297852 -1.1362305 0.2368164 -5.5487804 -36.768295 36.82927	
2022-08-21-20:11:48-912 0.82128906 -1.9311523 0.34472656 -2.1341465 -56.890244 51.585365	
2022-08-21-20:11:48-916 0.30029297 -2.8061523 0.54003906 22.92683 -35.30488 72.13415	
2022-08-21-20:11:48-919 -0.3671875 -3.3051758 0.40625 40.42683 41.341465 64.085365	
2022-08-21-20:11:48-924 -0.93115234 -3.3447266 0.8276367 40.792683 56.646343 7.256098	
2022-08-21-20:11:48-928 -0.61328125 -2.8486328 0.52246094 -5.5487804 -69.02439 -56.341465	
2022-08-21-20:11:48-931 -0.4453125 -1.8515625 0.17138672 -69.69512 -228.35367 -127.86586	
2022-08-21-20:11:48-935 0.2836914 -0.78125 0.13769531 -105.121956 -227.5 -210.7317	
2022-08-21-20:11:48-938 0.27734375 0.88623047 0.39941406 -59.573174 -144.81708 -276.09756	
2022-08-21-20:11:48-942 1.777832 5.2402344 -1.515625 -119.63415 -186.58537 -509.57318	
2022-08-21-20:11:48-948 6.101074 5.2001953 -0.37890625 -349.02438 210.48781 -226.03659	
2022-08-21-20:11:48-953 1.5 -0.08496094 -2.3984375 -263.0488 655.6708 3.4146342	
2022-08-21-20:11:48-958 -2.0639648 -3.3330078 -0.64941406 -158.17073 89.20732 258.5366	
2022-08-21-20:11:48-961 2.6186523 -1.1538086 -0.56396484 113.90244 -52.012196 130.36586	
2022-08-21-20:11:48-965 -1.5751953 0.6357422 0.4921875 135.97562 377.92685 161.82927	
2022-08-21-20:11:48-968 -1.3862305 -0.39648438 0.703125 -90.67073 84.02439 40.060978	
2022-08-21-20:11:48-974 0.7548828 -2.069336 -1.0742188 -190.42683 -256.0366 39.45122	
2022-08-21-20:11:49-227 -0.03955078 -1.3051758 -0.03955078 15.487805 -112.621956 16.890244	
2022-08-21-20:11:49-232 0.7392578 -1.2260742 0.52685547 36.646343 -15.243903 14.02439	
2022-08-21-20:11:49-235 0.39404297 -1.0908203 -0.05029297 25.731709 -9.268292 67.256096	
2022-08-21-20:11:49-238 0.16113281 -0.5805664 0.41552734 22.439024 -49.939026 38.170734	
2022-08-21-20:11:49-243 0.31298828 -0.2578125 0.2866211 34.45122 -15.914635 7.865854	
2022-08-21-20:11:49-249 0.025390625 -0.23046875 -0.040039062 26.280489 -16.341463 9.512196	
2022-08-21-20:11:49-254 0.3491211 0.15673828 0.29101562 15.487805 -54.45122 16.036585	
2022-08-21-20:11:49-259 0.62890625 -0.18945312 0.06542969 -40.792683 -18.90244 20.792683	
2022-08-21-20:11:49-264 1.1245117 -0.84814453 -0.5854492 -76.34147 46.219513 8.414635	
2022-08-21-20:11:49-268 1.2700195 0.2685547 -0.3798828 65.121956 60.060978 15.853659	
2022-08-21-20:11:49-271 0.78564453 0.9165039 -0.31933594 51.585365 38.109756 28.109756	
2022-08-21-20:11:49-277 1.0185547 0.5810547 0.0043945312 36.036587 96.768295 31.036587	
2022-08-21-20:11:49-284 1.2426758 0.3647461 0.11328125 28.536587 119.63415 -25.182928	
2022-08-21-20:11:49-289 0.90771484 0.17919922 0.22851562 18.59756 6.097561 -67.19512	
2022-08-21-20:11:49-296 1.921875 -0.09082031 0.50878906 -8.292683 -116.03659 -50.30488	
2022-08-21-20:11:49-313 2.5839844 -0.19970703 0.51416016 7.987805 29.939026 -35.182926	
2022-08-21-20:11:49-566 1.8095703 0.022460938 0.4267578 25.54878 152.98781 -35.182926	
2022-08-21-20:11:49-570 1.2651367 0.25 0.20263672 13.231708 17.92683 -31.09756	
2022-08-21-20:11:49-574 1.7597656 0.3095703 0.2841797 -29.756098 -97.31708 -25.609756	
2022-08-21-20:11:49-578 1.8789062 0.12451172 0.17236328 -12.560976 -21.40244 -13.04878	
2022-08-21-20:11:49-584 1.3691406 0.12548828 0.20654297 28.719513 79.02439 2.378049	
2022-08-21-20:11:49-588 0.8432617 0.29589844 0.28027344 23.414635 81.34147 9.085366	
2022-08-21-20:11:49-593 0.95654297 0.24560547 0.2734375 -12.073171 -7.1341467 3.7804878	
2022-08-21-20:11:49-597 1.0546875 0.1459961 0.27392578 -12.5 -82.743904 -0.91463417	
2022-08-21-20:11:49-600 1.1347656 0.21972656 0.31396484 -2.2560976 -64.756096 2.987805	
2022-08-21-20:11:49-605 1.2358398 9.765625E-4 0.18115234 -7.804878 1.8292683 -0.06097561	
2022-08-21-20:11:49-609 1.0375977 0.203125 0.20019531 10.670732 -2.7439024 7.1951222	
2022-08-21-20:11:49-614 1.0107422 0.19824219 0.27441406 6.52439 -93.53659 32.439026	
2022-08-21-20:11:49-618 1.168457 0.2993164 0.29541016 29.085367 -92.31708 57.073174	
2022-08-21-20:11:49-622 1.1142578 0.39453125 0.37353516 51.219513 22.012196 60.18293	
2022-08-21-20:11:49-626 0.66845703 0.56396484 0.2133789 69.14634 57.37805 67.0122	
2022-08-21-20:11:49-630 0.5239258 0.8803711 0.08935547 60.30488 -38.47561 104.7561	
2022-08-21-20:11:49-898 0.5288086 0.9897461 0.19384766 50.609756 -65.60976 120.85366	
2022-08-21-20:11:49-903 0.52978516 0.8569336 0.07373047 47.5 -38.23171 120.97561	
2022-08-21-20:11:49-909 0.2055664 0.5239258 -0.07763672 39.390244 -29.573172 93.84147	
2022-08-21-20:11:49-913 0.31396484 0.3701172 -0.14990234 30.487806 -51.036587 85.30488	
2022-08-21-20:11:49-916 0.47216797 0.010253906 -0.18017578 12.865854 -61.82927 65.914635	
2022-08-21-20:11:49-919 0.44335938 -0.6386719 -0.13232422 -8.04878 -15.487805 48.536587	
2022-08-21-20:11:49-925 0.31396484 -0.8833008 -0.0546875 -12.317074 24.634148 51.585365	
2022-08-21-20:11:49-929 0.5341797 -0.6425781 -0.17236328 -16.707317 -10.731708 45.30488	
2022-08-21-20:11:49-932 0.6279297 -0.91748047 -0.28320312 -36.219513 -1.3414634 20.609756	
2022-08-21-20:11:49-936 0.37451172 -1.0170898 -0.14648438 -31.585367 44.817074 4.1463413	
2022-08-21-20:11:49-939 0.7553711 -1.0878906 -0.05419922 -23.109756 -9.268292 -10.914635	
2022-08-21-20:11:49-943 0.8261719 -0.97021484 -0.18408203 -32.560978 -26.158537 -51.707317	
2022-08-21-20:11:49-947 0.7246094 -1.7402344 -0.029785156 -39.573174 19.87805 -78.96342	
2022-08-21-20:11:49-951 0.79052734 -1.5019531 0.2290039 -16.585365 -23.658537 -69.32927	
2022-08-21-20:11:49-955 1.3554688 -1.7480469 0.05419922 -14.939025 -56.15854 -93.78049	
2022-08-21-20:11:49-960 1.1103516 -1.5576172 0.4658203 9.146341 22.92683 -99.14635	
2022-08-21-20:11:50-120 0 0 0 0 0 1000	
2022-08-21-20:12:01-970 0 0 0 0 0 1000	
2022-08-21-20:12:02-005 0.6425781 -0.85595703 0.11669922 -12.012196 20.914635 -22.804878	
2022-08-21-20:12:02-007 0.6533203 -0.9370117 0.06982422 -8.04878 36.82927 -25.365854	
2022-08-21-20:12:02-010 0.5732422 -0.8666992 0.04248047 -0.6097561 48.90244 -28.414635	
2022-08-21-20:12:02-014 0.5073242 -0.75634766 -0.037109375 4.8170733 42.621952 -31.158537	
2022-08-21-20:12:02-017 0.5883789 -0.65625 0.0063476562 11.646341 28.47561 -28.414635	
2022-08-21-20:12:02-019 0.74853516 -0.57373047 0.05419922 17.195122 25.914635 -15.914635	
2022-08-21-20:12:02-024 0.70996094 -0.5234375 -0.01171875 19.634148 20.609756 -6.280488	
2022-08-21-20:12:02-027 0.9658203 -0.4765625 0.019042969 19.024391 -7.9268293 5.0609756	
2022-08-21-20:12:02-029 1.3022461 -0.39404297 0.265625 14.634147 2.2560976 18.292683	
2022-08-21-20:12:02-031 1.1499023 -0.4243164 0.2397461 -0.79268295 24.085367 20.97561	
2022-08-21-20:12:02-033 0.83984375 -0.54589844 0.2446289 -17.012196 20.853659 12.865854	
2022-08-21-20:12:02-039 0.6303711 -0.62597656 0.20947266 -22.560976 -9.02439 6.0365853	
2022-08-21-20:12:02-041 0.59472656 -0.7133789 0.17285156 -18.658537 -44.817074 -7.1951222	
2022-08-21-20:12:02-045 0.5942383 -0.7895508 0.07470703 -9.268292 -30.365854 -20.792683	
2022-08-21-20:12:02-048 0.67871094 -0.74316406 0.09863281 8.231708 7.378049 -29.32927	
2022-08-21-20:12:02-050 0.9663086 -0.60546875 0.18115234 18.536585 15.54878 -30.97561	
2022-08-21-20:12:02-322 0.9814453 -0.47314453 0.18115234 22.560976 13.536586 -26.463415	
2022-08-21-20:12:02-328 0.99072266 -0.4194336 0.16796875 20.365854 10.060976 -15.853659	
2022-08-21-20:12:02-331 1.1083984 -0.41796875 0.22753906 11.036586 9.634147 -0.30487806	
2022-08-21-20:12:02-338 0.8989258 -0.40478516 0.2163086 1.9512196 23.90244 8.109756	
2022-08-21-20:12:02-343 0.72998047 -0.47851562 0.09375 -2.4390244 23.780489 8.04878	
2022-08-21-20:12:02-350 0.60839844 -0.5214844 0.022949219 0.79268295 10.365854 5.4268293	
2022-08-21-20:12:02-353 0.7084961 -0.44482422 0.08935547 2.804878 -8.04878 4.390244	
2022-08-21-20:12:02-359 0.82373047 -0.43017578 0.140625 2.378049 -8.04878 2.682927	
2022-08-21-20:12:02-362 0.7998047 -0.44628906 0.10888672 3.5975611 10.54878 1.402439	
2022-08-21-20:12:02-366 0.82910156 -0.47509766 0.111816406 6.280488 14.634147 0.12195122	
2022-08-21-20:12:02-370 0.88916016 -0.4501953 0.13427734 5.97561 -0.24390244 0.30487806	
2022-08-21-20:12:02-374 0.9404297 -0.4658203 0.18603516 2.5 -0.73170733 0.79268295	
2022-08-21-20:12:02-378 0.8964844 -0.53125 0.17236328 0.5487805 13.109756 0.42682928	
2022-08-21-20:12:02-383 0.8183594 -0.578125 0.12841797 -0.06097561 16.707317 0.6707317	
2022-08-21-20:12:02-387 0.8144531 -0.58496094 0.15478516 -0.6097561 2.804878 2.012195	
2022-08-21-20:12:02-393 0.85595703 -0.6064453 0.14160156 -2.7439024 -8.109756 4.02439	
2022-08-21-20:12:02-636 0.83691406 -0.625 0.18408203 -3.4146342 5.0 7.5	
2022-08-21-20:12:02-642 0.7338867 -0.67822266 0.080566406 -2.5 24.268293 9.207317	
2022-08-21-20:12:02-648 0.6953125 -0.7368164 0.13085938 -0.79268295 24.268293 11.219512	
2022-08-21-20:12:02-652 0.67041016 -0.7373047 0.13476562 0.30487806 4.02439 12.073171	
2022-08-21-20:12:02-656 0.7167969 -0.8017578 0.14892578 -2.317073 -1.5243902 14.02439	
2022-08-21-20:12:02-660 0.703125 -1.0180664 0.12646484 -1.5243902 10.54878 14.512196	
2022-08-21-20:12:02-664 0.58251953 -1.5283203 0.18798828 3.4146342 14.45122 19.756098	
2022-08-21-20:12:02-668 0.30615234 -2.2294922 0.21972656 14.02439 -9.085366 33.90244	
2022-08-21-20:12:02-672 0.20019531 -2.6889648 0.3232422 29.573172 -11.52439 46.463417	
2022-08-21-20:12:02-677 -0.2626953 -2.7626953 0.21240234 39.207317 37.19512 21.524391	
2022-08-21-20:12:02-680 -0.89990234 -2.7080078 0.14746094 36.15854 31.646341 -22.560976	
2022-08-21-20:12:02-685 -0.49804688 -2.1279297 0.11230469 35.792683 -2.317073 -98.29269	
2022-08-21-20:12:02-689 0.22607422 -1.0117188 0.16601562 44.634148 -72.926834 -177.01219	
2022-08-21-20:12:02-692 0.4375 0.47460938 0.5522461 64.268295 -79.87805 -263.7195	
2022-08-21-20:12:02-697 1.1621094 2.4067383 0.8149414 1.3414634 -171.95122 -374.0244	
2022-08-21-20:12:02-700 3.8154297 4.3032227 0.21679688 -110.426834 -166.28049 -353.35367	
2022-08-21-20:12:02-952 3.1264648 2.0166016 0.14892578 -192.92683 261.34146 -199.63416	
2022-08-21-20:12:02-957 1.2495117 -0.51904297 0.20361328 -217.56097 395.0 46.09756	
2022-08-21-20:12:02-961 0.1850586 -3.1279297 -1.0136719 -102.743904 -89.756096 212.56097	
2022-08-21-20:12:02-966 1.3222656 -0.4477539 1.0463867 95.30488 -111.46342 90.67073	
2022-08-21-20:12:02-969 -1.1967773 -0.5732422 -0.056152344 -18.536585 96.70732 106.89024	
2022-08-21-20:12:02-973 0.80566406 -0.703125 0.78564453 -87.19512 -40.243904 34.390244	
2022-08-21-20:12:02-979 0.7783203 -1.0561523 0.29882812 -48.109756 -70.30488 8.292683	
2022-08-21-20:12:02-984 0.06933594 -0.78027344 -0.39208984 0.36585367 -17.012196 -12.073171	
2022-08-21-20:12:02-988 -0.048828125 -0.06591797 0.35058594 64.32927 -7.9268293 41.585365	
2022-08-21-20:12:02-993 0.4423828 -0.2758789 0.041992188 -18.292683 -105.54878 37.92683	
2022-08-21-20:12:02-996 0.48291016 -0.2919922 0.20947266 3.5365853 -47.92683 6.52439	
2022-08-21-20:12:02-999 0.27001953 -0.1538086 0.09375 6.768293 20.182928 12.682927	
2022-08-21-20:12:03-006 0.79785156 -0.32861328 0.11669922 -29.085367 -13.170732 38.170734	
2022-08-21-20:12:03-012 1.3647461 -0.9584961 0.07324219 -79.57317 42.439026 31.95122	
2022-08-21-20:12:03-016 1.2583008 0.6953125 0.009277344 66.097565 128.84146 55.85366	
2022-08-21-20:12:03-020 0.5703125 0.7319336 -0.30078125 -7.7439027 76.40244 34.45122	
2022-08-21-20:12:03-309 0.77001953 0.83984375 -0.0234375 -12.804878 27.317074 52.439026	
2022-08-21-20:12:03-314 1.3398438 0.36914062 0.05029297 -32.621952 72.98781 12.073171	
2022-08-21-20:12:03-319 1.0029297 -0.095214844 -0.15576172 7.4390244 104.20732 -29.024391	
2022-08-21-20:12:03-326 1.3618164 0.119628906 0.25732422 33.35366 16.40244 -7.3170733	
2022-08-21-20:12:03-329 1.9189453 0.1665039 0.67626953 34.878048 9.207317 -12.804878	
2022-08-21-20:12:03-333 1.4370117 0.037109375 0.64453125 24.695122 55.85366 -4.634146	
2022-08-21-20:12:03-340 1.2094727 -0.03955078 0.56347656 13.841464 3.2317073 1.2195122	
2022-08-21-20:12:03-345 1.4306641 0.16064453 0.54248047 11.768293 -31.524391 -10.365854	
2022-08-21-20:12:03-350 1.3691406 0.3203125 0.6020508 21.158537 -10.670732 -13.414635	
2022-08-21-20:12:03-353 1.1748047 0.15332031 0.52246094 13.597561 -5.121951 8.292683	
2022-08-21-20:12:03-358 1.0786133 0.09277344 0.5629883 7.378049 -27.37805 20.0	
2022-08-21-20:12:03-361 1.1376953 0.045410156 0.54003906 -1.8902439 -35.487804 8.04878	
2022-08-21-20:12:03-366 1.0131836 0.10205078 0.42626953 0.6097561 -39.146343 5.792683	
2022-08-21-20:12:03-370 0.87353516 0.13574219 0.3095703 -0.42682928 -54.207317 13.963415	
2022-08-21-20:12:03-376 1.09375 0.115722656 0.3330078 -5.792683 -53.35366 15.54878	
2022-08-21-20:12:03-380 1.0898438 0.10595703 0.28564453 -3.4146342 -50.670734 13.109756	
2022-08-21-20:12:03-580 0.9267578 0.22460938 0.30078125 7.987805 -71.40244 27.073172	
2022-08-21-20:12:03-587 1.0019531 0.28710938 0.29882812 7.1341467 -77.68293 41.280487	
2022-08-21-20:12:03-593 1.1264648 0.20263672 0.33691406 11.280488 -22.804878 42.439026	
2022-08-21-20:12:03-597 0.9350586 0.24414062 0.3100586 20.914635 4.2073174 46.95122	
2022-08-21-20:12:03-602 0.8183594 0.3876953 0.26123047 20.97561 -42.80488 75.97561	
2022-08-21-20:12:03-610 0.9604492 0.5957031 0.15527344 33.048782 -45.42683 113.53659	
2022-08-21-20:12:03-614 0.69140625 0.9428711 0.03466797 54.817074 53.841465 133.17073	
2022-08-21-20:12:03-618 0.49121094 0.8261719 -0.15039062 47.560978 112.0122 121.46342	
2022-08-21-20:12:03-623 0.3256836 0.6323242 -0.22705078 29.268293 98.71951 104.63415	
2022-08-21-20:12:03-630 0.0 0.1977539 -0.06933594 -3.3536587 30.42683 93.23171	
2022-08-21-20:12:03-634 0.053710938 -0.5175781 -0.23339844 -39.512196 -58.414635 88.84147	
2022-08-21-20:12:03-637 0.25585938 -0.65478516 -0.17773438 -35.0 -60.121952 84.085365	
2022-08-21-20:12:03-642 0.27490234 -0.28515625 -0.28710938 -33.23171 -27.195122 59.08537	
2022-08-21-20:12:03-647 0.46972656 -0.70996094 -0.35107422 -48.292683 14.634147 34.02439	
2022-08-21-20:12:03-650 0.22607422 -1.1904297 -0.067871094 -35.30488 21.82927 14.02439	
2022-08-21-20:12:03-655 0.14892578 -1.0473633 -0.15820312 -15.914635 -51.646343 4.085366	
2022-08-21-20:12:03-896 0.72265625 -1.1567383 -0.41845703 -20.121952 -100.121956 -26.82927	
2022-08-21-20:12:03-899 0.84228516 -1.7739258 0.20117188 -0.6097561 -21.463415 -67.743904	
2022-08-21-20:12:03-904 0.51904297 -1.668457 0.50097656 30.487806 -48.048782 -89.268295	
2022-08-21-20:12:03-909 0.99853516 -1.8911133 0.122558594 29.695122 -78.35366 -110.06098	
2022-08-21-20:12:03-914 1.2373047 -1.6005859 0.8149414 40.487804 6.3414636 -99.5122	
2022-08-21-20:12:03-919 1.1357422 -1.3671875 0.8417969 18.90244 23.170732 -82.31708	
2022-08-21-20:12:03-926 1.0805664 -1.4492188 0.5805664 1.7682927 7.9268293 -56.341465	
2022-08-21-20:12:03-929 0.9248047 -1.1391602 0.49804688 1.5853659 -11.8902445 -42.865856	
2022-08-21-20:12:03-933 0.98583984 -0.97021484 0.4580078 -4.878049 -15.6707325 -42.682926	
2022-08-21-20:12:03-938 0.99072266 -0.81591797 0.45361328 -13.841464 4.512195 -35.792683	
2022-08-21-20:12:03-944 0.83447266 -0.8417969 0.10107422 -13.292684 2.8658538 -30.609756	
2022-08-21-20:12:03-949 0.82421875 -0.57470703 0.030761719 -4.268293 -29.146341 -24.817074	
2022-08-21-20:12:03-953 1.112793 -0.40527344 0.17822266 -5.0609756 -47.37805 -17.073172	
2022-08-21-20:12:03-958 1.0151367 -0.47070312 0.22607422 -7.9268293 -0.12195122 -13.902439	
2022-08-21-20:12:03-961 0.7060547 -0.63671875 0.020019531 -4.634146 55.365856 -14.207317	
2022-08-21-20:12:03-965 0.65283203 -0.60253906 0.061035156 6.4634147 35.182926 -10.97561	
2022-08-21-20:12:04-119 0 0 0 0 0 1000	
2022-08-21-20:12:06-425 0 0 0 0 0 1000	
2022-08-21-20:12:06-459 0.8779297 -0.44335938 0.111816406 0.91463417 1.6463414 0.91463417	
2022-08-21-20:12:06-461 0.86083984 -0.44482422 0.106933594 0.6707317 2.8658538 0.9756098	
2022-08-21-20:12:06-465 0.83447266 -0.46728516 0.079589844 0.06097561 -1.7682927 1.2195122	
2022-08-21-20:12:06-467 0.8535156 -0.47998047 0.10546875 0.91463417 0.30487806 1.4634147	
2022-08-21-20:12:06-469 0.86083984 -0.50439453 0.106933594 2.2560976 7.378049 1.0365853	
2022-08-21-20:12:06-471 0.82177734 -0.5644531 0.08544922 1.6463414 4.512195 1.5243902	
2022-08-21-20:12:06-473 0.97802734 -0.5888672 0.1616211 -0.18292683 -11.219512 7.7439027	
2022-08-21-20:12:06-475 1.1259766 -0.7451172 0.13183594 -4.3292685 -21.646341 16.40244	
2022-08-21-20:12:06-477 1.0478516 -1.2861328 0.19628906 0.42682928 2.012195 27.804878	
2022-08-21-20:12:06-479 0.82373047 -2.0957031 0.2836914 17.621952 27.439026 48.109756	
2022-08-21-20:12:06-483 0.20507812 -2.7246094 0.42871094 33.17073 -4.634146 75.48781	
2022-08-21-20:12:06-485 -0.033691406 -2.9887695 0.45458984 34.085365 -15.365854 51.82927	
2022-08-21-20:12:06-487 -0.84521484 -3.1342773 0.4248047 8.231708 -10.060976 1.2804878	
2022-08-21-20:12:06-491 -0.57714844 -2.5771484 0.12597656 -18.963415 -52.92683 -78.78049	
2022-08-21-20:12:06-493 -0.2758789 -1.6547852 0.1665039 -19.87805 -91.03659 -159.63416	
2022-08-21-20:12:06-503 0.08251953 0.19140625 0.29589844 -5.7317076 -317.80487 -241.09756	
2022-08-21-20:12:06-775 1.2539062 2.5947266 -0.12646484 -103.04878 -325.7927 -419.20734	
2022-08-21-20:12:06-780 6.432129 8.132324 -0.96240234 -193.71951 -33.35366 -263.59756	
2022-08-21-20:12:06-787 2.7260742 0.25976562 -0.2944336 -385.85367 752.37805 -246.09756	
2022-08-21-20:12:06-791 -2.1738281 -3.3930664 -2.8183594 -113.78049 496.64636 304.93903	
2022-08-21-20:12:06-798 3.024414 -0.9897461 0.05810547 -0.5487805 -267.92685 44.390244	
2022-08-21-20:12:06-801 0.19921875 0.61572266 1.0292969 143.53659 365.7927 225.97562	
2022-08-21-20:12:06-806 -2.930664 -0.79248047 0.34033203 -51.463417 303.23172 12.195122	
2022-08-21-20:12:06-811 0.13085938 -1.0961914 -1.0170898 -203.96342 -386.89026 -5.365854	
2022-08-21-20:12:06-816 1.3466797 -1.7553711 0.47265625 -21.890244 -237.68294 19.512196	
2022-08-21-20:12:06-819 0.58935547 -0.79589844 0.55126953 72.926834 110.0 42.073174	
2022-08-21-20:12:06-826 -0.17773438 -0.70996094 0.18652344 13.47561 96.64635 51.28049	
2022-08-21-20:12:06-830 -0.38964844 -0.30322266 0.60498047 21.82927 -148.10976 28.353659	
2022-08-21-20:12:06-833 0.69140625 -0.2602539 0.26660156 -16.707317 -225.7927 3.4146342	
2022-08-21-20:12:06-837 1.0161133 -0.32080078 0.17041016 -11.829268 -5.365854 -1.3414634	
2022-08-21-20:12:06-840 0.34179688 0.046875 0.34033203 18.04878 51.036587 22.560976	
2022-08-21-20:12:06-847 1.1855469 -0.45458984 -0.22509766 -78.414635 -136.34146 38.35366	
2022-08-21-20:12:07-091 1.8701172 -0.41845703 -0.37841797 -44.207317 -14.329268 40.060978	
2022-08-21-20:12:07-095 0.9916992 1.1420898 -0.66259766 82.743904 185.54878 38.780487	
2022-08-21-20:12:07-098 0.15771484 0.83691406 -0.2163086 27.743902 115.85366 32.2561	
2022-08-21-20:12:07-101 1.2446289 0.68847656 0.25341797 9.573171 22.256098 40.914635	
2022-08-21-20:12:07-104 1.1054688 0.047851562 0.14550781 -4.3292685 82.743904 -62.621952	
2022-08-21-20:12:07-108 0.97998047 0.00390625 0.4423828 33.780487 36.40244 -38.414635	
2022-08-21-20:12:07-113 1.8300781 0.08691406 0.54003906 -7.1951222 -101.585365 -9.329268	
2022-08-21-20:12:07-118 2.4296875 -0.014160156 0.67529297 4.390244 -10.182927 -22.682928	
2022-08-21-20:12:07-122 1.2109375 -0.14794922 0.24804688 4.9390244 109.20732 -19.939024	
2022-08-21-20:12:07-126 0.9682617 0.24853516 0.21679688 5.7317076 -15.0 -6.8292685	
2022-08-21-20:12:07-130 1.8295898 0.24365234 0.23632812 -13.292684 -40.792683 -9.45122	
2022-08-21-20:12:07-134 1.1894531 0.22509766 0.053222656 19.695122 80.85366 -9.3902445	
2022-08-21-20:12:07-138 0.52490234 0.35498047 0.16210938 27.682928 29.32927 7.5609756	
2022-08-21-20:12:07-143 1.1479492 0.34277344 0.31933594 -0.12195122 -49.02439 9.634147	
2022-08-21-20:12:07-147 1.0307617 0.14501953 0.2685547 2.0731707 -14.573171 -6.0365853	
2022-08-21-20:12:07-151 0.8222656 0.31933594 0.31640625 25.121952 -20.914635 4.756098	
2022-08-21-20:12:07-406 0.95996094 0.36669922 0.28857422 16.40244 -62.80488 22.256098	
2022-08-21-20:12:07-410 0.9682617 0.28808594 0.29492188 14.878049 -80.85366 25.97561	
2022-08-21-20:12:07-416 0.8935547 0.34423828 0.32910156 30.060976 -104.81708 35.97561	
2022-08-21-20:12:07-419 1.0620117 0.43017578 0.30859375 40.73171 -104.02439 69.32927	
2022-08-21-20:12:07-425 0.9824219 0.68310547 0.123535156 68.597565 -52.80488 109.14635	
2022-08-21-20:12:07-428 0.8569336 1.1181641 0.10888672 83.84147 -20.304878 130.06097	
2022-08-21-20:12:07-432 0.6870117 1.1572266 -0.015136719 70.60976 -1.1585366 127.19512	
2022-08-21-20:12:07-436 0.60253906 0.95214844 -0.099609375 57.5 1.2804878 114.7561	
2022-08-21-20:12:07-439 0.59521484 0.65722656 -0.23925781 41.036587 3.0487804 100.06098	
2022-08-21-20:12:07-447 0.4711914 0.20410156 -0.26708984 18.109756 -9.268292 81.95122	
2022-08-21-20:12:07-451 0.38964844 -0.31445312 -0.15722656 -8.780488 -32.621952 64.268295	
2022-08-21-20:12:07-455 0.42333984 -0.7241211 -0.30664062 -36.036587 -46.463417 51.768295	
2022-08-21-20:12:07-459 0.50878906 -0.9111328 -0.15283203 -19.87805 3.7195122 30.609756	
2022-08-21-20:12:07-462 0.39892578 -0.90722656 0.032226562 -14.756098 -28.719513 12.560976	
2022-08-21-20:12:07-466 0.5654297 -0.7783203 -0.22753906 -24.085367 -82.743904 -12.560976	
2022-08-21-20:12:07-472 0.5678711 -1.4086914 -0.28271484 -30.182928 -19.024391 -35.670734	
2022-08-21-20:12:07-720 0.6508789 -1.2172852 -0.044921875 16.768293 28.170732 -25.97561	
2022-08-21-20:12:07-728 1.2226562 -1.3271484 0.37304688 27.073172 -22.621952 -45.914635	
2022-08-21-20:12:07-732 1.0263672 -1.7114258 0.3803711 10.121951 5.0 -70.48781	
2022-08-21-20:12:07-736 0.9433594 -1.8920898 0.45898438 19.939024 -7.6219516 -59.7561	
2022-08-21-20:12:07-741 1.1049805 -1.581543 0.45361328 33.17073 -5.0 -49.207317	
2022-08-21-20:12:07-746 1.1889648 -1.2963867 0.7763672 41.15854 31.158537 -52.012196	
2022-08-21-20:12:07-749 1.0629883 -1.2294922 0.8774414 25.54878 57.621952 -50.609756	
2022-08-21-20:12:07-753 0.65966797 -1.2124023 0.39404297 10.914635 65.30488 -40.85366	
2022-08-21-20:12:07-758 0.76464844 -0.8100586 0.39501953 5.121951 -9.695122 -37.012196	
2022-08-21-20:12:07-761 1.2045898 -0.71191406 0.29248047 -13.719513 -80.73171 -29.390245	
2022-08-21-20:12:07-766 1.1450195 -0.59765625 0.23095703 -14.02439 -1.7073171 -22.439024	
2022-08-21-20:12:07-771 0.94970703 -0.6010742 0.0068359375 -9.512196 70.914635 -19.146341	
2022-08-21-20:12:07-775 0.8183594 -0.51220703 -0.06298828 -2.4390244 39.32927 -17.37805	
2022-08-21-20:12:07-780 0.7441406 -0.48779297 0.09033203 -7.682927 -31.036587 -13.231708	
2022-08-21-20:12:07-784 0.87841797 -0.5410156 0.12158203 -10.426829 -28.170732 -7.3170733	
2022-08-21-20:12:07-788 0.7578125 -0.6118164 0.07080078 -12.439025 24.756098 -2.1341465	
2022-08-21-20:12:07-994 0 0 0 0 0 1000	
2022-08-21-20:12:10-082 0 0 0 0 0 1000	
2022-08-21-20:12:10-287 0.8515625 -0.47070312 0.099609375 3.0487804 3.3536587 -0.12195122	
2022-08-21-20:12:10-291 0.8613281 -0.48632812 0.10205078 2.9268293 4.1463413 -0.6097561	
2022-08-21-20:12:10-294 0.8701172 -0.48876953 0.10498047 3.4756098 4.3292685 -0.85365856	
2022-08-21-20:12:10-296 0.8730469 -0.48095703 0.110839844 3.6585367 2.9268293 -0.85365856	
2022-08-21-20:12:10-298 0.8857422 -0.49169922 0.12207031 2.7439024 3.9634147 -0.6707317	
2022-08-21-20:12:10-300 0.8754883 -0.5004883 0.11230469 1.8902439 2.5609756 -0.30487806	
2022-08-21-20:12:10-304 0.8720703 -0.4970703 0.104003906 1.7073171 0.9756098 -0.42682928	
2022-08-21-20:12:10-307 0.87060547 -0.48291016 0.11376953 1.4634147 -0.12195122 -0.18292683	
2022-08-21-20:12:10-310 0.88623047 -0.4638672 0.11035156 0.85365856 0.36585367 1.3414634	
2022-08-21-20:12:10-315 0.86572266 -0.4741211 0.09472656 -0.6097561 1.6463414 2.378049	
2022-08-21-20:12:10-317 0.8383789 -0.48828125 0.072265625 -1.097561 0.4878049 2.1341465	
2022-08-21-20:12:10-318 0.8647461 -0.47802734 0.083496094 1.1585366 0.6097561 0.85365856	
2022-08-21-20:12:10-320 0.88720703 -0.47070312 0.095703125 3.5975611 5.182927 1.5853659	
2022-08-21-20:12:10-324 0.88623047 -0.5205078 0.083984375 4.5731707 6.8292685 2.804878	
2022-08-21-20:12:10-326 0.89404297 -0.55078125 0.099121094 6.3414636 8.109756 4.8170733	
2022-08-21-20:12:10-329 0.8652344 -0.5888672 0.08886719 5.0 -4.878049 6.097561	
2022-08-21-20:12:10-600 0.859375 -0.6826172 0.18261719 4.390244 -4.634146 6.585366	
2022-08-21-20:12:10-605 0.74853516 -0.82177734 0.10205078 4.085366 13.47561 6.097561	
2022-08-21-20:12:10-611 0.6743164 -1.0458984 0.119140625 4.390244 12.682927 7.6219516	
2022-08-21-20:12:10-618 0.48046875 -1.5249023 0.15966797 8.597561 -8.658537 11.95122	
2022-08-21-20:12:10-624 0.2836914 -2.3676758 0.2890625 24.634148 -10.304878 22.317074	
2022-08-21-20:12:10-629 0.080078125 -2.7670898 0.41992188 36.82927 36.646343 33.109756	
2022-08-21-20:12:10-632 -0.3618164 -2.640625 0.41503906 32.92683 82.80488 13.04878	
2022-08-21-20:12:10-642 -0.60498047 -2.465332 0.34326172 10.426829 -0.30487806 -38.536587	
2022-08-21-20:12:10-648 0.2709961 -1.7983398 0.24316406 -10.853659 -54.390244 -111.82927	
2022-08-21-20:12:10-652 0.7758789 -0.64404297 0.43554688 6.158537 31.768293 -175.24391	
2022-08-21-20:12:10-656 1.0556641 0.64697266 0.7026367 22.012196 42.987804 -227.92683	
2022-08-21-20:12:10-659 1.8745117 2.0498047 0.7114258 -59.939026 -67.37805 -318.5366	
2022-08-21-20:12:10-663 3.4731445 3.5722656 1.1982422 -106.03659 65.79269 -285.91464	
2022-08-21-20:12:10-667 2.1450195 1.4453125 -0.19628906 -150.36586 341.82928 -220.0	
2022-08-21-20:12:10-670 0.89990234 -0.97314453 0.32177734 -242.98781 177.01219 104.87805	
2022-08-21-20:12:10-675 1.0219727 -2.5449219 -0.35009766 -118.23171 -171.5244 89.939026	
2022-08-21-20:12:10-962 0.8725586 -0.25732422 0.64990234 8.597561 -22.987806 106.52439	
2022-08-21-20:12:10-966 -0.5854492 -0.6196289 -0.19189453 -28.353659 58.78049 103.90244	
2022-08-21-20:12:10-970 -0.036621094 -0.40722656 0.36523438 -84.14635 -110.0 43.90244	
2022-08-21-20:12:10-975 1.152832 -0.99658203 0.29541016 -97.13415 -176.46342 -1.2804878	
2022-08-21-20:12:10-979 0.2685547 -0.96972656 -0.041503906 8.353659 75.060974 -3.7804878	
2022-08-21-20:12:10-985 -0.41357422 -0.017578125 0.09277344 64.085365 80.79269 50.0	
2022-08-21-20:12:10-991 0.033691406 0.020019531 -0.049316406 -32.865856 -122.80488 45.914635	
2022-08-21-20:12:10-996 0.63623047 -0.11816406 0.25 -36.82927 -170.67073 20.182928	
2022-08-21-20:12:10-999 0.57421875 -0.14013672 -0.15966797 -15.914635 -25.365854 17.195122	
2022-08-21-20:12:11-003 0.7578125 -0.49414062 -0.35595703 -28.658537 30.731709 43.475613	
2022-08-21-20:12:11-007 1.4829102 -0.45458984 0.011230469 -31.707317 12.682927 50.914635	
2022-08-21-20:12:11-010 0.9824219 0.8515625 -0.34277344 22.682928 15.487805 72.439026	
2022-08-21-20:12:11-016 0.3720703 0.5566406 -0.1616211 10.914635 40.182926 72.560974	
2022-08-21-20:12:11-020 0.80029297 0.24609375 0.0 -0.12195122 30.060976 54.207317	
2022-08-21-20:12:11-026 0.984375 0.021972656 -0.2475586 3.9634147 5.670732 -9.085366	
2022-08-21-20:12:11-030 1.1240234 0.28222656 0.28515625 32.865856 -41.768295 -10.060976	
2022-08-21-20:12:11-230 1.7910156 0.12939453 0.29101562 20.731709 -80.73171 -4.390244	
2022-08-21-20:12:11-234 1.9912109 -0.107421875 0.5576172 26.158537 9.329268 -11.158537	
2022-08-21-20:12:11-238 1.5976562 -0.18603516 0.4111328 21.524391 70.0 -4.756098	
2022-08-21-20:12:11-243 1.4790039 -0.032226562 0.36328125 17.439024 -15.97561 7.3170733	
2022-08-21-20:12:11-249 1.6508789 0.064941406 0.39794922 -0.42682928 -53.536587 -4.4512196	
2022-08-21-20:12:11-253 1.6508789 0.13720703 0.40625 9.329268 22.92683 -8.292683	
2022-08-21-20:12:11-256 1.1557617 0.13427734 0.1977539 19.146341 66.28049 12.195122	
2022-08-21-20:12:11-260 0.8623047 0.20654297 0.24121094 13.597561 26.82927 13.902439	
2022-08-21-20:12:11-264 0.9916992 0.12646484 0.30126953 -4.2073174 -7.256098 -2.8658538	
2022-08-21-20:12:11-269 0.90771484 -0.038085938 0.23339844 -9.268292 -16.40244 -6.402439	
2022-08-21-20:12:11-272 0.92333984 0.03515625 0.15185547 -2.0731707 -37.012196 0.79268295	
2022-08-21-20:12:11-277 1.0874023 0.025390625 0.1484375 -1.7073171 -45.670734 6.158537	
2022-08-21-20:12:11-282 1.0356445 0.053710938 0.20458984 2.8658538 -25.54878 1.5243902	
2022-08-21-20:12:11-287 0.9584961 0.1665039 0.2211914 8.902439 -22.012196 3.7195122	
2022-08-21-20:12:11-291 0.8046875 0.23095703 0.20410156 16.219513 -15.426829 9.02439	
2022-08-21-20:12:11-295 0.7495117 0.28076172 0.21728516 30.914635 -11.585366 22.134148	
2022-08-21-20:12:11-526 0.68896484 0.35986328 0.22021484 50.73171 -10.060976 39.7561	
2022-08-21-20:12:11-530 0.66259766 0.5019531 0.11230469 61.036587 -22.5 54.573174	
2022-08-21-20:12:11-535 0.54052734 0.6904297 0.030273438 68.78049 -34.512196 76.70732	
2022-08-21-20:12:11-541 0.66259766 0.90771484 -0.10644531 66.28049 -39.69512 96.40244	
2022-08-21-20:12:11-547 0.625 0.70458984 -0.10058594 41.40244 -31.707317 87.86585	
2022-08-21-20:12:11-553 0.52734375 0.22998047 0.040039062 22.073172 -29.085367 68.84147	
2022-08-21-20:12:11-559 0.46728516 0.110839844 -0.08300781 16.95122 -26.82927 61.52439	
2022-08-21-20:12:11-564 0.70214844 -0.2709961 -0.29541016 -1.6463414 6.158537 49.512196	
2022-08-21-20:12:11-569 0.36083984 -0.71728516 -0.12792969 -5.8536587 56.890244 45.121952	
2022-08-21-20:12:11-575 0.36865234 -0.6743164 -0.005859375 1.6463414 23.109756 40.365856	
2022-08-21-20:12:11-582 0.60498047 -0.88671875 -0.2705078 -16.95122 -16.707317 16.524391	
2022-08-21-20:12:11-586 0.6254883 -1.1831055 0.06640625 1.3414634 40.182926 2.804878	
2022-08-21-20:12:11-591 0.41210938 -1.2504883 0.044921875 17.439024 -18.170732 -18.658537	
2022-08-21-20:12:11-596 1.0239258 -1.2006836 0.030273438 23.109756 -105.06098 -46.40244	
2022-08-21-20:12:11-599 0.9345703 -1.5712891 0.28710938 2.987805 -81.28049 -61.82927	
2022-08-21-20:12:11-604 1.0444336 -1.4682617 0.35351562 -4.390244 -68.04878 -52.073174	
2022-08-21-20:12:11-848 1.3051758 -1.5087891 0.20263672 0.0 -40.42683 -59.512196	
2022-08-21-20:12:11-853 1.1191406 -1.3623047 0.49658203 5.609756 -10.54878 -61.890244	
2022-08-21-20:12:11-856 1.1176758 -1.3666992 0.4375 13.47561 6.280488 -44.878048	
2022-08-21-20:12:11-858 1.1943359 -1.2705078 0.2939453 28.292683 49.939026 -19.756098	
2022-08-21-20:12:11-860 0.87597656 -0.8901367 0.37353516 32.317074 52.19512 -6.0365853	
2022-08-21-20:12:11-864 0.79003906 -0.77734375 0.33642578 14.512196 11.341464 -11.097561	
2022-08-21-20:12:11-866 0.65966797 -0.78125 0.17333984 -1.5853659 7.256098 -14.573171	
2022-08-21-20:12:11-868 0.7680664 -0.62890625 0.19482422 -0.42682928 19.695122 -11.341464	
2022-08-21-20:12:11-870 0.859375 -0.5463867 0.14746094 -5.4268293 -3.3536587 -7.5	
2022-08-21-20:12:11-872 0.9189453 -0.5205078 0.12011719 -12.804878 -44.390244 -4.9390244	
2022-08-21-20:12:11-874 0.9555664 -0.6152344 0.053222656 -15.121951 -36.219513 -9.02439	
2022-08-21-20:12:11-877 0.91503906 -0.63964844 0.08105469 -7.012195 -2.682927 -4.634146	
2022-08-21-20:12:11-879 0.9794922 -0.68359375 0.10839844 -2.7439024 4.5731707 -2.4390244	
2022-08-21-20:12:11-881 0.83935547 -0.6713867 0.12597656 0.18292683 -11.402439 -0.79268295	
2022-08-21-20:12:11-884 0.8955078 -0.6323242 0.11279297 1.097561 -15.426829 1.9512196	
2022-08-21-20:12:11-886 0.88964844 -0.53808594 0.1303711 0.9756098 -9.695122 7.9268293	
2022-08-21-20:12:11-917 0 0 0 0 0 1000	
2022-08-21-20:12:14-075 0 0 0 0 0 1000	
2022-08-21-20:12:14-157 0.8613281 -0.5029297 0.11816406 0.06097561 -1.1585366 2.987805	
2022-08-21-20:12:14-159 0.8310547 -0.4975586 0.1015625 0.91463417 0.73170733 2.317073	
2022-08-21-20:12:14-161 0.83496094 -0.4868164 0.110839844 1.8902439 4.3292685 0.9756098	
2022-08-21-20:12:14-164 0.83984375 -0.4892578 0.10888672 1.4634147 2.682927 0.06097561	
2022-08-21-20:12:14-166 0.8701172 -0.47607422 0.10644531 0.91463417 -3.902439 -0.79268295	
2022-08-21-20:12:14-169 0.8808594 -0.4741211 0.109375 0.6707317 -3.1707318 -0.4878049	
2022-08-21-20:12:14-172 0.86083984 -0.4741211 0.10449219 2.0731707 3.9634147 0.6097561	
2022-08-21-20:12:14-175 0.8520508 -0.46728516 0.09472656 2.0731707 2.8658538 1.3414634	
2022-08-21-20:12:14-178 0.8540039 -0.4580078 0.10595703 1.6463414 -0.6097561 0.9756098	
2022-08-21-20:12:14-180 0.8457031 -0.4658203 0.10205078 1.6463414 1.2195122 -0.18292683	
2022-08-21-20:12:14-185 0.8457031 -0.4794922 0.095703125 2.7439024 5.121951 -0.73170733	
2022-08-21-20:12:14-188 0.8623047 -0.48339844 0.09716797 4.2073174 4.878049 -0.73170733	
2022-08-21-20:12:14-190 0.8588867 -0.48388672 0.08544922 4.878049 -0.30487806 -0.42682928	
2022-08-21-20:12:14-193 0.8989258 -0.52490234 0.106933594 4.085366 -4.02439 0.36585367	
2022-08-21-20:12:14-195 0.90234375 -0.5517578 0.09863281 3.2317073 -1.2195122 2.5	
2022-08-21-20:12:14-197 0.8569336 -0.6064453 0.045410156 2.7439024 5.792683 2.8658538	
2022-08-21-20:12:14-427 0.9628906 -0.6020508 0.13427734 5.304878 2.1341465 7.6219516	
2022-08-21-20:12:14-431 1.0332031 -0.74365234 0.14160156 5.0609756 -5.304878 15.121951	
2022-08-21-20:12:14-436 0.9013672 -1.09375 0.09082031 3.902439 -10.97561 24.939026	
2022-08-21-20:12:14-439 0.72558594 -1.6450195 0.13916016 6.52439 -22.621952 40.182926	
2022-08-21-20:12:14-445 0.32617188 -2.590332 0.30566406 19.817074 -38.414635 57.80488	
2022-08-21-20:12:14-451 0.055664062 -2.996582 0.42822266 37.987804 21.158537 58.414635	
2022-08-21-20:12:14-455 -0.5366211 -2.909668 0.40771484 41.646343 106.70732 14.02439	
2022-08-21-20:12:14-459 -0.63134766 -2.6308594 0.3461914 28.658537 61.341465 -42.19512	
2022-08-21-20:12:14-463 -0.28222656 -1.84375 0.14746094 25.609756 -75.30488 -105.79269	
2022-08-21-20:12:14-467 0.07421875 -0.6035156 0.29345703 8.963415 -207.68294 -173.96342	
2022-08-21-20:12:14-470 0.8378906 1.1455078 0.6503906 -0.6097561 -176.34146 -256.52438	
2022-08-21-20:12:14-474 1.6508789 3.480957 0.36035156 -114.02439 -67.80488 -417.37805	
2022-08-21-20:12:14-478 5.368164 5.7661133 0.03466797 -128.53659 64.69512 -260.67075	
2022-08-21-20:12:14-486 1.2851562 0.18261719 -1.0048828 -334.32928 419.87805 -190.91464	
2022-08-21-20:12:14-490 -0.6010742 -2.4213867 0.74121094 -167.2561 168.41464 272.7439	
2022-08-21-20:12:14-494 2.7421875 -2.5439453 -0.4423828 11.707317 -180.7317 79.02439	
2022-08-21-20:12:14-740 -0.17285156 -0.46972656 0.68115234 142.31708 114.268295 149.63416	
2022-08-21-20:12:14-746 -0.7861328 0.12451172 0.32373047 -24.756098 111.28049 79.45122	
2022-08-21-20:12:14-751 1.1762695 -0.9008789 0.38134766 -151.95122 -18.170732 0.91463417	
2022-08-21-20:12:14-756 0.54296875 -1.1879883 0.27539062 -26.219513 35.609756 -23.536587	
2022-08-21-20:12:14-761 -0.07714844 -0.4165039 -0.2861328 58.78049 40.97561 22.5	
2022-08-21-20:12:14-767 0.21386719 0.16455078 0.20117188 2.012195 14.695123 72.926834	
2022-08-21-20:12:14-771 0.2758789 -0.3984375 0.25732422 -38.841465 -29.512196 34.512196	
2022-08-21-20:12:14-775 -0.09472656 0.045898438 -0.22265625 -2.4390244 -57.37805 15.792684	
2022-08-21-20:12:14-779 0.47753906 -0.118652344 -0.012207031 -36.707317 -44.085365 21.158537	
2022-08-21-20:12:14-787 1.3808594 -0.53808594 -0.2548828 -70.67073 -41.768295 27.804878	
2022-08-21-20:12:14-792 1.3129883 0.036621094 -0.078125 24.024391 -29.024391 35.97561	
2022-08-21-20:12:14-796 1.2988281 0.9345703 -0.06591797 37.5 -37.19512 55.670734	
2022-08-21-20:12:14-800 0.8535156 0.8930664 0.13769531 37.2561 79.63415 66.82927	
2022-08-21-20:12:14-804 0.69628906 0.34033203 0.19677734 -2.682927 107.926834 32.743904	
2022-08-21-20:12:14-810 0.93359375 0.03466797 0.2626953 9.817074 5.792683 -34.085365	
2022-08-21-20:12:14-817 1.3779297 0.2783203 0.5517578 14.634147 -63.475613 -28.963415	
2022-08-21-20:12:15-055 1.9560547 -0.017089844 0.5361328 4.268293 -62.560978 -27.37805	
2022-08-21-20:12:15-059 1.9697266 -0.04638672 0.5805664 12.560976 -6.52439 -21.036587	
2022-08-21-20:12:15-062 1.512207 -0.09716797 0.28466797 -5.2439027 -28.780489 -6.097561	
2022-08-21-20:12:15-066 1.5117188 0.052734375 0.24169922 -6.9512196 -55.85366 -0.85365856	
2022-08-21-20:12:15-071 1.4868164 0.14697266 0.22705078 4.9390244 18.47561 -1.6463414	
2022-08-21-20:12:15-077 1.1464844 0.20898438 0.09277344 18.841463 84.69512 -3.6585367	
2022-08-21-20:12:15-082 0.89208984 0.24072266 0.06982422 16.585365 41.40244 3.4756098	
2022-08-21-20:12:15-088 0.9741211 0.27246094 0.15625 9.085366 -34.69512 4.9390244	
2022-08-21-20:12:15-092 1.1171875 0.2241211 0.22802734 8.04878 -35.0 4.878049	
2022-08-21-20:12:15-098 1.0361328 0.24707031 0.1796875 21.585367 0.42682928 10.304878	
2022-08-21-20:12:15-101 1.046875 0.31396484 0.21191406 27.743902 -3.7195122 27.195122	
2022-08-21-20:12:15-105 1.0351562 0.35742188 0.21826172 29.085367 -31.707317 45.365856	
2022-08-21-20:12:15-110 0.9873047 0.44970703 0.27929688 32.92683 -55.365856 65.79269	
2022-08-21-20:12:15-116 0.95410156 0.6230469 0.25341797 38.048782 -54.32927 82.07317	
2022-08-21-20:12:15-119 0.9248047 0.85302734 0.19677734 37.682926 -55.73171 98.04878	
2022-08-21-20:12:15-124 0.828125 0.7578125 0.1328125 32.92683 -60.792683 108.04878	
2022-08-21-20:12:15-370 0.7807617 0.37451172 0.12695312 32.134148 -38.170734 100.79269	
2022-08-21-20:12:15-379 0.51464844 0.1459961 0.104003906 31.95122 -48.414635 97.80488	
2022-08-21-20:12:15-384 0.68408203 -0.13134766 -0.22558594 14.939025 -81.28049 88.71951	
2022-08-21-20:12:15-389 0.7348633 -0.8051758 0.08251953 3.0487804 -18.353659 66.82927	
2022-08-21-20:12:15-394 0.44482422 -0.7890625 0.13427734 10.243902 15.243903 63.78049	
2022-08-21-20:12:15-398 0.45507812 -0.47021484 -0.005859375 6.158537 -7.1951222 65.060974	
2022-08-21-20:12:15-401 0.48583984 -0.6333008 -0.24560547 -10.0 -19.512196 60.670734	
2022-08-21-20:12:15-407 0.37597656 -0.7475586 -0.03173828 -4.4512196 31.280489 53.65854	
2022-08-21-20:12:15-411 0.43164062 -0.5488281 0.020507812 3.8414636 24.32927 41.52439	
2022-08-21-20:12:15-417 0.40625 -0.41552734 -0.020507812 4.02439 14.695123 23.170732	
2022-08-21-20:12:15-423 0.18261719 -0.73095703 -0.17871094 -16.463415 -7.3170733 8.353659	
2022-08-21-20:12:15-428 0.41748047 -0.8041992 -0.20507812 -18.47561 -12.012196 3.1097562	
2022-08-21-20:12:15-431 0.5595703 -0.92626953 0.07128906 -26.585367 -5.0 -6.646342	
2022-08-21-20:12:15-435 0.3203125 -0.9926758 -0.08496094 -41.707317 -39.146343 -18.292683	
2022-08-21-20:12:15-438 0.50341797 -1.5117188 -0.19433594 -55.609756 -45.548782 -42.073174	
2022-08-21-20:12:15-444 0.8808594 -1.5307617 0.17919922 -14.817074 -11.341464 -52.439026	
2022-08-21-20:12:15-572 0 0 0 0 0 1000	
