2022-08-21-20:11:10-620 0 0 0 0 0 1000	
2022-08-21-20:11:11-376 0.04736328 -0.047851562 -0.98291016 -0.4878049 -1.1585366 -0.42682928	
2022-08-21-20:11:11-383 0.045898438 -0.04736328 -0.9824219 -0.42682928 -0.91463417 -0.5487805	
2022-08-21-20:11:11-392 0.045898438 -0.048339844 -0.9770508 -0.42682928 -0.6707317 -0.5487805	
2022-08-21-20:11:11-398 0.045898438 -0.04736328 -0.9794922 -0.24390244 -0.42682928 -0.4878049	
2022-08-21-20:11:11-403 0.045410156 -0.048339844 -0.97802734 -0.24390244 -0.5487805 -0.5487805	
2022-08-21-20:11:11-408 0.04345703 -0.045898438 -0.98046875 -0.30487806 -0.5487805 -0.4878049	
2022-08-21-20:11:11-413 0.044921875 -0.048828125 -0.97753906 -0.24390244 -0.6097561 -0.4878049	
2022-08-21-20:11:11-419 0.044433594 -0.047851562 -0.98095703 -0.30487806 -0.79268295 -0.42682928	
2022-08-21-20:11:11-424 0.045410156 -0.047851562 -0.98339844 -0.36585367 -0.91463417 -0.4878049	
2022-08-21-20:11:11-429 0.04345703 -0.046875 -0.9794922 -0.18292683 -0.6707317 -0.42682928	
2022-08-21-20:11:11-434 0.04248047 -0.045898438 -0.97753906 -0.06097561 -0.42682928 -0.42682928	
2022-08-21-20:11:11-439 0.044433594 -0.04638672 -0.9814453 0.0 -0.42682928 -0.36585367	
2022-08-21-20:11:11-446 0.043945312 -0.046875 -0.9770508 -0.06097561 -0.4878049 -0.42682928	
2022-08-21-20:11:11-453 0.041503906 -0.04638672 -0.9790039 -0.18292683 -0.24390244 -0.42682928	
2022-08-21-20:11:11-458 0.04296875 -0.045898438 -0.9785156 -0.12195122 0.06097561 -0.42682928	
2022-08-21-20:11:11-464 0.044433594 -0.048828125 -0.9814453 0.0 0.18292683 -0.4878049	
2022-08-21-20:11:11-578 0.041503906 -0.04736328 -0.9785156 0.06097561 0.36585367 -0.5487805	
2022-08-21-20:11:11-584 0.04296875 -0.044433594 -0.9770508 0.0 0.18292683 -0.42682928	
2022-08-21-20:11:11-592 0.044433594 -0.045410156 -0.9814453 0.0 0.12195122 -0.4878049	
2022-08-21-20:11:11-597 0.04248047 -0.048339844 -0.97802734 -0.06097561 0.30487806 -0.5487805	
2022-08-21-20:11:11-602 0.044433594 -0.044433594 -0.9814453 0.18292683 0.36585367 -0.6097561	
2022-08-21-20:11:11-614 0.04345703 -0.045898438 -0.9790039 -0.12195122 0.18292683 -0.5487805	
2022-08-21-20:11:11-622 0.041015625 -0.04296875 -0.9794922 -0.12195122 0.42682928 -0.4878049	
2022-08-21-20:11:11-631 0.04296875 -0.047851562 -0.9765625 -0.12195122 0.4878049 -0.5487805	
2022-08-21-20:11:11-637 0.04345703 -0.044433594 -0.98046875 -0.18292683 0.6707317 -0.5487805	
2022-08-21-20:11:11-643 0.041992188 -0.046875 -0.97998047 -0.12195122 0.6097561 -0.5487805	
2022-08-21-20:11:11-654 0.045410156 -0.044921875 -0.98046875 -0.30487806 1.0365853 -0.5487805	
2022-08-21-20:11:11-660 0.044921875 -0.045898438 -0.9785156 -0.30487806 1.097561 -0.5487805	
2022-08-21-20:11:11-667 0.043945312 -0.04296875 -0.98876953 -0.18292683 2.012195 -0.4878049	
2022-08-21-20:11:11-679 0.045410156 -0.041503906 -0.98583984 0.24390244 2.987805 -0.6707317	
2022-08-21-20:11:11-687 0.045410156 -0.045410156 -0.99365234 0.79268295 4.390244 -0.42682928	
2022-08-21-20:11:11-696 0.049804688 -0.043945312 -0.99365234 0.9756098 4.5731707 -0.24390244	
2022-08-21-20:11:11-811 0.05078125 -0.041503906 -0.9868164 3.2317073 4.02439 0.0	
2022-08-21-20:11:11-817 0.048828125 -0.041015625 -0.9838867 4.8170733 3.5975611 0.0	
2022-08-21-20:11:11-823 0.05126953 -0.041992188 -0.97998047 5.7317076 3.3536587 -0.12195122	
2022-08-21-20:11:11-828 0.049804688 -0.045410156 -0.99365234 5.5487804 2.5 -0.73170733	
2022-08-21-20:11:11-833 0.052734375 -0.056640625 -0.9814453 5.121951 0.79268295 -1.0365853	
2022-08-21-20:11:11-839 0.059570312 -0.038085938 -0.97802734 1.402439 -1.6463414 -2.0731707	
2022-08-21-20:11:11-844 0.072265625 -0.068359375 -1.03125 1.3414634 -9.329268 -1.1585366	
2022-08-21-20:11:11-856 0.12646484 -0.08300781 -1.6567383 1.7682927 -38.35366 11.768293	
2022-08-21-20:11:11-863 0.29736328 0.16699219 -1.8642578 -17.865854 -129.63416 -11.707317	
2022-08-21-20:11:11-871 0.50683594 0.5649414 -2.0039062 -42.865856 -203.71951 -52.439026	
2022-08-21-20:11:11-877 0.9785156 -0.07324219 -1.7436523 -112.926834 -217.62196 -116.89024	
2022-08-21-20:11:11-883 2.3735352 -1.246582 -1.0859375 -102.19512 -194.20732 -173.10976	
2022-08-21-20:11:11-890 3.3154297 -1.6147461 -1.3261719 54.207317 -32.92683 -289.5122	
2022-08-21-20:11:11-900 4.6987305 -0.18847656 -0.5839844 76.28049 97.86585 44.32927	
2022-08-21-20:11:11-910 6.75 -0.30029297 -0.8598633 46.585365 277.13416 193.96342	
2022-08-21-20:11:11-919 6.1367188 -0.91308594 -1.6777344 108.10976 448.10977 68.84147	
2022-08-21-20:11:12-034 4.8745117 -0.45166016 -3.6591797 155.48781 569.14636 -58.536587	
2022-08-21-20:11:12-039 2.4521484 -0.7475586 -5.6533203 147.56097 665.6708 -137.68294	
2022-08-21-20:11:12-043 -0.5522461 -0.5439453 -6.4799805 148.90244 656.2805 -176.28049	
2022-08-21-20:11:12-049 -2.6982422 -0.15673828 -5.0429688 112.86586 506.5244 -201.58537	
2022-08-21-20:11:12-054 -3.8305664 0.06933594 -2.7041016 55.975613 335.06097 -109.939026	
2022-08-21-20:11:12-059 -3.4082031 0.54833984 -0.92041016 28.841465 154.0244 -34.268295	
2022-08-21-20:11:12-064 -2.8164062 1.0043945 -0.09472656 12.682927 2.378049 -64.14634	
2022-08-21-20:11:12-075 -2.364746 0.6801758 0.23925781 -22.92683 -114.57317 -93.04878	
2022-08-21-20:11:12-080 -2.5161133 0.1328125 0.28320312 -34.268295 -176.40245 -34.390244	
2022-08-21-20:11:12-086 -3.1762695 0.12988281 0.12109375 -23.90244 -216.58537 68.04878	
2022-08-21-20:11:12-092 -4.0375977 0.20263672 -0.58496094 -54.817074 -253.96342 141.34146	
2022-08-21-20:11:12-097 -3.6176758 0.4790039 -1.6967773 -126.40244 -261.15854 175.0	
2022-08-21-20:11:12-101 -3.0761719 -1.8276367 -1.1044922 -231.15854 -263.7195 74.81708	
2022-08-21-20:11:12-106 1.1411133 -1.7319336 0.56640625 -90.60976 -342.8049 -0.73170733	
2022-08-21-20:11:12-113 8.094238 -2.1489258 -5.9814453 44.817074 -353.84146 -11.585366	
2022-08-21-20:11:12-118 -3.8984375 -0.5048828 -6.1206055 71.03659 -1003.7805 -14.512196	
2022-08-21-20:11:12-217 1.7265625 -0.037597656 -1.6318359 -55.121952 14.329268 28.109756	
2022-08-21-20:11:12-223 -1.1318359 -0.24560547 0.20654297 23.841463 -21.341463 9.512196	
2022-08-21-20:11:12-229 0.123046875 -0.19140625 -1.496582 24.939026 21.09756 -2.195122	
2022-08-21-20:11:12-233 0.08154297 -0.13378906 -1.1489258 13.414635 -2.7439024 2.012195	
2022-08-21-20:11:12-243 0.08496094 -0.122558594 -0.796875 23.170732 -19.32927 1.097561	
2022-08-21-20:11:12-251 0.08642578 -0.17089844 -0.99853516 27.743902 -5.0609756 -1.8292683	
2022-08-21-20:11:12-258 0.109375 -0.15234375 -0.9038086 29.085367 -5.792683 -1.8902439	
2022-08-21-20:11:12-263 0.080078125 -0.19091797 -0.96533203 32.439026 3.902439 -1.7073171	
2022-08-21-20:11:12-269 0.09863281 -0.18945312 -0.9404297 26.158537 1.9512196 -1.2195122	
2022-08-21-20:11:12-274 0.092285156 -0.16455078 -0.99072266 30.121952 -0.30487806 -2.378049	
2022-08-21-20:11:12-280 0.09375 -0.20214844 -0.9663086 40.0 -4.756098 -4.9390244	
2022-08-21-20:11:12-286 0.103027344 -0.22021484 -0.91503906 34.634148 -4.4512196 -4.390244	
2022-08-21-20:11:12-292 0.095703125 -0.22998047 -0.9423828 26.036587 -5.792683 -2.5609756	
2022-08-21-20:11:12-297 0.0703125 -0.23242188 -0.9448242 22.743902 -13.414635 -1.5243902	
2022-08-21-20:11:12-301 0.07470703 -0.21142578 -0.9824219 21.341463 -12.317074 -1.2195122	
2022-08-21-20:11:12-306 0.083496094 -0.23925781 -0.93066406 29.32927 -13.719513 -1.8292683	
2022-08-21-20:11:12-399 0.06689453 -0.23730469 -0.9741211 24.32927 -13.719513 -1.097561	
2022-08-21-20:11:12-406 0.07470703 -0.25439453 -0.92529297 27.92683 -11.036586 -0.73170733	
2022-08-21-20:11:12-413 0.05810547 -0.3618164 -0.8886719 -5.182927 -13.292684 0.79268295	
2022-08-21-20:11:12-419 0.04248047 -0.12841797 -0.9819336 -17.012196 0.42682928 2.195122	
2022-08-21-20:11:12-424 0.071777344 -0.24511719 -0.9501953 43.780487 7.804878 -3.292683	
2022-08-21-20:11:12-432 0.05810547 -0.31884766 -0.90478516 25.121952 12.5 -1.2804878	
2022-08-21-20:11:12-437 0.06933594 -0.25195312 -0.94384766 14.3902445 26.280489 -0.6097561	
2022-08-21-20:11:12-445 0.08691406 -0.34521484 -0.9091797 2.4390244 33.35366 -1.2804878	
2022-08-21-20:11:12-455 0.095214844 -0.21484375 -0.9951172 -0.85365856 35.85366 -0.6707317	
2022-08-21-20:11:12-460 0.115722656 -0.27246094 -1.0151367 48.292683 43.780487 -1.7073171	
2022-08-21-20:11:12-466 0.09716797 -0.38378906 -0.96240234 49.146343 49.634148 -1.6463414	
2022-08-21-20:11:12-472 0.106933594 -0.34814453 -1.0722656 30.42683 61.890244 -2.682927	
2022-08-21-20:11:12-479 -0.05078125 -0.6225586 -1.3115234 57.80488 91.768295 -15.731708	
2022-08-21-20:11:12-485 0.0048828125 -0.22802734 -1.9223633 21.524391 221.5244 -49.69512	
2022-08-21-20:11:12-492 0.05810547 -0.041992188 -1.9936523 5.365854 290.97562 17.92683	
2022-08-21-20:11:12-498 -1.2358398 0.34472656 -1.8325195 -33.59756 283.9634 72.98781	
2022-08-21-20:11:12-612 -7.086426 1.0830078 -2.0161133 -26.95122 59.32927 121.768295	
2022-08-21-20:11:12-619 -5.397949 0.36621094 -2.2578125 -133.53659 -204.93903 -93.84147	
2022-08-21-20:11:12-630 -2.3012695 0.3095703 -2.6035156 -134.51219 -351.34146 -8.841464	
2022-08-21-20:11:12-634 -0.4658203 -0.08300781 -2.1582031 -197.62195 -305.67075 151.40244	
2022-08-21-20:11:12-638 1.3710938 -1.0351562 -1.0507812 -212.86586 -379.57318 133.90244	
2022-08-21-20:11:12-642 2.8608398 -1.4467773 0.041503906 -109.085365 -497.07318 -39.69512	
2022-08-21-20:11:12-647 8.680176 -0.81152344 -2.211914 5.304878 -72.439026 -164.39024	
2022-08-21-20:11:12-652 8.29834 -1.7045898 -1.394043 126.097565 279.08536 -13.780488	
2022-08-21-20:11:12-658 -0.49414062 -0.34277344 -3.385254 -28.59756 348.65854 -30.121952	
2022-08-21-20:11:12-662 0.3984375 0.1303711 -1.5610352 -114.32927 -2.378049 0.85365856	
2022-08-21-20:11:12-666 0.0048828125 -0.106933594 -0.7729492 9.512196 19.146341 -3.8414636	
2022-08-21-20:11:12-671 0.017578125 -0.005859375 -0.89404297 2.4390244 27.743902 -3.5365853	
2022-08-21-20:11:12-675 0.07714844 -0.104003906 -1.0556641 17.317074 40.97561 -4.02439	
2022-08-21-20:11:12-679 0.08154297 -0.10888672 -0.9897461 13.109756 22.743902 -1.8902439	
2022-08-21-20:11:12-684 0.07714844 -0.115722656 -1.0253906 6.3414636 11.097561 -0.79268295	
2022-08-21-20:11:12-688 0.08300781 -0.10498047 -0.98779297 0.6097561 1.402439 -0.30487806	
2022-08-21-20:11:12-862 0.08105469 -0.107421875 -0.97314453 -5.365854 -6.768293 -0.42682928	
2022-08-21-20:11:12-868 0.080566406 -0.1015625 -0.984375 -8.658537 -10.0 -0.42682928	
2022-08-21-20:11:12-873 0.061523438 -0.078125 -0.9765625 -11.707317 -13.109756 -0.30487806	
2022-08-21-20:11:12-880 0.056640625 -0.068847656 -0.96191406 -7.6219516 -7.0731707 -0.79268295	
2022-08-21-20:11:12-885 0.0625 -0.075683594 -0.99072266 -5.182927 -2.195122 -1.1585366	
2022-08-21-20:11:12-893 0.067871094 -0.07910156 -0.9902344 -7.1951222 -4.085366 -0.79268295	
2022-08-21-20:11:12-897 0.05859375 -0.06738281 -0.9921875 -9.573171 -7.804878 0.0	
2022-08-21-20:11:12-900 0.056152344 -0.05078125 -0.98095703 -7.5 -7.378049 0.6097561	
2022-08-21-20:11:12-904 0.053222656 -0.05126953 -0.953125 -3.7804878 -4.9390244 0.6097561	
2022-08-21-20:11:12-910 0.057128906 -0.059570312 -0.97753906 -3.8414636 -4.4512196 0.85365856	
2022-08-21-20:11:12-916 0.052734375 -0.048339844 -0.9760742 -4.4512196 -6.7073174 1.2195122	
2022-08-21-20:11:12-921 0.048339844 -0.049316406 -0.9663086 -1.6463414 -9.207317 1.4634147	
2022-08-21-20:11:12-927 0.044921875 -0.03564453 -0.9511719 -3.1097562 -7.9268293 1.5243902	
2022-08-21-20:11:12-933 0.040039062 -0.037597656 -0.95996094 -2.682927 -4.9390244 1.2195122	
2022-08-21-20:11:12-939 0.044921875 -0.040039062 -0.97998047 -2.378049 -3.7804878 0.79268295	
2022-08-21-20:11:12-946 0.04345703 -0.041992188 -0.984375 -2.378049 -4.6951222 0.79268295	
2022-08-21-20:11:13-036 0 0 0 0 0 1000	
2022-08-21-20:11:27-589 0 0 0 0 0 1000	
2022-08-21-20:11:27-797 0.0390625 -0.061035156 -0.9790039 0.06097561 0.36585367 -0.6097561	
2022-08-21-20:11:27-801 0.040039062 -0.064453125 -0.9785156 -0.12195122 0.42682928 -0.5487805	
2022-08-21-20:11:27-806 0.041503906 -0.06298828 -0.9770508 -0.36585367 0.36585367 -0.5487805	
2022-08-21-20:11:27-810 0.040527344 -0.060058594 -0.9736328 -0.42682928 0.85365856 -0.4878049	
2022-08-21-20:11:27-813 0.040039062 -0.05810547 -0.98046875 -0.30487806 1.3414634 -0.5487805	
2022-08-21-20:11:27-816 0.040527344 -0.060546875 -0.9824219 0.0 2.0731707 -0.4878049	
2022-08-21-20:11:27-819 0.040039062 -0.060058594 -0.98876953 -0.06097561 3.4756098 -0.36585367	
2022-08-21-20:11:27-822 0.03857422 -0.05859375 -0.99365234 -0.6707317 4.5731707 -0.30487806	
2022-08-21-20:11:27-828 0.043945312 -0.060546875 -0.9736328 0.06097561 5.2439027 -0.18292683	
2022-08-21-20:11:27-830 0.04248047 -0.05810547 -0.98828125 1.8902439 5.2439027 -0.12195122	
2022-08-21-20:11:27-833 0.04736328 -0.05078125 -0.9760742 3.8414636 5.8536587 -0.36585367	
2022-08-21-20:11:27-836 0.05078125 -0.053710938 -0.97509766 4.512195 4.2073174 -0.6707317	
2022-08-21-20:11:27-839 0.056152344 -0.052246094 -0.9814453 4.085366 2.012195 -1.1585366	
2022-08-21-20:11:27-842 0.05078125 -0.064453125 -0.98291016 3.7804878 0.12195122 -1.1585366	
2022-08-21-20:11:27-846 0.061035156 -0.04736328 -0.9580078 0.36585367 -3.9634147 -1.0365853	
2022-08-21-20:11:27-853 0.07763672 -0.020996094 -1.0498047 6.8292685 -22.195122 -2.378049	
2022-08-21-20:11:28-114 0.36035156 0.18164062 -2.4194336 38.780487 -112.439026 -5.609756	
2022-08-21-20:11:28-119 0.4951172 0.47998047 -2.6762695 -8.963415 -258.41464 -37.92683	
2022-08-21-20:11:28-125 0.5258789 0.15185547 -2.5014648 -98.17073 -327.92685 -101.097565	
2022-08-21-20:11:28-130 1.9624023 -0.56884766 -1.3447266 -99.268295 -322.37805 -113.10976	
2022-08-21-20:11:28-134 6.779297 -2.3911133 -1.1923828 49.87805 -72.86585 -184.63416	
2022-08-21-20:11:28-138 7.8149414 -0.8666992 -0.7324219 99.87805 311.34146 76.28049	
2022-08-21-20:11:28-143 9.0703125 -0.87646484 -2.4853516 148.65854 533.71954 157.74391	
2022-08-21-20:11:28-150 6.0146484 -0.84375 -5.6362305 175.7317 812.9268 27.439026	
2022-08-21-20:11:28-156 1.6357422 -0.30078125 -9.044434 206.5244 932.37805 -42.92683	
2022-08-21-20:11:28-160 -2.291504 0.4345703 -8.685059 169.7561 831.64636 -110.121956	
2022-08-21-20:11:28-164 -4.0219727 0.50683594 -5.4257812 97.0122 574.20734 -75.121956	
2022-08-21-20:11:28-167 -5.5112305 -0.017089844 -2.1308594 54.512196 322.92685 -4.4512196	
2022-08-21-20:11:28-172 -5.0546875 1.9150391 -0.5678711 77.31708 62.073174 -39.146343	
2022-08-21-20:11:28-176 -3.3876953 1.6674805 -0.044921875 -23.04878 -107.68293 -185.30489	
2022-08-21-20:11:28-181 -2.0336914 0.7915039 0.056640625 -66.15854 -154.69513 -203.65854	
2022-08-21-20:11:28-187 -2.1523438 0.27539062 -0.2290039 -73.47561 -183.71951 -128.2317	
2022-08-21-20:11:28-474 -2.3173828 -0.16113281 -0.37109375 -74.32927 -214.69513 -76.03659	
2022-08-21-20:11:28-481 -2.1879883 -0.9926758 -0.6220703 -51.585365 -283.41464 26.158537	
2022-08-21-20:11:28-487 -1.5976562 -1.0458984 -0.76220703 -32.682926 -284.93903 44.32927	
2022-08-21-20:11:28-494 -2.400879 -1.4506836 -0.8173828 -34.207317 -254.69513 9.329268	
2022-08-21-20:11:28-500 -2.036621 -0.75634766 -0.87890625 -6.158537 -302.62195 56.219513	
2022-08-21-20:11:28-507 8.159668 -0.46826172 -4.619629 -15.365854 -388.90244 27.865854	
2022-08-21-20:11:28-511 -2.505371 -0.89697266 -7.9414062 33.963417 -1529.7561 66.64634	
2022-08-21-20:11:28-517 -0.026367188 -0.77441406 -2.069336 -29.32927 173.41464 4.5731707	
2022-08-21-20:11:28-524 -0.10058594 0.33691406 0.09667969 -43.963417 -86.70732 11.463415	
2022-08-21-20:11:28-528 -0.1381836 -0.18017578 -1.3491211 -46.768295 -34.32927 9.268292	
2022-08-21-20:11:28-532 0.029785156 -0.1875 -0.92822266 -3.3536587 -35.060978 2.987805	
2022-08-21-20:11:28-536 0.25927734 -0.0048828125 -1.2666016 -16.158537 -42.560978 9.085366	
2022-08-21-20:11:28-541 -0.083984375 0.016113281 -1.3486328 22.073172 -23.90244 -11.768293	
2022-08-21-20:11:28-548 4.8828125E-4 -0.23388672 -1.109375 -16.219513 -95.73171 4.5731707	
2022-08-21-20:11:28-553 -0.076171875 -0.087402344 -0.5576172 -19.756098 -70.18293 14.634147	
2022-08-21-20:11:28-558 -0.075683594 0.076660156 -0.4555664 -6.4634147 -15.243903 15.914635	
2022-08-21-20:11:28-788 -0.009765625 0.060058594 -0.9604492 13.841464 15.0 4.4512196	
2022-08-21-20:11:28-794 0.0043945312 -0.1274414 -1.371582 20.243902 -6.280488 -2.4390244	
2022-08-21-20:11:28-799 -0.021972656 -0.1586914 -1.1835938 6.8292685 -39.146343 8.170732	
2022-08-21-20:11:28-803 -0.046875 0.0063476562 -0.859375 1.2804878 -43.23171 13.902439	
2022-08-21-20:11:28-809 -0.057128906 0.055664062 -0.87353516 5.5487804 -33.536587 2.2560976	
2022-08-21-20:11:28-813 -0.09472656 -0.06591797 -0.8466797 7.682927 -21.768293 -7.0731707	
2022-08-21-20:11:28-818 -0.08642578 -0.10449219 -0.8847656 2.6219513 -11.646341 -3.8414636	
2022-08-21-20:11:28-823 -0.083984375 -0.04345703 -0.92089844 0.0 -7.1951222 -1.8902439	
2022-08-21-20:11:28-828 -0.09472656 -0.013671875 -0.87158203 2.8658538 -0.6707317 -4.5731707	
2022-08-21-20:11:28-831 -0.109375 -0.12890625 -0.88964844 1.2195122 10.54878 -6.3414636	
2022-08-21-20:11:28-835 -0.07128906 -0.02734375 -1.015625 -4.390244 16.707317 -3.4146342	
2022-08-21-20:11:28-840 -0.08203125 -0.07519531 -0.9589844 -3.292683 17.37805 -5.914634	
2022-08-21-20:11:28-847 -0.083496094 -0.12109375 -0.9111328 -4.2073174 24.024391 -1.6463414	
2022-08-21-20:11:28-851 -0.047851562 0.009277344 -0.97753906 -4.1463413 29.817074 0.79268295	
2022-08-21-20:11:28-857 -0.03857422 -0.037597656 -1.0620117 2.5609756 27.682928 -7.5609756	
2022-08-21-20:11:28-860 -0.032226562 -0.12548828 -1.0786133 -0.36585367 20.182928 -6.0365853	
2022-08-21-20:11:29-027 0 0 0 0 0 1000	
2022-08-21-20:11:31-995 0 0 0 0 0 1000	
2022-08-21-20:11:32-299 0.0546875 -0.04345703 -0.99902344 5.8536587 2.5609756 -1.097561	
2022-08-21-20:11:32-305 0.08300781 -0.05419922 -1.0175781 11.463415 -10.426829 -0.91463417	
2022-08-21-20:11:32-310 0.088378906 -0.04296875 -1.215332 28.90244 -20.487804 -1.0365853	
2022-08-21-20:11:32-315 0.23535156 -0.125 -1.8579102 -0.73170733 -113.47561 4.756098	
2022-08-21-20:11:32-318 0.27246094 -0.027832031 -1.9858398 -36.585365 -185.42683 5.2439027	
2022-08-21-20:11:32-322 1.4375 -0.23535156 -1.4233398 -78.84147 -206.40245 -32.134148	
2022-08-21-20:11:32-328 3.28125 -1.7426758 -1.2963867 -0.42682928 -98.23171 -202.0122	
2022-08-21-20:11:32-331 4.2905273 -0.7578125 -1.0107422 83.04878 107.2561 -71.64634	
2022-08-21-20:11:32-337 6.1538086 -0.2553711 -1.3427734 104.69512 243.90245 125.30488	
2022-08-21-20:11:32-340 5.8691406 -0.6669922 -1.7929688 97.0122 447.13416 25.0	
2022-08-21-20:11:32-345 4.845703 -0.93115234 -3.4267578 155.0 571.40247 -62.012196	
2022-08-21-20:11:32-349 2.241211 -1.0883789 -5.438965 160.7317 702.2561 -133.47562	
2022-08-21-20:11:32-352 -0.46484375 -0.7158203 -5.9995117 186.82927 702.3171 -152.5	
2022-08-21-20:11:32-356 -2.6914062 0.2421875 -4.744629 181.46342 576.70734 -150.48781	
2022-08-21-20:11:32-360 -3.479004 0.22607422 -2.4248047 92.0122 420.7927 -85.243904	
2022-08-21-20:11:32-364 -3.680664 0.9711914 -0.9760742 64.32927 266.58536 5.670732	
2022-08-21-20:11:32-615 -3.765625 1.7348633 -0.29785156 27.256098 87.560974 -69.14634	
2022-08-21-20:11:32-620 -3.5073242 1.2128906 -0.09716797 -24.45122 -105.06098 -117.621956	
2022-08-21-20:11:32-625 -3.6118164 0.74853516 -0.4267578 -62.560978 -239.57318 -50.548782	
2022-08-21-20:11:32-630 -4.119629 0.27392578 -1.3193359 -114.87805 -380.3049 43.90244	
2022-08-21-20:11:32-634 -3.5722656 -0.34814453 -2.583496 -151.40244 -448.35367 113.10976	
2022-08-21-20:11:32-639 -2.8496094 -0.9291992 -2.4311523 -182.13416 -379.57318 125.18293	
2022-08-21-20:11:32-644 0.30419922 -1.7993164 -0.55126953 -149.32927 -412.13416 106.15854	
2022-08-21-20:11:32-649 8.412109 -4.283203 -2.2436523 -59.573174 -331.40244 70.0	
2022-08-21-20:11:32-653 -1.8701172 -1.21875 -8.684082 -100.06098 -1429.1464 108.96342	
2022-08-21-20:11:32-658 -4.833496 -0.09716797 -3.9829102 -66.70732 -512.1951 -92.68293	
2022-08-21-20:11:32-662 1.0263672 0.05029297 -0.7602539 -46.40244 -72.86585 34.878048	
2022-08-21-20:11:32-666 -0.5 -0.17919922 -0.734375 11.768293 -6.7073174 2.5609756	
2022-08-21-20:11:32-670 -0.16796875 -0.13720703 -1.0737305 -6.402439 -36.768295 7.7439027	
2022-08-21-20:11:32-674 0.099609375 -0.16796875 -1.1923828 20.42683 -30.670732 2.9268293	
2022-08-21-20:11:32-682 0.21044922 -0.072265625 -1.0698242 34.146343 -37.2561 -0.06097561	
2022-08-21-20:11:32-689 -0.0087890625 -0.087402344 -0.97216797 45.914635 -32.80488 -16.036585	
2022-08-21-20:11:32-884 0.072265625 0.118652344 -1.0639648 57.37805 -41.15854 -36.768295	
2022-08-21-20:11:32-890 -0.060058594 -0.5527344 -0.86376953 37.987804 -43.719513 -49.02439	
2022-08-21-20:11:32-894 -0.10253906 -0.40966797 -0.7685547 0.6707317 -28.47561 -1.4634147	
2022-08-21-20:11:32-897 0.030273438 -0.0014648438 -1.1450195 1.2195122 -23.109756 4.268293	
2022-08-21-20:11:32-900 0.024902344 -0.14160156 -1.1772461 0.42682928 -39.634148 -8.780488	
2022-08-21-20:11:32-905 -0.0043945312 -0.14941406 -0.9589844 -7.987805 -47.92683 -11.463415	
2022-08-21-20:11:32-912 -0.030761719 -0.0703125 -0.78564453 -24.45122 -36.585365 -13.353659	
2022-08-21-20:11:32-916 -0.06738281 0.0073242188 -0.60546875 -15.731708 -14.817074 -20.121952	
2022-08-21-20:11:32-920 -0.15673828 -0.28564453 -0.7089844 -1.6463414 22.317074 -27.682928	
2022-08-21-20:11:32-927 -0.055664062 -0.25830078 -0.9760742 1.8292683 36.890244 -8.963415	
2022-08-21-20:11:32-931 4.8828125E-4 -0.17285156 -1.1313477 -4.6951222 31.40244 -3.292683	
2022-08-21-20:11:32-935 -0.005859375 -0.1459961 -1.0678711 -2.378049 16.09756 -1.8292683	
2022-08-21-20:11:32-939 -0.005859375 -0.12011719 -0.9628906 0.18292683 11.646341 -2.682927	
2022-08-21-20:11:32-943 -0.0146484375 -0.15185547 -0.89746094 3.6585367 17.439024 -3.7195122	
2022-08-21-20:11:32-948 -0.01953125 -0.15332031 -0.84814453 1.2804878 32.439026 -4.512195	
2022-08-21-20:11:32-951 0.019042969 -0.19677734 -1.065918 -42.682926 39.02439 -4.4512196	
2022-08-21-20:11:33-199 0.049804688 -0.11230469 -1.0776367 -55.060978 32.621952 -0.36585367	
2022-08-21-20:11:33-204 0.040527344 -0.099121094 -1.0410156 -35.060978 30.792685 -3.3536587	
2022-08-21-20:11:33-209 0.048339844 -0.07714844 -1.0766602 -7.1341467 42.073174 -6.646342	
2022-08-21-20:11:33-213 0.09667969 -0.11767578 -1.1455078 11.219512 51.646343 -6.280488	
2022-08-21-20:11:33-219 -0.67626953 -1.0297852 -1.7612305 78.04878 95.79269 -66.95122	
2022-08-21-20:11:33-225 -0.26171875 -0.30566406 -2.2475586 60.609756 328.7195 -181.7683	
2022-08-21-20:11:33-229 -1.234375 -0.49609375 -2.0390625 10.060976 338.5366 -156.95122	
2022-08-21-20:11:33-232 -6.75 -2.3398438 -0.88964844 14.878049 177.98781 -45.85366	
2022-08-21-20:11:33-236 -3.9204102 0.9863281 -2.1767578 91.82927 -106.15854 108.90244	
2022-08-21-20:11:33-239 -2.7368164 -1.1464844 -1.5004883 -22.195122 -255.24391 65.48781	
2022-08-21-20:11:33-244 0.14404297 0.20166016 -0.86572266 -15.609756 -386.2805 184.08537	
2022-08-21-20:11:33-248 1.0083008 -0.58935547 -0.69384766 -90.60976 -466.40244 208.47562	
2022-08-21-20:11:33-256 8.597656 0.1303711 -1.2470703 -110.73171 -506.2805 152.43903	
2022-08-21-20:11:33-260 5.6030273 -1.3188477 -3.3095703 -140.67073 92.68293 40.182926	
2022-08-21-20:11:33-265 7.5844727 0.6953125 -1.4052734 108.47561 197.56097 168.17073	
2022-08-21-20:11:33-269 -0.5493164 0.13183594 -3.2504883 -47.682926 331.52438 17.256098	
2022-08-21-20:11:33-612 0.31103516 0.08691406 -1.8642578 -63.35366 11.52439 -4.390244	
2022-08-21-20:11:33-618 0.072265625 -0.20703125 -0.88183594 29.085367 -6.9512196 -4.878049	
2022-08-21-20:11:33-623 0.0043945312 -0.038085938 -0.87109375 10.670732 -8.109756 0.6707317	
2022-08-21-20:11:33-627 0.0063476562 -0.018554688 -0.8876953 1.2195122 -0.85365856 -0.73170733	
2022-08-21-20:11:33-631 0.03564453 -0.08935547 -0.9345703 -13.963415 6.2195125 -2.7439024	
2022-08-21-20:11:33-635 0.05859375 -0.063964844 -1.0395508 -15.426829 6.890244 -0.4878049	
2022-08-21-20:11:33-639 0.046875 -0.05029297 -1.012207 -6.585366 2.317073 -0.18292683	
2022-08-21-20:11:33-645 0.045898438 -0.056640625 -0.9741211 -3.5365853 1.2195122 -0.91463417	
2022-08-21-20:11:33-649 0.05029297 -0.068359375 -1.0029297 -2.6219513 -0.42682928 -0.73170733	
2022-08-21-20:11:33-654 0.045898438 -0.048828125 -0.98046875 -2.987805 -2.1341465 -0.24390244	
2022-08-21-20:11:33-659 0.044921875 -0.056152344 -0.97021484 -1.6463414 -3.6585367 -0.42682928	
2022-08-21-20:11:33-664 0.044433594 -0.059570312 -0.9770508 -3.1707318 -4.512195 -0.30487806	
2022-08-21-20:11:33-668 0.03515625 -0.048828125 -0.98291016 -3.6585367 -3.5365853 -0.24390244	
2022-08-21-20:11:33-672 0.0390625 -0.051757812 -0.9790039 -1.8902439 -1.9512196 -0.36585367	
2022-08-21-20:11:33-677 0.0390625 -0.052734375 -0.9814453 -0.6097561 -2.012195 -0.42682928	
2022-08-21-20:11:33-682 0.037109375 -0.056640625 -0.98535156 0.18292683 -1.8902439 -0.24390244	
2022-08-21-20:11:33-816 0 0 0 0 0 1000	
2022-08-21-20:11:36-349 0 0 0 0 0 1000	
2022-08-21-20:11:36-391 0.027832031 -0.056152344 -0.97509766 -0.18292683 0.30487806 -0.6097561	
2022-08-21-20:11:36-395 0.030273438 -0.056640625 -0.9819336 -0.18292683 0.30487806 -0.4878049	
2022-08-21-20:11:36-396 0.032226562 -0.053222656 -0.98046875 -0.12195122 0.30487806 -0.4878049	
2022-08-21-20:11:36-398 0.02734375 -0.055664062 -0.9716797 -0.18292683 0.36585367 -0.5487805	
2022-08-21-20:11:36-400 0.030273438 -0.05419922 -0.9838867 -0.42682928 0.79268295 -0.5487805	
2022-08-21-20:11:36-402 0.028808594 -0.053710938 -0.9785156 0.06097561 1.4634147 -0.4878049	
2022-08-21-20:11:36-405 0.026367188 -0.049804688 -0.9794922 0.5487805 3.292683 -0.6097561	
2022-08-21-20:11:36-409 0.028808594 -0.05517578 -0.9873047 1.1585366 7.1341467 -1.097561	
2022-08-21-20:11:36-412 0.032226562 -0.0625 -0.99853516 -0.18292683 9.695122 -0.79268295	
2022-08-21-20:11:36-416 0.038085938 -0.055664062 -1.0043945 1.1585366 10.243902 -0.4878049	
2022-08-21-20:11:36-418 0.04345703 -0.057128906 -0.9946289 3.0487804 9.146341 -0.85365856	
2022-08-21-20:11:36-420 0.04736328 -0.056640625 -0.984375 3.3536587 7.3170733 -1.2195122	
2022-08-21-20:11:36-425 0.053222656 -0.048828125 -0.9892578 3.6585367 4.390244 -1.7682927	
2022-08-21-20:11:36-427 0.048828125 -0.057617188 -0.99560547 4.512195 0.5487805 -1.8292683	
2022-08-21-20:11:36-429 0.05126953 -0.071777344 -1.0083008 4.2073174 -7.0731707 -0.6707317	
2022-08-21-20:11:36-431 0.33984375 0.234375 -1.9594727 42.012196 -67.86585 20.243902	
2022-08-21-20:11:36-689 0.21386719 -0.088378906 -2.2055664 -4.268293 -178.84146 -14.634147	
2022-08-21-20:11:36-695 0.34814453 -0.051757812 -2.3608398 -46.95122 -268.59756 -22.804878	
2022-08-21-20:11:36-699 0.328125 -0.23876953 -2.2236328 -73.04878 -325.60977 -22.5	
2022-08-21-20:11:36-702 3.9707031 -1.7128906 -1.3579102 -21.890244 -292.80487 -64.45122	
2022-08-21-20:11:36-706 7.447754 -1.6337891 -1.6806641 152.86586 59.87805 -155.7927	
2022-08-21-20:11:36-713 7.6845703 -1.0908203 -1.5756836 134.32927 350.7927 57.987804	
2022-08-21-20:11:36-719 8.371582 -0.43652344 -3.5629883 199.32927 563.2927 106.89024	
2022-08-21-20:11:36-724 4.965332 -0.95947266 -6.413574 187.80489 806.89026 -76.097565	
2022-08-21-20:11:36-728 0.47314453 -0.6748047 -9.488281 220.60976 904.8171 -158.04878	
2022-08-21-20:11:36-732 -3.4736328 -0.1640625 -8.494141 150.36586 815.0 -185.36586	
2022-08-21-20:11:36-735 -5.1601562 0.063964844 -4.708008 102.926834 568.5976 -103.71951	
2022-08-21-20:11:36-739 -6.024414 0.28466797 -1.3310547 62.621952 323.7805 -56.768295	
2022-08-21-20:11:36-748 -5.710449 1.8051758 -0.07519531 87.19512 62.560978 -96.34147	
2022-08-21-20:11:36-754 -4.2456055 2.0844727 0.03857422 -1.5853659 -100.121956 -200.85367	
2022-08-21-20:11:36-759 -2.9892578 0.7661133 -0.03515625 -97.560974 -194.5122 -203.96342	
2022-08-21-20:11:36-763 -2.4833984 0.20263672 -0.62402344 -100.85366 -282.37805 -89.451225	
2022-08-21-20:11:37-069 -2.2802734 -0.26708984 -0.9736328 -118.29269 -326.2195 -34.634148	
2022-08-21-20:11:37-074 -1.8251953 -1.3129883 -1.3305664 -87.926834 -338.90244 43.35366	
2022-08-21-20:11:37-079 -2.5717773 -1.6420898 -1.2739258 -43.23171 -311.64636 22.682928	
2022-08-21-20:11:37-083 -1.9907227 -1.6040039 -1.1391602 3.9634147 -377.8049 25.792683	
2022-08-21-20:11:37-087 4.4941406 0.024414062 -1.4604492 0.91463417 -369.69513 68.04878	
2022-08-21-20:11:37-092 0.8911133 -1.4091797 -12.814941 107.5 -1094.8171 63.475613	
2022-08-21-20:11:37-096 -2.2592773 -1.2236328 -1.1577148 15.0 13.414635 -62.439026	
2022-08-21-20:11:37-099 0.8178711 0.8354492 -0.4116211 -95.121956 -126.46342 36.707317	
2022-08-21-20:11:37-103 -0.3828125 -0.56640625 -1.0415039 -11.097561 -2.8658538 5.670732	
2022-08-21-20:11:37-108 0.14941406 0.026855469 -0.9345703 -12.621951 -36.585365 7.256098	
2022-08-21-20:11:37-111 0.1328125 -0.084472656 -1.2045898 -4.3292685 -41.890244 5.609756	
2022-08-21-20:11:37-117 0.099609375 -0.05859375 -0.95410156 30.304878 -32.134148 1.3414634	
2022-08-21-20:11:37-121 0.037597656 0.0087890625 -0.98095703 37.07317 -25.54878 -8.170732	
2022-08-21-20:11:37-127 -0.059570312 -0.13134766 -0.7314453 40.73171 -17.743902 -26.219513	
2022-08-21-20:11:37-131 0.0146484375 -0.20654297 -0.9399414 22.804878 4.390244 -12.378049	
2022-08-21-20:11:37-134 0.07519531 -0.04638672 -1.2319336 51.341465 -17.621952 -5.5487804	
2022-08-21-20:11:37-336 0.09326172 0.32128906 -1.152832 103.17073 -45.365856 -31.219513	
2022-08-21-20:11:37-343 0.03466797 -0.11230469 -1.0107422 94.63415 -50.121952 -78.35366	
2022-08-21-20:11:37-348 -0.052246094 -0.68359375 -0.5800781 25.54878 -35.73171 -47.621952	
2022-08-21-20:11:37-352 -0.08544922 -0.421875 -0.7338867 -26.585367 1.8902439 -2.8658538	
2022-08-21-20:11:37-358 0.009277344 -0.091796875 -1.1030273 -24.756098 6.402439 2.8658538	
2022-08-21-20:11:37-361 0.0043945312 -0.20947266 -0.9926758 -9.02439 -2.317073 -4.3292685	
2022-08-21-20:11:37-365 -0.012207031 -0.19042969 -0.95166016 -8.04878 -3.0487804 -0.73170733	
2022-08-21-20:11:37-368 -0.01953125 -0.19189453 -0.8959961 -10.792684 0.79268295 -3.1097562	
2022-08-21-20:11:37-372 -0.0234375 -0.25439453 -0.8310547 -23.719513 12.987805 -2.5609756	
2022-08-21-20:11:37-377 -0.009277344 -0.12158203 -0.9033203 -28.536587 26.158537 -0.5487805	
2022-08-21-20:11:37-383 0.024902344 -0.18945312 -1.1103516 -31.95122 25.54878 -3.7804878	
2022-08-21-20:11:37-387 0.009765625 -0.1694336 -0.99316406 -28.109756 17.317074 -1.5243902	
2022-08-21-20:11:37-393 -0.0078125 -0.1875 -0.96240234 -34.7561 25.670732 -3.4146342	
2022-08-21-20:11:37-396 -0.0126953125 -0.1694336 -1.0546875 -55.30488 40.365856 -4.02439	
2022-08-21-20:11:37-399 -0.07324219 -0.1977539 -1.1323242 -89.39024 57.5 -2.1341465	
2022-08-21-20:11:37-404 -0.75341797 -0.6274414 -1.9282227 -120.97561 69.14634 -23.719513	
2022-08-21-20:11:37-653 -1.3891602 -0.35107422 -2.2666016 -41.646343 379.0244 -132.80489	
2022-08-21-20:11:37-658 -6.446289 -1.8256836 -0.6821289 -22.073172 208.04878 -5.0	
2022-08-21-20:11:37-661 -6.29541 -0.1796875 -1.9731445 123.10976 -39.085365 38.719513	
2022-08-21-20:11:37-666 -4.9643555 -0.69140625 -2.1689453 65.60976 -165.30489 6.768293	
2022-08-21-20:11:37-669 -2.3740234 -1.9042969 -2.0493164 79.63415 -312.31708 92.621956	
2022-08-21-20:11:37-673 1.3588867 -0.65722656 -0.7636719 100.85366 -386.95123 253.71951	
2022-08-21-20:11:37-677 4.3691406 -0.41064453 -0.39697266 -25.853659 -414.93903 290.06097	
2022-08-21-20:11:37-681 6.196289 -2.5634766 0.8808594 -1.5243902 82.256096 237.80489	
2022-08-21-20:11:37-686 10.248535 0.85791016 -0.61376953 51.15854 263.41464 232.31708	
2022-08-21-20:11:37-690 -0.5595703 0.32958984 -4.061035 -113.96342 357.13416 -0.06097561	
2022-08-21-20:11:37-693 0.3803711 -0.15576172 -1.5107422 33.23171 16.219513 -12.621951	
2022-08-21-20:11:37-697 -0.0146484375 -0.16064453 -0.9086914 40.85366 -28.414635 -5.304878	
2022-08-21-20:11:37-700 0.0048828125 0.0029296875 -0.81640625 24.939026 -9.02439 6.0365853	
2022-08-21-20:11:37-706 -0.0029296875 -0.1171875 -0.8232422 -0.6707317 2.2560976 -5.5487804	
2022-08-21-20:11:37-711 0.03857422 -0.122558594 -0.9897461 -48.292683 10.0 2.1341465	
2022-08-21-20:11:37-715 0.07373047 -0.0024414062 -1.1035156 -25.670732 1.5853659 1.7682927	
2022-08-21-20:11:37-947 0.04736328 -0.076660156 -0.9760742 2.1341465 1.2195122 -1.0365853	
2022-08-21-20:11:37-952 0.04296875 -0.07128906 -0.9628906 -4.5731707 -0.6097561 0.06097561	
2022-08-21-20:11:37-954 0.044433594 -0.055664062 -0.99072266 -7.3170733 -0.4878049 0.79268295	
2022-08-21-20:11:37-958 0.040527344 -0.053222656 -0.9692383 -3.7195122 0.79268295 -0.06097561	
2022-08-21-20:11:37-960 0.048339844 -0.061035156 -0.99316406 -2.0731707 1.2195122 -0.85365856	
2022-08-21-20:11:37-964 0.045410156 -0.064453125 -0.9794922 -1.2804878 0.0 -0.73170733	
2022-08-21-20:11:37-966 0.043945312 -0.059570312 -0.97216797 -1.402439 0.36585367 -0.73170733	
2022-08-21-20:11:37-968 0.047851562 -0.060546875 -0.97998047 -0.6097561 0.6707317 -0.6707317	
2022-08-21-20:11:37-970 0.044433594 -0.06298828 -0.98779297 -0.24390244 -0.6097561 -0.30487806	
2022-08-21-20:11:37-973 0.045410156 -0.06542969 -0.9609375 -0.12195122 -0.85365856 -0.24390244	
2022-08-21-20:11:37-976 0.045410156 -0.064941406 -0.99365234 -0.12195122 -1.2195122 -0.18292683	
2022-08-21-20:11:37-979 0.044433594 -0.06591797 -0.9785156 -0.42682928 -2.2560976 -0.12195122	
2022-08-21-20:11:37-981 0.041015625 -0.063964844 -0.97802734 -1.1585366 -2.378049 0.0	
2022-08-21-20:11:37-985 0.040527344 -0.06347656 -0.9746094 -1.7682927 -2.012195 -0.12195122	
2022-08-21-20:11:37-987 0.040527344 -0.061523438 -0.97265625 -1.4634147 -1.4634147 -0.36585367	
2022-08-21-20:11:37-990 0.045410156 -0.05908203 -0.9711914 -1.097561 -0.85365856 -0.42682928	
2022-08-21-20:11:38-032 0 0 0 0 0 1000	
2022-08-21-20:11:40-448 0 0 0 0 0 1000	
2022-08-21-20:11:40-479 0.043945312 -0.060546875 -0.9785156 -0.18292683 0.18292683 -0.5487805	
2022-08-21-20:11:40-484 0.04296875 -0.06201172 -0.9736328 -0.18292683 0.12195122 -0.4878049	
2022-08-21-20:11:40-487 0.041015625 -0.059570312 -0.97802734 -0.12195122 0.30487806 -0.6097561	
2022-08-21-20:11:40-489 0.044921875 -0.05908203 -0.9790039 -0.30487806 0.4878049 -0.4878049	
2022-08-21-20:11:40-493 0.04345703 -0.05859375 -0.9790039 -0.36585367 0.42682928 -0.4878049	
2022-08-21-20:11:40-496 0.04248047 -0.060058594 -0.98046875 -0.36585367 0.4878049 -0.42682928	
2022-08-21-20:11:40-497 0.04248047 -0.057128906 -0.9790039 -0.12195122 1.3414634 -0.42682928	
2022-08-21-20:11:40-499 0.040039062 -0.055664062 -0.9814453 0.36585367 2.6219513 -0.5487805	
2022-08-21-20:11:40-501 0.041015625 -0.057128906 -0.9921875 0.6707317 5.304878 -0.6097561	
2022-08-21-20:11:40-507 0.043945312 -0.060058594 -0.9941406 -0.6097561 8.04878 -0.24390244	
2022-08-21-20:11:40-509 0.04736328 -0.053710938 -0.9951172 6.8292685 6.158537 0.30487806	
2022-08-21-20:11:40-512 0.049316406 -0.048828125 -0.98046875 2.1341465 7.012195 0.0	
2022-08-21-20:11:40-517 0.051757812 -0.057617188 -0.98291016 4.6951222 6.3414636 -0.42682928	
2022-08-21-20:11:40-519 0.0546875 -0.0625 -0.99072266 4.756098 4.512195 -0.4878049	
2022-08-21-20:11:40-522 0.057617188 -0.057128906 -0.9902344 4.2073174 2.0731707 -0.9756098	
2022-08-21-20:11:40-525 0.07324219 -0.05078125 -0.9741211 3.1097562 -4.5731707 -1.5853659	
2022-08-21-20:11:40-784 0.08984375 -0.08105469 -1.1918945 20.670732 -20.121952 0.9756098	
2022-08-21-20:11:40-791 0.32617188 0.19238281 -2.1723633 22.621952 -120.67074 -3.4756098	
2022-08-21-20:11:40-795 0.5683594 0.58984375 -2.449707 -14.512196 -225.85367 -35.060978	
2022-08-21-20:11:40-799 0.46240234 0.088378906 -2.1430664 -100.54878 -289.87805 -97.07317	
2022-08-21-20:11:40-802 1.3212891 -0.59472656 -1.8847656 -106.34147 -319.39026 -110.60976	
2022-08-21-20:11:40-807 4.4970703 -2.0498047 -1.5146484 23.658537 -168.90245 -210.48781	
2022-08-21-20:11:40-811 5.6342773 -0.98779297 -1.1025391 79.085365 180.91464 -54.45122	
2022-08-21-20:11:40-815 6.773926 -0.8144531 -1.3657227 101.46342 322.7439 134.7561	
2022-08-21-20:11:40-820 6.0898438 -0.9428711 -2.5458984 142.98781 525.97565 72.98781	
2022-08-21-20:11:40-823 4.073242 -0.37548828 -4.338379 203.35367 633.90247 -29.085367	
2022-08-21-20:11:40-828 1.5922852 -0.12890625 -6.090332 189.7561 692.3171 -139.63416	
2022-08-21-20:11:40-831 -0.8017578 -0.10595703 -6.73291 132.2561 687.13416 -196.70732	
2022-08-21-20:11:40-834 -3.3398438 -0.3466797 -5.2875977 68.78049 603.10974 -192.19513	
2022-08-21-20:11:40-838 -4.883301 0.14355469 -2.5058594 59.512196 421.0366 -142.62195	
2022-08-21-20:11:40-841 -4.9331055 1.0444336 -0.5292969 61.58537 192.74391 -107.2561	
2022-08-21-20:11:40-846 -5.1328125 1.3564453 0.21044922 24.512196 -15.914635 -97.86585	
2022-08-21-20:11:41-097 -5.036621 1.3432617 -0.2939453 -43.65854 -189.0244 -38.536587	
2022-08-21-20:11:41-100 -4.5751953 0.26757812 -1.0605469 -178.2317 -235.12196 30.670732	
2022-08-21-20:11:41-105 -4.887207 -2.0761719 -1.4418945 -178.2927 -267.19513 129.63416	
2022-08-21-20:11:41-110 -4.01416 -2.5908203 -2.2822266 -67.80488 -407.56097 116.64635	
2022-08-21-20:11:41-117 1.4282227 -1.5556641 -0.11279297 -15.121951 -481.2195 61.463417	
2022-08-21-20:11:41-121 8.642578 -1.8408203 -7.7060547 -90.97561 -476.70734 68.84147	
2022-08-21-20:11:41-126 -3.7080078 0.032714844 -5.15625 -56.036587 -1200.8536 -23.414635	
2022-08-21-20:11:41-130 -0.11376953 -0.45703125 -2.4023438 -43.59756 69.32927 24.512196	
2022-08-21-20:11:41-133 0.73339844 0.57470703 -0.2919922 5.487805 -105.18293 27.743902	
2022-08-21-20:11:41-137 -0.2705078 -0.40527344 -0.16699219 10.487805 14.085366 2.2560976	
2022-08-21-20:11:41-141 0.13232422 -0.15283203 -1.3085938 -10.304878 4.2073174 4.6951222	
2022-08-21-20:11:41-146 0.12451172 -0.10839844 -1.2880859 27.92683 -13.47561 1.3414634	
2022-08-21-20:11:41-150 0.07128906 -0.34228516 -0.78808594 24.085367 -55.85366 2.9268293	
2022-08-21-20:11:41-153 0.08935547 -0.15429688 -0.97021484 -34.69512 -43.475613 4.02439	
2022-08-21-20:11:41-160 0.03564453 -0.095214844 -0.91015625 -10.243902 -25.914635 0.6097561	
2022-08-21-20:11:41-165 0.036621094 -0.083496094 -0.94091797 6.8292685 -14.695123 -2.2560976	
2022-08-21-20:11:41-478 0.057617188 -0.111816406 -1.0791016 31.646341 -17.439024 -8.109756	
2022-08-21-20:11:41-482 0.07324219 0.03515625 -1.0708008 55.670734 -30.243902 -19.634148	
2022-08-21-20:11:41-489 0.023925781 -0.12451172 -0.8647461 55.73171 -26.95122 -41.09756	
2022-08-21-20:11:41-493 -0.07519531 -0.53125 -0.69384766 23.414635 -9.695122 -27.195122	
2022-08-21-20:11:41-497 4.8828125E-4 -0.20361328 -0.9189453 -14.756098 9.02439 -1.097561	
2022-08-21-20:11:41-500 0.03125 -0.18603516 -1.0737305 -17.134148 9.3902445 -1.7073171	
2022-08-21-20:11:41-504 0.03515625 -0.15966797 -1.0678711 12.926829 -5.670732 -1.0365853	
2022-08-21-20:11:41-509 0.020996094 -0.20507812 -0.91552734 33.536587 -10.487805 -2.8658538	
2022-08-21-20:11:41-514 -0.005859375 -0.23388672 -0.84375 12.743903 4.5731707 -3.7195122	
2022-08-21-20:11:41-518 0.009765625 -0.24707031 -0.8798828 -16.280489 30.121952 -2.6219513	
2022-08-21-20:11:41-523 0.045410156 -0.21533203 -0.9760742 -40.243904 47.560978 -1.4634147	
2022-08-21-20:11:41-527 0.076171875 -0.16308594 -1.0117188 -28.536587 50.243904 -3.1097562	
2022-08-21-20:11:41-530 0.080078125 -0.15478516 -1.0991211 5.365854 59.45122 -6.402439	
2022-08-21-20:11:41-533 0.060058594 -0.22314453 -1.2099609 43.90244 59.207317 -8.231708	
2022-08-21-20:11:41-537 -0.6040039 -1.2763672 -1.5898438 81.34147 107.439026 -64.939026	
2022-08-21-20:11:41-541 -0.03173828 -0.41503906 -2.3359375 -46.95122 380.2439 -199.2683	
2022-08-21-20:11:41-772 0.111816406 -0.0703125 -1.9350586 -92.98781 384.45123 -107.439026	
2022-08-21-20:11:41-777 -5.1694336 -1.40625 -1.0009766 -162.19513 270.73172 -30.609756	
2022-08-21-20:11:41-781 -6.741699 -0.64501953 -1.6494141 172.74391 -77.5 198.96342	
2022-08-21-20:11:41-786 -3.619629 -0.640625 -2.3666992 -115.54878 -250.30489 -86.21951	
2022-08-21-20:11:41-792 -3.1958008 -1.0751953 -2.6640625 95.60976 -398.59756 49.02439	
2022-08-21-20:11:41-796 -0.85009766 -0.7397461 -2.1591797 -22.621952 -447.13416 147.5	
2022-08-21-20:11:41-799 1.2617188 -0.2763672 -1.3598633 2.317073 -537.439 230.91464	
2022-08-21-20:11:41-805 4.3027344 -3.8164062 -0.50146484 -145.30489 -21.82927 67.86585	
2022-08-21-20:11:41-809 10.2265625 0.42578125 0.57421875 49.207317 59.512196 207.2561	
2022-08-21-20:11:41-813 3.1918945 1.6206055 -3.041504 -0.5487805 469.81708 91.28049	
2022-08-21-20:11:41-825 0.20703125 0.10888672 -2.380371 -139.32927 5.914634 -10.0	
2022-08-21-20:11:41-830 0.44189453 -0.2446289 -1.0634766 57.68293 12.743903 -8.231708	
2022-08-21-20:11:41-835 -0.06982422 -0.13378906 -0.87060547 12.5 -24.146341 -0.30487806	
2022-08-21-20:11:41-839 -0.00390625 0.07470703 -0.84228516 4.756098 -1.8292683 6.52439	
2022-08-21-20:11:41-844 0.024902344 -0.09863281 -0.9111328 -9.45122 5.792683 -4.02439	
2022-08-21-20:11:41-849 0.05029297 -0.060058594 -1.0385742 -11.463415 5.304878 -1.0365853	
2022-08-21-20:11:42-034 0 0 0 0 0 1000	
2022-08-21-20:11:44-552 0 0 0 0 0 1000	
2022-08-21-20:11:44-606 0.032714844 -0.05908203 -0.9794922 -0.18292683 0.6097561 -0.42682928	
2022-08-21-20:11:44-608 0.03564453 -0.05859375 -0.97802734 -0.24390244 0.6097561 -0.42682928	
2022-08-21-20:11:44-612 0.03515625 -0.055664062 -0.97753906 -0.42682928 1.0365853 -0.36585367	
2022-08-21-20:11:44-616 0.03173828 -0.05810547 -0.9794922 -0.24390244 1.9512196 -0.4878049	
2022-08-21-20:11:44-618 0.032714844 -0.056152344 -0.9838867 -0.30487806 3.5365853 -0.6097561	
2022-08-21-20:11:44-620 0.032714844 -0.053222656 -0.98779297 0.06097561 6.158537 -0.5487805	
2022-08-21-20:11:44-624 0.030761719 -0.05419922 -0.99902344 1.097561 8.658537 -0.73170733	
2022-08-21-20:11:44-626 0.040527344 -0.0546875 -0.99121094 10.853659 8.414635 -0.73170733	
2022-08-21-20:11:44-628 0.043945312 -0.061035156 -0.9892578 5.0609756 6.52439 -1.0365853	
2022-08-21-20:11:44-630 0.047851562 -0.060058594 -0.97998047 7.012195 4.5731707 -1.5853659	
2022-08-21-20:11:44-632 0.048828125 -0.061035156 -0.98535156 6.585366 1.4634147 -2.1341465	
2022-08-21-20:11:44-635 0.055664062 -0.055664062 -0.99072266 4.390244 -1.7682927 -1.9512196	
2022-08-21-20:11:44-638 0.0703125 -0.092285156 -1.1489258 14.268293 -15.121951 -1.7073171	
2022-08-21-20:11:44-640 0.32714844 0.25048828 -1.8330078 19.756098 -96.70732 1.5243902	
2022-08-21-20:11:44-643 0.32763672 0.37890625 -2.159668 -0.24390244 -186.64635 -20.060976	
2022-08-21-20:11:44-652 0.40966797 0.29248047 -2.2651367 -61.219513 -264.2683 -71.40244	
2022-08-21-20:11:44-924 0.5151367 -0.06933594 -2.1030273 -82.98781 -307.19513 -89.87805	
2022-08-21-20:11:44-929 3.5322266 -1.6025391 -1.1132812 -72.0122 -255.0 -160.60976	
2022-08-21-20:11:44-933 5.9160156 -1.0981445 -1.1401367 126.82927 86.46342 -165.36586	
2022-08-21-20:11:44-936 7.0302734 -0.5917969 -0.8798828 77.621956 281.4634 119.268295	
2022-08-21-20:11:44-940 7.4785156 -0.90625 -2.2158203 100.0 529.8171 157.68294	
2022-08-21-20:11:44-946 5.132324 -0.72509766 -3.9174805 174.0244 706.64636 37.317074	
2022-08-21-20:11:44-949 2.8139648 9.765625E-4 -6.043457 224.5122 762.0122 -62.37805	
2022-08-21-20:11:44-953 -0.3876953 0.05029297 -7.1728516 175.42683 717.13416 -144.63416	
2022-08-21-20:11:44-959 -2.708496 -0.109375 -5.862793 112.743904 527.1951 -202.68294	
2022-08-21-20:11:44-963 -4.5927734 0.21289062 -3.4311523 62.5 348.65854 -223.10976	
2022-08-21-20:11:44-967 -4.9174805 0.8129883 -1.0385742 3.4146342 170.0 -177.37805	
2022-08-21-20:11:44-973 -4.830078 1.3828125 -0.08984375 -14.878049 14.085366 -129.57318	
2022-08-21-20:11:44-980 -4.642578 0.8027344 -0.025878906 -85.0 -118.23171 -63.90244	
2022-08-21-20:11:44-989 -4.1464844 -0.19335938 -0.49267578 -123.10976 -208.59756 46.768295	
2022-08-21-20:11:44-995 -4.1523438 -1.5541992 -1.2670898 -111.46342 -272.98782 88.23171	
2022-08-21-20:11:45-001 -4.5668945 -2.097168 -1.9033203 -58.963417 -341.70734 47.682926	
2022-08-21-20:11:45-237 -1.9648438 -1.9008789 -1.5654297 -47.19512 -469.87805 115.121956	
2022-08-21-20:11:45-245 8.058594 -1.5341797 -2.9995117 -31.707317 -439.69513 177.68294	
2022-08-21-20:11:45-253 -2.5620117 -1.0053711 -8.602539 8.353659 -1523.7196 93.29269	
2022-08-21-20:11:45-258 -0.08935547 -0.6870117 -2.2050781 -25.365854 175.42683 2.195122	
2022-08-21-20:11:45-262 -0.9267578 0.1352539 0.20947266 -3.6585367 -71.40244 16.09756	
2022-08-21-20:11:45-268 0.19921875 -0.28173828 -1.2851562 3.3536587 7.1341467 2.378049	
2022-08-21-20:11:45-271 0.09667969 0.049804688 -0.86328125 -3.7195122 -25.121952 4.8170733	
2022-08-21-20:11:45-276 0.14355469 -0.25927734 -1.2143555 5.2439027 -46.95122 3.5975611	
2022-08-21-20:11:45-280 0.083496094 -0.071777344 -0.9277344 -4.2073174 -42.92683 2.7439024	
2022-08-21-20:11:45-284 0.109375 0.05859375 -0.9501953 21.40244 -33.292683 -8.231708	
2022-08-21-20:11:45-290 -0.052246094 -0.2734375 -0.8544922 1.1585366 -16.585365 -27.37805	
2022-08-21-20:11:45-294 -0.009765625 -0.18359375 -0.88623047 -17.134148 -4.2073174 -8.780488	
2022-08-21-20:11:45-297 0.0107421875 -0.10986328 -0.95996094 -15.0 -1.5243902 -4.512195	
2022-08-21-20:11:45-300 0.08105469 -0.11816406 -1.3203125 -9.939025 -13.719513 -7.0731707	
2022-08-21-20:11:45-304 0.049804688 -0.07421875 -1.0375977 -21.768293 -39.268295 -8.597561	
2022-08-21-20:11:45-309 -0.0063476562 -0.009765625 -0.77246094 -20.304878 -33.292683 -12.317074	
2022-08-21-20:11:46-185 0 0 0 0 0 1000	
2022-08-21-20:11:48-570 0 0 0 0 0 1000	
2022-08-21-20:11:50-116 0 0 0 0 0 1000	
2022-08-21-20:12:01-967 0 0 0 0 0 1000	
2022-08-21-20:12:04-116 0 0 0 0 0 1000	
2022-08-21-20:12:06-422 0 0 0 0 0 1000	
2022-08-21-20:12:07-991 0 0 0 0 0 1000	
2022-08-21-20:12:10-077 0 0 0 0 0 1000	
2022-08-21-20:12:11-915 0 0 0 0 0 1000	
2022-08-21-20:12:14-071 0 0 0 0 0 1000	
2022-08-21-20:12:15-568 0 0 0 0 0 1000	
