2022-08-21-19:37:49-865 0 0 0 0 0 1000	
2022-08-21-19:37:50-574 -0.8798828 0.5058594 -0.092285156 8.902439 12.865854 -0.79268295	
2022-08-21-19:37:50-584 -0.8623047 0.50634766 -0.10888672 7.1951222 15.0 -2.195122	
2022-08-21-19:37:50-588 -0.85595703 0.4975586 -0.13378906 9.573171 15.54878 -1.7682927	
2022-08-21-19:37:50-594 -0.90966797 0.49609375 -0.1508789 12.5 9.878049 0.36585367	
2022-08-21-19:37:50-599 -0.8828125 0.50146484 -0.14550781 8.902439 6.158537 -0.73170733	
2022-08-21-19:37:50-602 -0.8730469 0.5048828 -0.19824219 5.0 2.317073 -1.6463414	
2022-08-21-19:37:50-606 -0.81591797 0.4951172 -0.22998047 3.9634147 -0.79268295 -3.3536587	
2022-08-21-19:37:50-613 -0.85302734 0.50146484 -0.19824219 6.2195125 5.304878 -0.79268295	
2022-08-21-19:37:50-617 -0.8413086 0.49365234 -0.19433594 6.52439 13.353659 -0.79268295	
2022-08-21-19:37:50-621 -0.86083984 0.48339844 -0.16455078 4.1463413 14.268293 -1.2804878	
2022-08-21-19:37:50-625 -0.8642578 0.46679688 -0.18945312 2.8658538 0.9756098 0.85365856	
2022-08-21-19:37:50-628 -0.84765625 0.49267578 -0.17773438 3.1097562 -12.256098 0.5487805	
2022-08-21-19:37:50-632 -0.85839844 0.4819336 -0.2084961 1.6463414 -9.512196 -1.0365853	
2022-08-21-19:37:50-636 -0.85302734 0.4814453 -0.2006836 0.30487806 4.5731707 -1.6463414	
2022-08-21-19:37:50-640 -0.8833008 0.46679688 -0.19873047 -0.6707317 9.878049 -1.2804878	
2022-08-21-19:37:50-644 -0.8901367 0.45117188 -0.18847656 -0.91463417 2.012195 -0.6707317	
2022-08-21-19:37:50-734 -0.89453125 0.43066406 -0.18652344 -0.73170733 -0.18292683 -0.18292683	
2022-08-21-19:37:50-739 -0.8754883 0.43408203 -0.17480469 -4.3292685 5.8536587 0.12195122	
2022-08-21-19:37:50-743 -0.84765625 0.4609375 -0.1640625 -9.573171 1.8902439 1.402439	
2022-08-21-19:37:50-748 -0.83496094 0.48291016 -0.1665039 -5.914634 0.6097561 -2.682927	
2022-08-21-19:37:50-754 -0.8491211 0.50878906 -0.17822266 -3.4146342 -1.8292683 -1.6463414	
2022-08-21-19:37:50-765 -0.82128906 0.52441406 -0.19677734 -3.902439 3.7195122 -3.4146342	
2022-08-21-19:37:50-774 -0.8330078 0.5 -0.18701172 -3.9634147 10.54878 -4.2073174	
2022-08-21-19:37:50-779 -0.8510742 0.51220703 -0.19335938 -6.3414636 9.878049 -1.5853659	
2022-08-21-19:37:50-784 -0.83447266 0.54248047 -0.19189453 -3.1097562 0.36585367 1.0365853	
2022-08-21-19:37:50-792 -0.8598633 0.5444336 -0.20263672 1.2195122 -0.91463417 1.7682927	
2022-08-21-19:37:50-797 -0.8691406 0.5048828 -0.23486328 2.2560976 6.7073174 2.5609756	
2022-08-21-19:37:50-802 -0.8618164 0.46875 -0.23095703 0.5487805 13.292684 4.878049	
2022-08-21-19:37:50-806 -0.8964844 0.44628906 -0.22558594 -3.1097562 8.902439 6.097561	
2022-08-21-19:37:50-812 -0.8676758 0.4375 -0.2006836 -6.646342 -3.292683 3.5365853	
2022-08-21-19:37:50-817 -0.84716797 0.4272461 -0.20507812 -7.987805 -10.060976 1.9512196	
2022-08-21-19:37:50-821 -0.81347656 0.4399414 -0.1796875 -8.109756 -9.146341 1.9512196	
2022-08-21-19:37:50-906 -0.8701172 0.4555664 -0.14453125 -5.792683 -0.06097561 2.1341465	
2022-08-21-19:37:50-910 -0.875 0.49267578 -0.11816406 -4.3292685 1.7682927 2.2560976	
2022-08-21-19:37:50-915 -0.85253906 0.50146484 -0.14746094 -3.292683 -0.6707317 0.6097561	
2022-08-21-19:37:50-920 -0.8808594 0.4951172 -0.16259766 -2.012195 -6.8292685 2.012195	
2022-08-21-19:37:50-926 -0.88623047 0.50878906 -0.14013672 -4.390244 -7.7439027 2.5	
2022-08-21-19:37:50-931 -0.90478516 0.49560547 -0.17285156 -5.2439027 -3.292683 0.0	
2022-08-21-19:37:50-935 -0.8725586 0.5029297 -0.17773438 -5.304878 -2.317073 0.0	
2022-08-21-19:37:50-939 -0.89160156 0.48583984 -0.17333984 -1.402439 -0.73170733 2.5609756	
2022-08-21-19:37:50-943 -0.8833008 0.4765625 -0.15966797 -0.5487805 2.378049 3.1707318	
2022-08-21-19:37:50-949 -0.8466797 0.48095703 -0.15917969 -2.5609756 3.902439 3.5365853	
2022-08-21-19:37:50-953 -0.8378906 0.46484375 -0.16845703 -1.8292683 0.5487805 1.7073171	
2022-08-21-19:37:50-959 -0.81347656 0.4765625 -0.17285156 -1.7073171 -2.9268293 0.79268295	
2022-08-21-19:37:50-964 -0.8383789 0.47070312 -0.16357422 -2.195122 -1.5853659 0.06097561	
2022-08-21-19:37:50-968 -0.83447266 0.46533203 -0.14208984 -5.0609756 -1.7682927 -1.8902439	
2022-08-21-19:37:50-972 -0.8569336 0.4477539 -0.12792969 -3.9634147 -4.512195 -1.5853659	
2022-08-21-19:37:50-979 -0.86865234 0.45996094 -0.1430664 -3.292683 -6.52439 -0.12195122	
2022-08-21-19:37:51-077 -0.8823242 0.47753906 -0.13867188 -0.30487806 -5.121951 -0.42682928	
2022-08-21-19:37:51-083 -0.8725586 0.48388672 -0.15136719 -1.8902439 -1.5243902 0.6097561	
2022-08-21-19:37:51-088 -0.8598633 0.4716797 -0.18554688 -1.4634147 -0.12195122 -0.18292683	
2022-08-21-19:37:51-095 -0.859375 0.46679688 -0.16748047 -0.5487805 -0.5487805 -0.24390244	
2022-08-21-19:37:51-102 -0.8857422 0.48486328 -0.15917969 -3.6585367 -1.4634147 0.73170733	
2022-08-21-19:37:51-107 -0.8540039 0.5029297 -0.14355469 -5.97561 -6.0365853 1.2804878	
2022-08-21-19:37:51-113 -0.83447266 0.48632812 -0.14160156 -5.670732 -10.792684 3.2317073	
2022-08-21-19:37:51-123 -0.8178711 0.49804688 -0.13574219 -2.7439024 -13.292684 4.634146	
2022-08-21-19:37:51-127 -0.81591797 0.5004883 -0.14697266 -1.2804878 -5.0 1.7682927	
2022-08-21-19:37:51-134 -0.83740234 0.4868164 -0.1640625 -0.42682928 6.585366 -1.2195122	
2022-08-21-19:37:51-140 -0.87890625 0.47705078 -0.1586914 -1.5243902 4.390244 0.42682928	
2022-08-21-19:37:51-144 -0.8964844 0.46923828 -0.14404297 -2.9268293 -4.390244 2.1341465	
2022-08-21-19:37:51-150 -0.8798828 0.48291016 -0.13769531 -4.9390244 -8.04878 2.5	
2022-08-21-19:37:51-154 -0.84277344 0.49316406 -0.14013672 -3.9634147 -5.670732 0.6707317	
2022-08-21-19:37:51-159 -0.8256836 0.46875 -0.14941406 -1.097561 2.012195 -1.2804878	
2022-08-21-19:37:51-166 -0.86865234 0.484375 -0.123535156 -0.18292683 9.02439 -0.5487805	
2022-08-21-19:37:51-265 -0.9033203 0.5366211 -0.15771484 -1.9512196 12.682927 -0.4878049	
2022-08-21-19:37:51-270 -0.99316406 0.70703125 -0.22705078 -2.7439024 22.317074 -1.3414634	
2022-08-21-19:37:51-274 -1.2382812 1.0629883 -0.20996094 -6.3414636 45.243904 -1.2195122	
2022-08-21-19:37:51-280 -1.5517578 1.6201172 0.08691406 -25.792683 20.182928 5.914634	
2022-08-21-19:37:51-285 -1.6298828 1.9492188 0.46435547 -39.390244 -95.243904 -5.182927	
2022-08-21-19:37:51-290 -1.8413086 2.1113281 0.6879883 -60.30488 -227.19513 -13.292684	
2022-08-21-19:37:51-296 -1.1210938 1.9995117 0.60009766 -56.646343 -231.95122 -34.146343	
2022-08-21-19:37:51-301 -1.027832 1.9750977 0.35546875 -38.780487 -85.18293 -40.792683	
2022-08-21-19:37:51-305 -1.0825195 1.4970703 0.34521484 17.317074 -5.487805 -65.914635	
2022-08-21-19:37:51-313 -1.5019531 1.2827148 0.73876953 58.35366 -1.0365853 -75.060974	
2022-08-21-19:37:51-319 -1.7958984 1.0224609 0.9892578 32.621952 -84.87805 -117.80488	
2022-08-21-19:37:51-324 -0.040527344 0.040039062 -0.12890625 -51.09756 -187.68294 -174.93903	
2022-08-21-19:37:51-333 -0.5288086 -0.78515625 -0.16015625 -6.4634147 -138.41464 -141.34146	
2022-08-21-19:37:51-337 0.46289062 -1.347168 -0.22851562 9.878049 5.97561 -95.30488	
2022-08-21-19:37:51-342 -0.7519531 -2.1513672 -0.8540039 49.146343 178.71951 -129.81708	
2022-08-21-19:37:51-347 0.001953125 -1.0629883 -1.269043 124.7561 231.95122 -90.85366	
2022-08-21-19:37:51-444 -0.09472656 -0.028808594 -1.2421875 139.57318 221.5244 6.402439	
2022-08-21-19:37:51-448 -0.6225586 0.21533203 -0.3881836 82.13415 77.86585 30.731709	
2022-08-21-19:37:51-451 0.0073242188 0.9135742 -0.18261719 32.5 -135.7317 30.42683	
2022-08-21-19:37:51-457 0.3881836 0.6508789 0.027832031 -18.47561 -235.7927 14.512196	
2022-08-21-19:37:51-462 0.28515625 0.3388672 0.26416016 -7.012195 -214.87805 26.158537	
2022-08-21-19:37:51-466 0.052734375 0.35546875 0.42138672 26.341463 -87.31708 31.524391	
2022-08-21-19:37:51-470 -0.5439453 0.73095703 0.28808594 45.792683 62.68293 26.219513	
2022-08-21-19:37:51-474 -0.9741211 0.8442383 0.28222656 37.560978 96.28049 39.512196	
2022-08-21-19:37:51-479 -1.3823242 0.60253906 0.33447266 28.719513 32.07317 46.768295	
2022-08-21-19:37:51-482 -1.2973633 0.79589844 0.30859375 23.90244 -6.646342 31.707317	
2022-08-21-19:37:51-486 -1.3588867 0.984375 0.38623047 7.012195 -16.40244 17.804878	
2022-08-21-19:37:51-492 -1.4560547 1.0429688 0.53125 0.6097561 -21.95122 21.463415	
2022-08-21-19:37:51-496 -1.262207 1.0546875 0.5083008 2.317073 -5.121951 26.82927	
2022-08-21-19:37:51-500 -0.9614258 0.8041992 0.41845703 -14.512196 -11.52439 17.439024	
2022-08-21-19:37:51-504 -0.6123047 0.8642578 0.20703125 -21.09756 -28.841465 11.280488	
2022-08-21-19:37:51-508 0.049316406 0.6503906 0.07470703 -32.07317 -57.743904 7.682927	
2022-08-21-19:37:51-764 0.17285156 0.3647461 0.3959961 -62.134148 -55.30488 18.658537	
2022-08-21-19:37:51-769 -0.096191406 0.028320312 0.39160156 -54.69512 -30.853659 24.939026	
2022-08-21-19:37:51-775 0.21777344 0.041503906 -0.14941406 -19.512196 -24.695122 57.865856	
2022-08-21-19:37:51-780 0.0546875 0.9291992 -0.3642578 0.18292683 29.512196 82.19512	
2022-08-21-19:37:51-786 -0.45361328 1.3256836 -0.28515625 -19.32927 47.92683 63.719513	
2022-08-21-19:37:51-795 -0.8486328 1.1333008 -0.12841797 -21.95122 6.3414636 36.280487	
2022-08-21-19:37:51-802 -1.0400391 0.5444336 -0.35058594 -2.2560976 -20.792683 35.548782	
2022-08-21-19:37:51-807 -1.1948242 -0.87890625 -0.8378906 6.280488 53.35366 35.609756	
2022-08-21-19:37:51-812 -0.9760742 -0.32617188 -0.7895508 28.90244 194.08537 56.646343	
2022-08-21-19:37:51-823 -1.3925781 -1.0888672 -0.07080078 -6.890244 124.63415 45.060978	
2022-08-21-19:37:51-829 -1.3237305 -0.25634766 0.140625 23.658537 24.634148 26.40244	
2022-08-21-19:37:51-835 -1.4394531 0.39794922 0.1953125 46.341465 -20.304878 20.97561	
2022-08-21-19:37:51-839 -1.574707 0.2006836 0.07128906 35.670734 -1.5853659 4.6951222	
2022-08-21-19:37:51-844 -2.0820312 -0.026367188 -0.19384766 22.073172 50.30488 -7.682927	
2022-08-21-19:37:51-850 -1.7158203 -0.10644531 -0.35058594 18.719513 52.073174 -21.341463	
2022-08-21-19:37:51-855 -1.8564453 -0.03955078 -0.14208984 1.2195122 -24.512196 -23.414635	
2022-08-21-19:37:52-074 -1.581543 0.005859375 0.24169922 -16.890244 -64.87805 -25.121952	
2022-08-21-19:37:52-079 -1.331543 -0.0034179688 0.10888672 -7.804878 -71.15854 -29.817074	
2022-08-21-19:37:52-092 -1.0703125 -0.0048828125 0.10644531 13.963415 -10.609756 -37.378048	
2022-08-21-19:37:52-096 -1.3671875 0.11621094 0.17919922 16.585365 97.13415 -34.45122	
2022-08-21-19:37:52-100 -1.2475586 0.23046875 0.2993164 21.524391 101.03659 -42.2561	
2022-08-21-19:37:52-103 -1.1616211 0.25 0.16064453 14.695123 21.158537 -29.87805	
2022-08-21-19:37:52-106 -1.0722656 0.17626953 -0.0078125 8.04878 -45.609756 -20.304878	
2022-08-21-19:37:52-110 -0.88720703 0.13867188 -0.15673828 2.317073 -8.719512 -14.878049	
2022-08-21-19:37:52-116 -0.81103516 0.11669922 -0.09472656 -4.02439 58.841465 -14.939025	
2022-08-21-19:37:52-122 -0.8955078 0.18847656 0.0068359375 -0.42682928 54.45122 -4.3292685	
2022-08-21-19:37:52-127 -0.9926758 0.13916016 -0.05859375 -0.12195122 10.426829 0.85365856	
2022-08-21-19:37:52-131 -0.98291016 0.18017578 -0.09472656 -1.4634147 4.3292685 4.3292685	
2022-08-21-19:37:52-137 -1.0 0.234375 -0.14794922 0.42682928 17.743902 3.9634147	
2022-08-21-19:37:52-142 -0.9370117 0.38623047 -0.1459961 6.890244 18.109756 7.1951222	
2022-08-21-19:37:52-147 -1.0561523 0.3569336 -0.15917969 3.3536587 7.5609756 9.207317	
2022-08-21-19:37:52-154 -0.9741211 0.33935547 -0.22314453 0.24390244 4.634146 13.47561	
2022-08-21-19:37:52-391 -0.85058594 0.29785156 -0.22460938 -5.0 13.597561 9.817074	
2022-08-21-19:37:52-397 -0.9086914 0.28466797 -0.19824219 -9.817074 16.524391 8.780488	
2022-08-21-19:37:52-401 -0.97216797 0.3256836 -0.07373047 -8.780488 -4.085366 5.7317076	
2022-08-21-19:37:52-406 -0.98876953 0.37304688 -0.05908203 -2.987805 -24.146341 2.5	
2022-08-21-19:37:52-414 -0.9091797 0.37451172 -0.064941406 2.0731707 -9.756098 4.512195	
2022-08-21-19:37:52-422 -0.9345703 0.34375 -0.047851562 3.292683 19.45122 9.146341	
2022-08-21-19:37:52-426 -0.98095703 0.40576172 -0.032226562 7.4390244 19.32927 7.7439027	
2022-08-21-19:37:52-430 -0.9790039 0.3959961 0.001953125 -2.9268293 -13.04878 -2.804878	
2022-08-21-19:37:52-434 -0.9589844 0.35546875 -0.055664062 -10.670732 -56.40244 -9.939025	
2022-08-21-19:37:52-440 -0.8984375 0.32421875 -0.118652344 -8.04878 -62.743904 -9.3902445	
2022-08-21-19:37:52-445 -0.7705078 0.3256836 -0.109375 0.73170733 -30.0 1.5853659	
2022-08-21-19:37:52-450 -0.90771484 0.3461914 -0.016601562 3.7195122 22.743902 7.1341467	
2022-08-21-19:37:52-455 -1.0244141 0.3852539 0.02734375 4.5731707 34.45122 2.682927	
2022-08-21-19:37:52-462 -0.9145508 0.390625 -0.00390625 -0.5487805 -0.06097561 -7.6219516	
2022-08-21-19:37:52-466 -0.8935547 0.39794922 -0.022949219 -5.182927 -25.731709 -3.8414636	
2022-08-21-19:37:52-476 -0.8833008 0.3984375 -0.0126953125 -9.085366 -25.487806 2.5609756	
2022-08-21-19:37:52-704 -0.8339844 0.3881836 0.060058594 -11.646341 -11.646341 1.5243902	
2022-08-21-19:37:52-708 -0.86621094 0.4013672 0.067871094 -6.0365853 -3.4756098 -3.0487804	
2022-08-21-19:37:52-712 -0.82958984 0.42578125 0.04638672 -1.9512196 1.5243902 -5.670732	
2022-08-21-19:37:52-720 -0.875 0.44091797 0.0 0.18292683 16.036585 -0.9756098	
2022-08-21-19:37:52-724 -0.8774414 0.39794922 0.0034179688 -0.73170733 24.817074 0.30487806	
2022-08-21-19:37:52-728 -0.89404297 0.37646484 -0.01171875 -1.2195122 12.5 -2.2560976	
2022-08-21-19:37:52-733 -0.91503906 0.42822266 -0.03173828 -4.9390244 -13.47561 -5.8536587	
2022-08-21-19:37:52-739 -0.9790039 0.3852539 -0.049316406 -10.182927 -40.42683 -8.109756	
2022-08-21-19:37:52-742 -1.0512695 0.28466797 -0.040039062 -10.304878 -51.28049 -6.52439	
2022-08-21-19:37:52-746 -1.1040039 0.1459961 -0.05908203 -5.7317076 -46.95122 -5.609756	
2022-08-21-19:37:52-752 -1.1621094 0.1303711 -0.09033203 10.426829 -11.219512 -2.804878	
2022-08-21-19:37:52-757 -1.230957 0.09814453 -0.12597656 14.45122 26.40244 -4.756098	
2022-08-21-19:37:52-762 -1.3901367 0.0034179688 -0.099121094 15.365854 38.963417 -6.890244	
2022-08-21-19:37:52-766 -1.4873047 -0.13623047 -0.06689453 18.658537 5.670732 -8.536586	
2022-08-21-19:37:52-769 -1.3852539 -0.16064453 -0.08544922 14.02439 -28.841465 -8.963415	
2022-08-21-19:37:52-773 -1.3276367 -0.10449219 -0.032714844 8.536586 -30.060976 -7.865854	
2022-08-21-19:37:53-149 -1.3300781 -0.14013672 0.036132812 5.121951 -15.6707325 -9.939025	
2022-08-21-19:37:53-156 -1.1665039 -0.19433594 0.028320312 15.304878 -4.512195 -8.536586	
2022-08-21-19:37:53-163 -1.078125 -0.20898438 -0.033203125 18.414635 34.207317 -6.0365853	
2022-08-21-19:37:53-167 -0.9951172 -0.15478516 0.036132812 19.085367 69.756096 -7.7439027	
2022-08-21-19:37:53-174 -1.0107422 0.115234375 0.06933594 14.02439 58.65854 -8.414635	
2022-08-21-19:37:53-179 -0.98779297 0.20751953 0.053710938 8.841464 -7.5609756 -15.609756	
2022-08-21-19:37:53-186 -0.84033203 0.2944336 -0.04248047 9.268292 -30.54878 -10.304878	
2022-08-21-19:37:53-190 -0.6513672 0.28808594 -0.13427734 4.878049 -1.6463414 -7.987805	
2022-08-21-19:37:53-196 -0.5419922 0.27392578 -0.14892578 4.6951222 73.84147 0.30487806	
2022-08-21-19:37:53-199 -0.35791016 0.35742188 -0.1928711 -0.5487805 138.59756 17.012196	
2022-08-21-19:37:53-203 -0.44580078 0.30615234 -0.17382812 -4.085366 172.62195 35.0	
2022-08-21-19:37:53-213 -0.3779297 0.088378906 -0.18457031 14.02439 155.85367 35.30488	
2022-08-21-19:37:53-219 -0.087890625 -0.071777344 -0.23291016 18.90244 143.17073 46.82927	
2022-08-21-19:37:53-223 -0.103027344 -0.3154297 -0.3076172 8.353659 141.5244 73.47561	
2022-08-21-19:37:53-229 -0.21191406 -0.2680664 -0.21679688 -16.768293 120.426834 88.65854	
2022-08-21-19:37:53-233 -0.37451172 -0.18945312 -0.19140625 -44.390244 83.47561 93.53659	
2022-08-21-19:37:53-379 -0.32714844 -0.075683594 -0.064941406 -62.2561 32.865856 88.84147	
2022-08-21-19:37:53-384 -0.45703125 0.26416016 -0.21777344 -71.52439 2.378049 79.756096	
2022-08-21-19:37:53-387 -0.3618164 0.8408203 -0.14941406 -66.82927 -25.0 77.926834	
2022-08-21-19:37:53-391 -0.5703125 0.97265625 -0.055664062 -72.0122 -15.060976 61.463417	
2022-08-21-19:37:53-396 -0.71191406 0.9165039 -0.043945312 -56.463417 -12.682927 45.73171	
2022-08-21-19:37:53-399 -0.81640625 1.2612305 -0.15917969 -34.634148 -32.865856 39.573174	
2022-08-21-19:37:53-402 -0.77685547 1.3813477 -0.1274414 -12.012196 -35.243904 23.59756	
2022-08-21-19:37:53-405 -0.94384766 1.3710938 -0.22607422 0.5487805 -11.341464 12.378049	
2022-08-21-19:37:53-410 -0.88671875 1.371582 -0.32714844 10.426829 -4.756098 -4.634146	
2022-08-21-19:37:53-414 -0.92285156 1.5234375 -0.34033203 17.5 0.85365856 -2.378049	
2022-08-21-19:37:53-416 -1.0410156 1.5595703 -0.2265625 2.9268293 5.4268293 -5.0609756	
2022-08-21-19:37:53-421 -0.99365234 1.4101562 -0.18408203 -8.658537 12.134147 -10.792684	
2022-08-21-19:37:53-424 -0.95703125 1.1542969 -0.18115234 -4.6951222 6.768293 -14.817074	
2022-08-21-19:37:53-427 -1.0454102 0.97216797 -0.23291016 6.0365853 4.512195 -12.439025	
2022-08-21-19:37:53-430 -0.9980469 0.9785156 -0.23925781 9.512196 17.743902 -7.6219516	
2022-08-21-19:37:53-432 -0.84375 0.9404297 -0.3305664 13.109756 41.52439 -8.170732	
2022-08-21-19:37:53-487 0 0 0 0 0 1000	
2022-08-21-19:37:55-500 0 0 0 0 0 1000	
2022-08-21-19:37:55-583 -1.3261719 1.7041016 -0.057128906 -56.463417 -124.451225 -29.939026	
2022-08-21-19:37:55-586 -1.3227539 1.8500977 0.11767578 -58.109756 -129.93903 -28.414635	
2022-08-21-19:37:55-589 -1.5366211 1.9663086 0.2368164 -42.2561 -147.86586 -43.841465	
2022-08-21-19:37:55-591 -1.0126953 1.7158203 0.17382812 -25.97561 -161.09756 -61.890244	
2022-08-21-19:37:55-594 -1.1743164 1.4960938 -0.0014648438 2.804878 -71.21951 -57.134148	
2022-08-21-19:37:55-596 -1.3754883 1.2441406 0.0234375 36.219513 -48.414635 -67.07317	
2022-08-21-19:37:55-599 -1.6391602 1.0649414 0.56640625 41.219513 -88.53659 -100.48781	
2022-08-21-19:37:55-601 -0.61279297 0.19335938 -0.11425781 -12.378049 -151.89024 -166.03659	
2022-08-21-19:37:55-604 -0.7089844 -0.5283203 -0.19335938 24.146341 -79.085365 -144.51219	
2022-08-21-19:37:55-606 -0.13623047 -1.3886719 -0.2626953 38.65854 -135.7317 -115.85366	
2022-08-21-19:37:55-608 -1.0004883 -1.5561523 -0.09716797 54.512196 -88.29269 -135.06097	
2022-08-21-19:37:55-610 0.13769531 -1.6713867 -1.0620117 68.597565 -59.32927 -127.2561	
2022-08-21-19:37:55-615 -0.028808594 -0.64453125 -1.2338867 101.21951 50.73171 -13.780488	
2022-08-21-19:37:55-619 -0.30517578 0.44628906 -1.0063477 110.243904 183.90245 26.646341	
2022-08-21-19:37:55-621 -0.53759766 0.84033203 -0.059570312 78.35366 60.30488 23.536587	
2022-08-21-19:37:55-624 -0.4970703 0.35791016 0.07470703 -40.0 -42.92683 6.158537	
2022-08-21-19:37:55-903 -0.038085938 0.5727539 0.30419922 -19.756098 -239.08537 21.280489	
2022-08-21-19:37:55-909 0.19921875 0.46289062 0.32617188 -0.85365856 -228.96342 13.292684	
2022-08-21-19:37:55-915 0.28808594 0.38232422 0.2397461 13.536586 -64.02439 7.378049	
2022-08-21-19:37:55-924 -0.10644531 0.56933594 0.26757812 30.182928 76.52439 33.292683	
2022-08-21-19:37:55-931 -0.6621094 0.6508789 0.25585938 19.268293 94.451225 56.09756	
2022-08-21-19:37:55-935 -0.6328125 0.71240234 0.33935547 16.646341 16.219513 45.85366	
2022-08-21-19:37:55-939 -0.41552734 0.6279297 0.265625 -6.0365853 -28.231709 33.292683	
2022-08-21-19:37:55-943 -0.4580078 0.5605469 0.2602539 -11.829268 -18.536585 42.987804	
2022-08-21-19:37:55-948 -0.73535156 0.8457031 0.421875 11.585366 28.780489 53.292683	
2022-08-21-19:37:55-952 -1.0478516 1.1098633 0.39111328 19.695122 79.63415 41.646343	
2022-08-21-19:37:55-957 -1.1762695 1.2456055 0.2939453 20.304878 90.426834 23.414635	
2022-08-21-19:37:55-962 -1.5053711 1.1943359 0.3071289 -0.73170733 74.81708 26.036587	
2022-08-21-19:37:55-966 -1.6992188 0.90478516 0.43164062 -30.670732 26.82927 24.146341	
2022-08-21-19:37:55-969 -1.4736328 0.56933594 0.25341797 -28.47561 -33.65854 2.9268293	
2022-08-21-19:37:55-973 -0.61083984 0.6821289 0.16894531 -25.97561 -30.121952 6.0365853	
2022-08-21-19:37:55-982 -0.2211914 0.67041016 0.07470703 -25.54878 13.353659 13.292684	
2022-08-21-19:37:56-214 -0.23828125 0.5253906 -0.015136719 -18.780489 87.31708 16.09756	
2022-08-21-19:37:56-219 -0.4897461 0.42138672 -0.083496094 -7.1341467 57.92683 8.963415	
2022-08-21-19:37:56-223 -0.64501953 0.2836914 -0.3017578 -30.365854 -0.6707317 20.914635	
2022-08-21-19:37:56-228 -0.61816406 0.61035156 -0.27001953 -28.963415 -52.012196 37.682926	
2022-08-21-19:37:56-231 -0.40625 1.2758789 -0.2109375 -0.73170733 -42.5 61.40244	
2022-08-21-19:37:56-236 -0.62109375 0.640625 -0.31152344 -17.804878 -13.536586 23.536587	
2022-08-21-19:37:56-241 -0.53759766 -0.60302734 -0.6879883 2.012195 67.68293 -3.7804878	
2022-08-21-19:37:56-247 -0.6333008 -0.74560547 -1.0932617 32.865856 157.01219 21.036587	
2022-08-21-19:37:56-252 -1.265625 -0.6870117 -0.52441406 22.37805 153.35367 38.719513	
2022-08-21-19:37:56-257 -1.3227539 -0.23779297 0.0146484375 11.829268 83.78049 29.268293	
2022-08-21-19:37:56-261 -1.5678711 0.31201172 0.0034179688 4.3292685 -5.7317076 11.8902445	
2022-08-21-19:37:56-265 -1.7348633 0.20410156 -0.029296875 24.573172 -71.28049 -12.378049	
2022-08-21-19:37:56-268 -1.8408203 0.1796875 -0.057617188 29.87805 -16.158537 -17.560976	
2022-08-21-19:37:56-271 -1.6567383 -0.1538086 -0.21728516 -3.1707318 57.865856 -16.280489	
2022-08-21-19:37:56-275 -1.769043 -0.43164062 -0.064453125 -5.0609756 6.646342 -15.060976	
2022-08-21-19:37:56-280 -1.5698242 -0.33691406 0.11376953 -5.121951 -89.20732 -21.280489	
2022-08-21-19:37:56-529 -1.1147461 -0.03955078 0.091308594 -6.585366 -105.121956 -23.414635	
2022-08-21-19:37:56-535 -1.0356445 0.12841797 0.19433594 -11.158537 -34.02439 -22.987806	
2022-08-21-19:37:56-542 -1.0366211 0.16357422 0.2607422 -0.36585367 37.865856 -16.219513	
2022-08-21-19:37:56-546 -0.91064453 -0.008300781 0.083984375 18.414635 90.30488 -20.731709	
2022-08-21-19:37:56-552 -0.8886719 0.1430664 0.08935547 22.012196 111.34147 -23.59756	
2022-08-21-19:37:56-557 -1.0849609 0.05078125 -0.012207031 8.47561 68.47561 -18.04878	
2022-08-21-19:37:56-562 -1.0625 0.060058594 -0.13574219 -5.609756 -12.560976 -9.756098	
2022-08-21-19:37:56-566 -0.99609375 0.16259766 -0.1328125 -11.219512 -47.865856 -3.8414636	
2022-08-21-19:37:56-569 -0.9790039 0.11669922 -0.14013672 -15.914635 -30.609756 -3.7195122	
2022-08-21-19:37:56-572 -0.921875 0.18896484 -0.1850586 -5.4268293 -5.487805 -1.402439	
2022-08-21-19:37:56-576 -0.8754883 0.2475586 -0.21826172 4.2073174 10.97561 4.268293	
2022-08-21-19:37:56-584 -0.92822266 0.34033203 -0.2084961 6.2195125 18.90244 8.170732	
2022-08-21-19:37:56-589 -0.9970703 0.33154297 -0.24804688 0.24390244 13.04878 4.2073174	
2022-08-21-19:37:56-594 -0.9506836 0.32861328 -0.24023438 2.012195 -11.8902445 2.195122	
2022-08-21-19:37:56-599 -0.86621094 0.3779297 -0.22753906 2.9268293 -15.914635 8.04878	
2022-08-21-19:37:56-603 -0.9707031 0.41064453 -0.15673828 0.12195122 -5.182927 6.4634147	
2022-08-21-19:37:56-902 -0.98291016 0.4267578 -0.19238281 0.91463417 -5.5487804 0.06097561	
2022-08-21-19:37:56-906 -0.8925781 0.38916016 -0.2685547 7.0731707 -12.439025 -3.1707318	
2022-08-21-19:37:56-910 -0.82373047 0.37841797 -0.2709961 9.573171 0.6707317 6.280488	
2022-08-21-19:37:56-915 -0.9189453 0.36816406 -0.20800781 3.8414636 25.487806 8.536586	
2022-08-21-19:37:56-922 -0.9873047 0.3798828 -0.122558594 2.012195 18.353659 -1.097561	
2022-08-21-19:37:56-928 -1.015625 0.31982422 -0.16748047 0.18292683 -25.853659 -10.182927	
2022-08-21-19:37:56-932 -0.9785156 0.28515625 -0.19091797 1.7073171 -41.341465 -0.42682928	
2022-08-21-19:37:56-936 -0.9067383 0.24023438 -0.18945312 1.7073171 -28.292683 5.609756	
2022-08-21-19:37:56-940 -0.9902344 0.047851562 -0.17675781 3.3536587 20.304878 10.182927	
2022-08-21-19:37:56-943 -1.027832 -0.05029297 -0.12841797 7.1951222 44.02439 6.402439	
2022-08-21-19:37:56-948 -1.0722656 -0.05908203 -0.14111328 9.817074 42.80488 6.7073174	
2022-08-21-19:37:56-953 -1.0908203 -0.022460938 -0.13720703 8.719512 40.73171 15.304878	
2022-08-21-19:37:56-957 -1.2456055 -0.07910156 -0.16113281 11.280488 41.707317 22.256098	
2022-08-21-19:37:56-961 -1.1660156 -0.24121094 -0.20214844 2.378049 52.987804 23.719513	
2022-08-21-19:37:56-965 -0.95654297 -0.3955078 -0.32910156 -13.841464 77.5 32.012196	
2022-08-21-19:37:56-968 -1.0371094 -0.42871094 -0.2578125 -24.634148 94.268295 44.207317	
2022-08-21-19:37:57-273 -1.0976562 -0.55908203 -0.22705078 -22.5 72.560974 43.048782	
2022-08-21-19:37:57-280 -1.0458984 -0.6616211 -0.35302734 -16.158537 62.5 55.18293	
2022-08-21-19:37:57-286 -0.828125 -0.64160156 -0.38134766 -1.402439 82.37805 69.5122	
2022-08-21-19:37:57-289 -0.74609375 -0.20605469 -0.30419922 -13.536586 106.34147 82.621956	
2022-08-21-19:37:57-294 -0.80859375 0.16845703 -0.15917969 -46.15854 74.81708 80.54878	
2022-08-21-19:37:57-300 -0.59814453 0.29541016 -0.24169922 -69.87805 -0.30487806 71.82927	
2022-08-21-19:37:57-303 -0.40429688 0.31152344 -0.4482422 -50.670734 -55.0 63.963417	
2022-08-21-19:37:57-307 -0.3701172 0.78466797 -0.44628906 -28.780489 -38.65854 58.719513	
2022-08-21-19:37:57-310 -0.3876953 1.034668 -0.4404297 -29.939026 2.4390244 36.15854	
2022-08-21-19:37:57-315 -0.49853516 1.1889648 -0.28125 -25.182928 30.0 32.317074	
2022-08-21-19:37:57-320 -0.56640625 1.1625977 -0.24804688 -4.512195 25.853659 33.47561	
2022-08-21-19:37:57-327 -0.74072266 1.1582031 -0.19970703 13.353659 -2.7439024 24.756098	
2022-08-21-19:37:57-330 -0.69970703 1.1352539 -0.25439453 24.024391 -5.0609756 12.195122	
2022-08-21-19:37:57-334 -0.66015625 1.1313477 -0.17822266 12.682927 -11.646341 8.47561	
2022-08-21-19:37:57-338 -0.7260742 0.9423828 -0.22607422 8.719512 -1.2804878 4.756098	
2022-08-21-19:37:57-343 -0.9296875 0.87939453 -0.0073242188 7.378049 -9.207317 -8.597561	
2022-08-21-19:37:57-521 0 0 0 0 0 1000	
2022-08-21-19:37:59-360 0 0 0 0 0 1000	
2022-08-21-19:37:59-408 -1.2895508 1.7724609 0.18847656 -60.0 -90.30488 -28.536587	
2022-08-21-19:37:59-411 -1.1030273 2.0751953 0.31054688 -54.32927 -109.14635 -18.292683	
2022-08-21-19:37:59-414 -1.1875 2.350586 0.453125 -32.378048 -88.47561 -14.817074	
2022-08-21-19:37:59-416 -1.2509766 2.286621 0.3828125 -0.91463417 -81.03659 -35.30488	
2022-08-21-19:37:59-419 -0.9589844 2.0947266 0.16210938 39.69512 -22.682928 -40.121952	
2022-08-21-19:37:59-421 -1.0019531 1.8417969 -0.020019531 59.7561 40.121952 -61.52439	
2022-08-21-19:37:59-424 -1.519043 1.5131836 0.13720703 63.78049 59.939026 -88.04878	
2022-08-21-19:37:59-426 -1.5195312 1.1137695 0.35253906 13.963415 -79.69512 -134.93903	
2022-08-21-19:37:59-428 0.21240234 -0.075683594 -0.34033203 -9.329268 -211.64635 -161.15854	
2022-08-21-19:37:59-430 -0.39160156 -0.62646484 -0.023925781 26.40244 -184.7561 -134.51219	
2022-08-21-19:37:59-432 0.07910156 -2.0454102 -0.48242188 33.780487 -51.646343 -145.18294	
2022-08-21-19:37:59-433 -0.30322266 -2.1918945 -0.64990234 91.82927 42.134148 -188.53659	
2022-08-21-19:37:59-435 -0.19384766 -1.6630859 -1.284668 55.30488 105.85366 -94.451225	
2022-08-21-19:37:59-436 -0.07080078 -0.03515625 -0.97558594 197.86586 155.85367 54.634148	
2022-08-21-19:37:59-442 -0.77734375 0.5854492 -0.83740234 87.560974 114.451225 57.37805	
2022-08-21-19:37:59-444 -0.0546875 0.45117188 0.033203125 -22.37805 -83.71951 37.92683	
2022-08-21-19:37:59-798 0.2548828 0.6425781 0.39257812 -15.792684 -239.57318 14.085366	
2022-08-21-19:37:59-801 0.15527344 0.7426758 0.2290039 1.1585366 -224.39024 3.8414636	
2022-08-21-19:37:59-805 -0.079589844 0.88427734 0.25 35.73171 -26.158537 6.9512196	
2022-08-21-19:37:59-808 -0.99658203 0.97802734 0.21923828 43.780487 154.63416 30.304878	
2022-08-21-19:37:59-812 -1.6450195 1.21875 0.21240234 38.841465 127.621956 30.243902	
2022-08-21-19:37:59-817 -1.3066406 1.2758789 0.22070312 15.609756 -3.292683 7.6219516	
2022-08-21-19:37:59-821 -1.2275391 1.0561523 0.17382812 -11.707317 -33.963417 -0.6707317	
2022-08-21-19:37:59-826 -0.9399414 0.78466797 0.20751953 -18.719513 -20.304878 11.829268	
2022-08-21-19:37:59-829 -0.6948242 0.7788086 0.20654297 -15.243903 -30.731709 20.54878	
2022-08-21-19:37:59-833 -0.06689453 0.54052734 0.068359375 -35.97561 -37.07317 6.890244	
2022-08-21-19:37:59-839 0.080566406 0.047851562 -0.15820312 -60.18293 2.0731707 2.5	
2022-08-21-19:37:59-842 -0.21728516 -0.30126953 -0.033203125 -47.439026 22.865854 22.865854	
2022-08-21-19:37:59-848 -0.5708008 0.119140625 0.01953125 -20.182928 23.963415 56.341465	
2022-08-21-19:37:59-853 -0.63623047 0.15527344 -0.37451172 -22.012196 17.804878 65.243904	
2022-08-21-19:37:59-861 -0.8959961 0.4116211 -0.40283203 -31.463415 20.853659 69.32927	
2022-08-21-19:37:59-865 -0.8276367 0.60058594 -0.41503906 -16.768293 45.487804 61.707317	
2022-08-21-19:38:00-129 -1.3139648 -0.8930664 -0.65966797 -9.512196 90.54878 22.92683	
2022-08-21-19:38:00-134 -0.80859375 -0.061035156 -0.68652344 18.04878 152.31708 55.792683	
2022-08-21-19:38:00-140 -1.8256836 -1.2148438 -0.14453125 -55.42683 115.60976 71.64634	
2022-08-21-19:38:00-144 -1.6254883 -0.6582031 0.12451172 -19.756098 -54.390244 40.487804	
2022-08-21-19:38:00-149 -1.1860352 0.3881836 -0.111816406 18.231709 -113.23171 43.414635	
2022-08-21-19:38:00-153 -1.3359375 0.53222656 -0.13232422 3.1097562 -61.82927 24.024391	
2022-08-21-19:38:00-159 -1.5844727 0.44091797 -0.29003906 -5.7317076 40.73171 15.914635	
2022-08-21-19:38:00-164 -1.527832 0.29052734 -0.47558594 -3.8414636 57.92683 1.2195122	
2022-08-21-19:38:00-168 -1.2841797 -0.10205078 -0.3022461 -19.390244 -6.2195125 -13.353659	
2022-08-21-19:38:00-171 -1.0615234 -0.23583984 -0.2734375 -30.365854 -61.341465 -18.414635	
2022-08-21-19:38:00-180 -0.9921875 -0.19873047 -0.18359375 -16.890244 -75.54878 -15.182927	
2022-08-21-19:38:00-185 -1.0454102 -0.10839844 0.0053710938 -8.902439 -66.28049 -13.963415	
2022-08-21-19:38:00-190 -1.0786133 0.021484375 0.09033203 -2.7439024 -26.280489 -2.8658538	
2022-08-21-19:38:00-196 -1.0097656 0.071777344 0.049804688 -9.207317 12.378049 -0.18292683	
2022-08-21-19:38:00-203 -1.0068359 0.08251953 0.0625 -7.682927 18.658537 -8.841464	
2022-08-21-19:38:00-207 -1.0546875 0.034179688 0.075683594 10.426829 -8.658537 -15.365854	
2022-08-21-19:38:00-422 -0.9716797 0.09716797 0.051757812 8.231708 5.97561 -13.536586	
2022-08-21-19:38:00-426 -1.0913086 0.01171875 0.008300781 -11.707317 23.47561 -6.0365853	
2022-08-21-19:38:00-429 -1.0932617 0.08105469 0.100097656 -13.780488 -6.4634147 -2.5	
2022-08-21-19:38:00-433 -1.1733398 0.22558594 0.08203125 -2.0731707 -47.012196 -2.7439024	
2022-08-21-19:38:00-437 -1.0297852 0.4501953 0.056640625 2.9268293 -38.90244 -4.5731707	
2022-08-21-19:38:00-441 -1.1230469 0.49902344 -0.057617188 3.6585367 18.292683 7.1341467	
2022-08-21-19:38:00-446 -1.0771484 0.4267578 -0.04345703 2.804878 53.475613 16.524391	
2022-08-21-19:38:00-450 -1.09375 0.31054688 0.01953125 -2.987805 28.536587 13.414635	
2022-08-21-19:38:00-459 -0.87353516 0.34814453 -0.036621094 -5.97561 -14.02439 3.3536587	
2022-08-21-19:38:00-462 -0.7993164 0.36328125 -0.08300781 -3.1097562 -17.682928 4.390244	
2022-08-21-19:38:00-466 -0.8496094 0.42236328 -0.037597656 3.6585367 13.841464 11.036586	
2022-08-21-19:38:00-469 -0.8930664 0.41748047 0.005859375 7.804878 39.69512 11.646341	
2022-08-21-19:38:00-472 -0.87939453 0.41308594 -0.051757812 12.560976 37.5 6.768293	
2022-08-21-19:38:00-476 -0.84472656 0.45214844 -0.095703125 6.768293 24.512196 5.304878	
2022-08-21-19:38:00-481 -0.93066406 0.3642578 -0.110839844 4.02439 17.317074 8.109756	
2022-08-21-19:38:00-485 -0.89404297 0.3071289 -0.1015625 2.195122 16.219513 10.914635	
2022-08-21-19:38:00-746 -1.0029297 0.21386719 -0.076171875 6.0365853 18.841463 8.170732	
2022-08-21-19:38:00-751 -1.1137695 0.122558594 -0.1665039 13.292684 17.012196 4.085366	
2022-08-21-19:38:00-756 -1.1708984 0.016601562 -0.1928711 5.609756 26.463415 7.7439027	
2022-08-21-19:38:00-762 -1.4423828 -0.07324219 -0.21484375 -2.804878 27.195122 16.707317	
2022-08-21-19:38:00-765 -1.4697266 -0.04638672 -0.1899414 4.634146 -8.292683 11.8902445	
2022-08-21-19:38:00-769 -1.4277344 -0.19921875 -0.28955078 1.402439 -30.97561 2.6219513	
2022-08-21-19:38:00-774 -1.5024414 -0.2006836 -0.29785156 -5.304878 -22.743902 8.353659	
2022-08-21-19:38:00-780 -1.449707 -0.22167969 -0.16699219 -2.7439024 7.5609756 22.560976	
2022-08-21-19:38:00-784 -1.1904297 -0.27539062 -0.100097656 2.6219513 44.939026 27.743902	
2022-08-21-19:38:00-789 -0.85009766 -0.33691406 -0.11425781 2.987805 75.30488 26.524391	
2022-08-21-19:38:00-793 -0.61621094 -0.4345703 -0.2607422 7.256098 100.67073 38.841465	
2022-08-21-19:38:00-797 -0.6166992 -0.27734375 -0.3076172 10.670732 129.45122 49.573174	
2022-08-21-19:38:00-800 -0.6274414 -0.22509766 -0.30566406 5.914634 138.96342 49.45122	
2022-08-21-19:38:00-803 -0.35107422 -0.19042969 -0.28027344 -17.621952 121.03659 57.073174	
2022-08-21-19:38:00-808 -0.33007812 0.041992188 -0.28466797 -38.23171 87.5 85.79269	
2022-08-21-19:38:00-812 -0.23632812 0.34472656 -0.2861328 -45.42683 51.707317 78.96342	
2022-08-21-19:38:01-075 -0.25146484 0.7290039 -0.23535156 -51.036587 63.414635 73.96342	
2022-08-21-19:38:01-081 -0.140625 0.9892578 -0.22021484 -45.609756 39.817074 81.40244	
2022-08-21-19:38:01-085 0.08935547 0.8652344 -0.16992188 -31.82927 9.45122 90.0	
2022-08-21-19:38:01-089 -0.3642578 0.90234375 -0.18017578 -12.804878 6.158537 84.39024	
2022-08-21-19:38:01-093 -0.34423828 1.0810547 -0.2211914 -6.890244 -12.195122 53.475613	
2022-08-21-19:38:01-097 -0.35839844 0.9667969 -0.23486328 -9.02439 -22.195122 31.280489	
2022-08-21-19:38:01-100 -0.6479492 0.9448242 -0.115722656 1.7682927 -20.182928 29.634148	
2022-08-21-19:38:01-104 -0.58496094 1.0126953 -0.032226562 -1.8292683 -35.487804 18.719513	
2022-08-21-19:38:01-108 -0.6279297 0.99853516 0.07128906 -4.1463413 -53.841465 4.756098	
2022-08-21-19:38:01-111 -0.625 0.89208984 0.026367188 2.804878 -49.634148 -9.146341	
2022-08-21-19:38:01-116 -0.43603516 0.9892578 0.07373047 14.3902445 -31.341465 -17.37805	
2022-08-21-19:38:01-119 -0.671875 1.0605469 -0.01171875 10.670732 -4.512195 -17.317074	
2022-08-21-19:38:01-123 -0.57177734 1.1699219 -0.06982422 12.012196 13.658537 -8.414635	
2022-08-21-19:38:01-128 -0.8222656 1.2446289 -0.24609375 17.195122 13.292684 -10.487805	
2022-08-21-19:38:01-132 -0.7338867 1.2480469 -0.2993164 17.439024 -7.6219516 -10.487805	
2022-08-21-19:38:01-137 -0.9716797 1.2866211 -0.3486328 13.109756 -29.939026 -18.47561	
2022-08-21-19:38:01-234 0 0 0 0 0 1000	
2022-08-21-19:38:02-843 0 0 0 0 0 1000	
2022-08-21-19:38:02-919 -1.0336914 1.2373047 -0.47998047 -13.109756 37.865856 2.7439024	
2022-08-21-19:38:02-922 -1.2954102 1.6831055 -0.28564453 -22.073172 36.40244 -2.195122	
2022-08-21-19:38:02-925 -1.644043 2.0161133 0.095703125 -46.09756 -32.439026 -19.573172	
2022-08-21-19:38:02-927 -1.456543 2.0175781 0.18701172 -70.18293 -153.84146 -21.280489	
2022-08-21-19:38:02-930 -1.7915039 2.149414 0.3125 -70.48781 -205.30489 -33.841465	
2022-08-21-19:38:02-932 -1.4858398 1.862793 0.234375 -50.30488 -223.59756 -69.81708	
2022-08-21-19:38:02-934 -1.3271484 1.578125 0.15185547 -21.890244 -191.64635 -83.47561	
2022-08-21-19:38:02-936 -0.9980469 1.1171875 0.064941406 -7.378049 -186.5244 -89.939026	
2022-08-21-19:38:02-938 -0.82128906 0.47998047 0.072265625 5.670732 -147.31708 -108.35366	
2022-08-21-19:38:02-940 -0.8798828 -0.071777344 0.092285156 47.073174 -55.73171 -131.64635	
2022-08-21-19:38:02-942 -1.0268555 -0.80810547 0.009765625 48.109756 -92.98781 -159.93903	
2022-08-21-19:38:02-945 0.5332031 -1.6206055 -0.39404297 57.80488 -41.036587 -169.20732	
2022-08-21-19:38:02-948 -0.56689453 -1.7143555 -0.6972656 76.28049 92.621956 -107.0122	
2022-08-21-19:38:02-951 0.25878906 -1.5029297 -0.8574219 122.80488 176.70732 -71.28049	
2022-08-21-19:38:02-953 -0.45898438 -0.49951172 -0.8745117 137.37805 302.5 -65.60976	
2022-08-21-19:38:02-955 -0.07714844 0.46191406 -0.48486328 124.939026 216.34146 -11.829268	
2022-08-21-19:38:03-303 -0.5 0.54589844 -0.07324219 33.65854 74.5122 -6.097561	
2022-08-21-19:38:03-307 -0.44482422 0.45361328 0.100097656 -2.6219513 -135.79268 0.6097561	
2022-08-21-19:38:03-313 -0.072753906 0.52783203 0.14355469 -11.8902445 -235.97562 -8.597561	
2022-08-21-19:38:03-320 0.11767578 0.4506836 0.10595703 -14.573171 -200.24391 -0.4878049	
2022-08-21-19:38:03-324 -0.045410156 0.4868164 0.19921875 -2.8658538 -81.34147 15.121951	
2022-08-21-19:38:03-329 -0.26513672 0.5473633 0.28515625 1.9512196 31.036587 26.341463	
2022-08-21-19:38:03-334 -0.7529297 0.61621094 0.2548828 6.8292685 68.35366 29.146341	
2022-08-21-19:38:03-338 -0.8691406 0.6508789 0.30078125 6.158537 25.914635 30.609756	
2022-08-21-19:38:03-342 -1.0043945 0.7011719 0.22460938 10.731708 -24.024391 39.085365	
2022-08-21-19:38:03-348 -1.0478516 0.74121094 0.16259766 -0.42682928 -23.231709 44.634148	
2022-08-21-19:38:03-353 -1.2324219 0.70703125 0.12792969 0.4878049 -2.2560976 42.5	
2022-08-21-19:38:03-358 -1.2460938 0.8383789 0.0107421875 17.865854 16.40244 40.609756	
2022-08-21-19:38:03-362 -1.2138672 1.0805664 0.0087890625 23.59756 50.914635 42.19512	
2022-08-21-19:38:03-365 -1.3994141 1.1689453 -0.07421875 13.719513 75.36585 34.69512	
2022-08-21-19:38:03-369 -1.3227539 1.0947266 -0.15039062 15.54878 53.78049 17.317074	
2022-08-21-19:38:03-373 -1.1450195 0.94628906 -0.18408203 5.182927 19.390244 10.060976	
2022-08-21-19:38:03-553 -0.8251953 0.6669922 -0.22167969 -20.0 11.768293 8.231708	
2022-08-21-19:38:03-559 -0.43847656 0.1772461 -0.1640625 -37.743904 4.085366 1.2804878	
2022-08-21-19:38:03-564 -0.38134766 0.07421875 0.0048828125 -46.280487 -1.402439 10.0	
2022-08-21-19:38:03-568 -0.5234375 0.080566406 -0.111328125 -28.170732 -30.060976 15.97561	
2022-08-21-19:38:03-571 -0.3334961 0.35351562 -0.20898438 -2.2560976 -36.95122 28.414635	
2022-08-21-19:38:03-575 -0.3383789 0.58154297 -0.15039062 -21.341463 -9.512196 50.42683	
2022-08-21-19:38:03-580 -0.82958984 0.65478516 -0.24658203 -35.914635 -15.487805 40.85366	
2022-08-21-19:38:03-586 -0.7109375 0.4423828 -0.07080078 -28.963415 -64.81708 6.097561	
2022-08-21-19:38:03-589 -0.76171875 -1.1567383 -0.44433594 -28.170732 -51.219513 -13.170732	
2022-08-21-19:38:03-594 -0.4404297 -0.4716797 -0.53759766 37.621952 63.90244 49.268295	
2022-08-21-19:38:03-600 -1.2133789 -0.890625 -0.40820312 -14.695123 140.79268 56.28049	
2022-08-21-19:38:03-603 -1.765625 -0.17773438 0.17333984 -4.5731707 86.89024 14.146341	
2022-08-21-19:38:03-607 -1.6220703 0.4663086 -0.03515625 7.0731707 -36.219513 0.42682928	
2022-08-21-19:38:03-610 -1.6899414 0.53515625 0.11230469 27.621952 -131.5244 -20.121952	
2022-08-21-19:38:03-614 -1.4516602 0.3046875 0.0043945312 21.585367 -40.487804 5.304878	
2022-08-21-19:38:03-618 -1.9091797 -0.0546875 -0.5541992 5.121951 69.14634 -29.146341	
2022-08-21-19:38:03-867 -1.1972656 -0.31103516 -0.4111328 13.536586 19.146341 -50.060978	
2022-08-21-19:38:03-871 -1.2426758 -0.3178711 -0.31298828 4.390244 9.634147 -18.353659	
2022-08-21-19:38:03-875 -1.1240234 -0.057617188 -0.091796875 1.2804878 -47.2561 -23.170732	
2022-08-21-19:38:03-879 -1.0688477 -0.020019531 -0.02734375 -14.146341 -81.64635 -34.207317	
2022-08-21-19:38:03-883 -0.93408203 0.15478516 0.092285156 -11.95122 -85.85366 -29.207317	
2022-08-21-19:38:03-887 -0.83935547 0.087890625 0.103515625 7.4390244 -57.80488 -18.719513	
2022-08-21-19:38:03-893 -0.59033203 0.123046875 0.18847656 20.54878 9.634147 -13.414635	
2022-08-21-19:38:03-896 -0.90722656 0.0703125 0.125 25.0 65.67073 -6.3414636	
2022-08-21-19:38:03-900 -0.95410156 0.087890625 0.13378906 25.54878 40.243904 -3.5365853	
2022-08-21-19:38:03-905 -0.9941406 0.12451172 -0.0073242188 18.170732 -6.768293 1.0365853	
2022-08-21-19:38:03-910 -0.85253906 0.15478516 -0.032226562 6.768293 -24.87805 4.512195	
2022-08-21-19:38:03-915 -0.9746094 0.14697266 -0.09814453 2.195122 -6.7073174 8.04878	
2022-08-21-19:38:03-919 -1.0791016 0.31933594 0.045410156 7.1341467 6.280488 9.634147	
2022-08-21-19:38:03-923 -1.1264648 0.3544922 -9.765625E-4 1.6463414 18.780489 6.402439	
2022-08-21-19:38:03-929 -1.0102539 0.3251953 -0.03466797 -1.5243902 23.59756 6.402439	
2022-08-21-19:38:03-933 -1.0878906 0.35205078 -0.015625 1.0365853 19.756098 9.085366	
2022-08-21-19:38:04-182 -0.9477539 0.28564453 -0.07763672 3.8414636 11.768293 3.902439	
2022-08-21-19:38:04-187 -0.7792969 0.23632812 -0.14941406 4.1463413 20.365854 -1.8292683	
2022-08-21-19:38:04-190 -0.7675781 0.23291016 -0.1977539 -0.85365856 29.146341 2.195122	
2022-08-21-19:38:04-194 -1.0258789 0.24072266 -0.099121094 -3.7804878 20.54878 1.402439	
2022-08-21-19:38:04-198 -1.0654297 0.19824219 -0.16259766 -4.512195 15.365854 -1.1585366	
2022-08-21-19:38:04-202 -1.0820312 0.07910156 -0.18701172 0.5487805 18.47561 0.9756098	
2022-08-21-19:38:04-206 -1.2202148 0.056152344 -0.14990234 6.402439 21.219513 7.4390244	
2022-08-21-19:38:04-210 -1.2719727 0.08886719 -0.19433594 1.7073171 17.743902 5.5487804	
2022-08-21-19:38:04-213 -1.3388672 0.030273438 -0.21972656 -6.9512196 1.1585366 2.0731707	
2022-08-21-19:38:04-221 -1.3964844 -0.083984375 -0.234375 -4.756098 -26.768293 6.097561	
2022-08-21-19:38:04-227 -1.2988281 -0.20898438 -0.24267578 2.8658538 -35.42683 9.146341	
2022-08-21-19:38:04-230 -1.2304688 -0.2836914 -0.3076172 -2.317073 1.2195122 8.963415	
2022-08-21-19:38:04-235 -1.3520508 -0.29736328 -0.23583984 0.30487806 18.780489 9.3902445	
2022-08-21-19:38:04-239 -1.3393555 -0.29882812 -0.18554688 1.0365853 5.914634 10.426829	
2022-08-21-19:38:04-243 -1.1157227 -0.3227539 -0.1508789 0.5487805 5.182927 14.573171	
2022-08-21-19:38:04-249 -0.7421875 -0.30126953 -0.125 -5.97561 47.19512 22.743902	
2022-08-21-19:38:04-495 -0.5722656 -0.38867188 -0.21777344 -5.2439027 87.13415 31.82927	
2022-08-21-19:38:04-503 -0.47851562 -0.19091797 -0.15332031 -1.9512196 98.78049 42.2561	
2022-08-21-19:38:04-507 -0.3959961 -0.1508789 -0.23730469 -13.536586 97.0122 53.23171	
2022-08-21-19:38:04-511 -0.3408203 -0.14746094 -0.2319336 -21.890244 92.13415 63.963417	
2022-08-21-19:38:04-515 -0.4272461 0.063964844 -4.8828125E-4 -28.658537 81.097565 73.65854	
2022-08-21-19:38:04-519 -0.34960938 0.2446289 0.001953125 -38.292683 67.31708 76.70732	
2022-08-21-19:38:04-523 -0.29589844 0.5209961 -0.104003906 -41.707317 69.14634 80.30488	
2022-08-21-19:38:04-528 -0.14355469 0.5888672 -0.1538086 -47.073174 60.73171 70.914635	
2022-08-21-19:38:04-533 -0.21289062 0.6635742 -0.28027344 -29.573172 52.134148 56.890244	
2022-08-21-19:38:04-537 -0.36767578 0.8383789 -0.3334961 -12.378049 21.219513 34.878048	
2022-08-21-19:38:04-541 -0.6699219 0.9316406 -0.24365234 -11.95122 10.853659 21.768293	
2022-08-21-19:38:04-545 -0.81689453 0.8911133 -0.3383789 -15.792684 -11.95122 7.6219516	
2022-08-21-19:38:04-550 -0.98339844 0.79248047 -0.18847656 -15.304878 -21.646341 5.670732	
2022-08-21-19:38:04-556 -0.9711914 0.73339844 -0.23828125 -5.365854 -37.560978 2.9268293	
2022-08-21-19:38:04-559 -0.98583984 0.8623047 -0.05859375 -2.317073 -43.719513 7.9268293	
2022-08-21-19:38:04-563 -0.9291992 0.9814453 -0.017089844 -9.756098 -31.219513 12.378049	
2022-08-21-19:38:04-707 0 0 0 0 0 1000	
2022-08-21-19:38:06-491 0 0 0 0 0 1000	
2022-08-21-19:38:06-505 -1.0688477 1.7475586 0.08984375 -9.634147 -132.43903 -54.207317	
2022-08-21-19:38:06-507 -1.3120117 1.5668945 0.12792969 3.7804878 -165.7927 -74.085365	
2022-08-21-19:38:06-512 -1.121582 1.1772461 0.08984375 -2.9268293 -165.91464 -105.426834	
2022-08-21-19:38:06-514 -0.51953125 0.5576172 -0.115234375 19.024391 -66.097565 -117.926834	
2022-08-21-19:38:06-516 -1.0053711 0.022460938 -0.012207031 40.365856 -80.060974 -128.47562	
2022-08-21-19:38:06-519 -0.85498047 -0.6328125 0.24414062 46.768295 -143.96342 -148.10976	
2022-08-21-19:38:06-522 -0.016601562 -1.4282227 -0.26953125 30.731709 -125.73171 -169.45122	
2022-08-21-19:38:06-524 -0.012207031 -1.6748047 -0.7246094 79.63415 -10.365854 -114.81708	
2022-08-21-19:38:06-527 -0.27294922 -1.1870117 -0.9423828 118.597565 64.32927 -59.268295	
2022-08-21-19:38:06-529 -0.19726562 -0.0703125 -0.78759766 140.30489 258.9634 -20.792683	
2022-08-21-19:38:06-530 0.15917969 0.42919922 -0.51464844 77.07317 270.42685 12.317074	
2022-08-21-19:38:06-532 -0.5620117 0.734375 -0.14550781 24.146341 159.2683 27.073172	
2022-08-21-19:38:06-533 -0.3515625 0.5600586 0.32910156 -2.012195 -104.14635 11.219512	
2022-08-21-19:38:06-535 -0.25683594 0.49414062 0.16064453 -20.060976 -202.07318 -6.097561	
2022-08-21-19:38:06-536 -0.1015625 0.3017578 -0.087890625 -12.317074 -195.24391 2.5609756	
2022-08-21-19:38:06-538 -0.26464844 0.55371094 0.19726562 13.597561 -83.90244 28.841465	
2022-08-21-19:38:06-744 -0.8457031 0.5805664 0.14892578 8.780488 63.170734 39.268295	
2022-08-21-19:38:06-747 -1.1015625 0.7036133 0.111328125 27.987806 83.23171 34.146343	
2022-08-21-19:38:06-751 -1.2749023 0.8173828 0.123535156 26.09756 54.939026 31.036587	
2022-08-21-19:38:06-754 -1.3857422 0.9316406 -0.010253906 18.90244 25.243902 27.804878	
2022-08-21-19:38:06-757 -1.5444336 1.1293945 -0.0063476562 0.6097561 24.634148 21.707317	
2022-08-21-19:38:06-761 -1.5317383 0.91552734 -0.0078125 -9.085366 6.3414636 9.207317	
2022-08-21-19:38:06-764 -1.2592773 0.66015625 -0.25830078 1.8902439 -17.37805 2.2560976	
2022-08-21-19:38:06-766 -0.6616211 0.6879883 -0.28466797 5.2439027 12.256098 5.670732	
2022-08-21-19:38:06-768 -0.6088867 0.7348633 -0.12646484 -20.853659 70.67073 10.670732	
2022-08-21-19:38:06-770 -0.52246094 0.31591797 0.030273438 -31.280489 35.42683 2.195122	
2022-08-21-19:38:06-772 -0.40527344 0.08984375 -0.09033203 -19.268293 -24.390244 14.573171	
2022-08-21-19:38:06-774 -0.15478516 0.19384766 -0.023925781 -26.585367 -10.731708 38.048782	
2022-08-21-19:38:06-776 -0.3149414 0.27490234 0.0146484375 -39.817074 19.512196 51.036587	
2022-08-21-19:38:06-780 -0.6010742 0.030273438 -0.21533203 -14.634147 -30.792685 41.95122	
2022-08-21-19:38:06-783 -0.12158203 0.14404297 -0.18896484 0.06097561 -61.036587 24.45122	
2022-08-21-19:38:06-788 -0.8198242 -1.0087891 -0.32128906 -40.243904 -19.512196 18.353659	
2022-08-21-19:38:07-062 -0.7836914 -0.5834961 -0.23925781 -19.634148 45.487804 41.768295	
2022-08-21-19:38:07-068 -1.2265625 -0.79833984 -0.12451172 -40.914635 13.231708 53.536587	
2022-08-21-19:38:07-072 -1.5834961 -0.44873047 0.17382812 -37.560978 -38.35366 36.646343	
2022-08-21-19:38:07-077 -1.5366211 0.18457031 0.107421875 -3.7195122 -56.219513 30.060976	
2022-08-21-19:38:07-082 -1.4672852 0.28271484 -0.22753906 5.7317076 -34.878048 12.682927	
2022-08-21-19:38:07-090 -1.8134766 0.16503906 -0.13134766 -11.097561 45.914635 5.487805	
2022-08-21-19:38:07-094 -1.6245117 -0.095703125 -0.36083984 -20.609756 72.37805 -9.02439	
2022-08-21-19:38:07-099 -1.4770508 -0.12841797 -0.31298828 -6.0365853 40.060978 -14.329268	
2022-08-21-19:38:07-101 -1.4365234 -0.18359375 -0.26123047 6.402439 -1.5853659 -14.817074	
2022-08-21-19:38:07-104 -1.1791992 -0.07080078 -0.05126953 4.878049 -25.0 -18.170732	
2022-08-21-19:38:07-109 -1.2944336 -0.13671875 -0.16210938 -21.524391 -35.670734 -14.02439	
2022-08-21-19:38:07-114 -1.1357422 -0.084472656 -0.13427734 -22.743902 -62.80488 -13.231708	
2022-08-21-19:38:07-120 -0.93603516 -0.0073242188 -0.029785156 -8.47561 -65.97561 -18.414635	
2022-08-21-19:38:07-126 -0.8256836 0.099609375 -0.03955078 9.268292 -18.780489 -14.939025	
2022-08-21-19:38:07-129 -0.88378906 0.028808594 0.00390625 16.09756 37.560978 -4.878049	
2022-08-21-19:38:07-134 -0.9067383 -0.018066406 0.027832031 20.97561 69.39024 1.3414634	
2022-08-21-19:38:07-450 -0.8051758 -0.02734375 -0.005859375 16.341463 61.768295 -6.3414636	
2022-08-21-19:38:07-454 -1.0063477 0.087890625 -0.0546875 10.0 22.37805 -2.8658538	
2022-08-21-19:38:07-458 -1.1225586 0.18261719 -0.109375 8.658537 -28.536587 4.1463413	
2022-08-21-19:38:07-463 -1.1025391 0.22705078 -0.061523438 4.878049 -44.02439 10.97561	
2022-08-21-19:38:07-467 -0.97021484 0.20947266 -0.110839844 -6.402439 -12.560976 13.292684	
2022-08-21-19:38:07-471 -0.9277344 0.22021484 -0.067871094 -8.231708 13.902439 11.280488	
2022-08-21-19:38:07-476 -0.9785156 0.16552734 -0.12988281 3.3536587 19.32927 7.987805	
2022-08-21-19:38:07-482 -1.0029297 0.17138672 -0.17236328 8.841464 27.37805 10.54878	
2022-08-21-19:38:07-486 -1.1435547 0.19970703 -0.1977539 3.7195122 42.92683 18.231709	
2022-08-21-19:38:07-493 -1.2475586 0.2368164 -0.06298828 -4.3292685 34.146343 22.804878	
2022-08-21-19:38:07-497 -1.3378906 0.1508789 0.0043945312 -13.719513 15.060976 17.682928	
2022-08-21-19:38:07-500 -1.2119141 0.03564453 -0.052246094 -8.841464 -11.219512 16.280489	
2022-08-21-19:38:07-503 -1.0722656 -0.09716797 -0.18701172 2.0731707 -6.585366 25.487806	
2022-08-21-19:38:07-506 -1.0439453 -0.16113281 -0.26757812 9.939025 40.85366 33.17073	
2022-08-21-19:38:07-510 -1.1337891 -0.19189453 -0.28955078 11.646341 94.32927 35.42683	
2022-08-21-19:38:07-514 -1.2753906 -0.23486328 -0.28320312 -0.24390244 96.46342 38.048782	
2022-08-21-19:38:07-692 -1.2543945 -0.2397461 -0.29101562 -15.487805 59.573174 51.82927	
2022-08-21-19:38:07-696 -1.0029297 -0.29492188 -0.2919922 -20.365854 42.134148 59.45122	
2022-08-21-19:38:07-698 -0.84716797 -0.2939453 -0.32763672 -22.317074 65.73171 63.536587	
2022-08-21-19:38:07-700 -0.94140625 -0.1640625 -0.28076172 -19.146341 81.82927 63.170734	
2022-08-21-19:38:07-702 -0.9345703 -0.1459961 -0.26757812 -19.085367 53.35366 56.219513	
2022-08-21-19:38:07-704 -0.7207031 -0.25048828 -0.31884766 -28.353659 32.07317 58.65854	
2022-08-21-19:38:07-706 -0.62060547 -0.24560547 -0.359375 -40.060978 29.268293 59.634148	
2022-08-21-19:38:07-709 -0.61328125 0.17089844 -0.36376953 -45.487804 20.609756 58.841465	
2022-08-21-19:38:07-711 -0.5864258 0.47998047 -0.30664062 -40.670734 0.79268295 61.09756	
2022-08-21-19:38:07-715 -0.4638672 0.7011719 -0.26416016 -34.268295 -7.5 61.341465	
2022-08-21-19:38:07-716 -0.37158203 0.6982422 -0.25 -25.365854 0.6707317 57.012196	
2022-08-21-19:38:07-720 0.044921875 0.7714844 -0.23583984 -10.54878 2.8658538 67.19512	
2022-08-21-19:38:07-722 -0.52001953 0.87060547 -0.27783203 -4.268293 21.09756 64.81708	
2022-08-21-19:38:07-724 -0.51660156 0.8930664 -0.28759766 -3.5975611 -2.0731707 46.219513	
2022-08-21-19:38:07-727 -0.5024414 0.91259766 -0.35205078 -7.9268293 -14.085366 26.95122	
2022-08-21-19:38:07-729 -0.5048828 0.92285156 -0.31982422 -2.195122 -6.890244 24.085367	
2022-08-21-19:38:07-788 0 0 0 0 0 1000	
2022-08-21-19:38:09-471 0 0 0 0 0 1000	
2022-08-21-19:38:09-625 -0.734375 0.55078125 -0.32470703 -0.24390244 -6.280488 -1.2195122	
2022-08-21-19:38:09-634 -0.7392578 0.5410156 -0.32617188 -0.12195122 1.0365853 -1.9512196	
2022-08-21-19:38:09-637 -0.7651367 0.54296875 -0.3022461 -0.4878049 1.402439 -2.317073	
2022-08-21-19:38:09-640 -0.8120117 0.5390625 -0.30273438 0.0 -2.7439024 -3.1097562	
2022-08-21-19:38:09-644 -0.7944336 0.5283203 -0.31152344 -1.5853659 -5.365854 -2.1341465	
2022-08-21-19:38:09-647 -0.81103516 0.5522461 -0.32910156 -2.1341465 -1.1585366 -0.42682928	
2022-08-21-19:38:09-653 -0.8227539 0.6694336 -0.359375 -2.1341465 5.7317076 0.30487806	
2022-08-21-19:38:09-657 -0.91015625 0.8378906 -0.37451172 -5.365854 22.621952 -2.5609756	
2022-08-21-19:38:09-662 -1.0380859 1.0634766 -0.3955078 -11.707317 19.32927 -7.256098	
2022-08-21-19:38:09-664 -1.2597656 1.2666016 -0.27001953 -26.95122 -7.682927 -20.670732	
2022-08-21-19:38:09-666 -1.3476562 1.5400391 -0.029296875 -52.987804 -56.52439 -35.121952	
2022-08-21-19:38:09-667 -1.5029297 1.9223633 0.20996094 -73.414635 -119.81708 -42.621952	
2022-08-21-19:38:09-669 -1.3725586 2.0913086 0.43701172 -94.939026 -212.13416 -60.792683	
2022-08-21-19:38:09-673 -0.9868164 1.9418945 0.28515625 -65.73171 -214.57318 -45.85366	
2022-08-21-19:38:09-676 -1.0322266 1.7963867 0.06738281 -13.536586 -157.68294 -39.634148	
2022-08-21-19:38:09-678 -1.0678711 1.5927734 0.06933594 32.80488 -99.63415 -63.048782	
2022-08-21-19:38:09-972 -1.3911133 1.3242188 0.32128906 37.80488 23.658537 -108.29269	
2022-08-21-19:38:09-976 -0.6660156 0.6074219 -0.09863281 10.182927 19.512196 -152.56097	
2022-08-21-19:38:09-981 -0.63183594 0.02734375 -0.046875 54.7561 6.585366 -124.085365	
2022-08-21-19:38:09-985 -0.6176758 -0.56152344 0.09375 64.085365 -56.09756 -117.743904	
2022-08-21-19:38:09-989 -0.7207031 -1.2143555 0.091308594 58.536587 -75.85366 -152.19513	
2022-08-21-19:38:09-992 0.13964844 -1.6757812 -0.8544922 26.768293 -92.98781 -193.84146	
2022-08-21-19:38:09-996 0.20947266 -1.5126953 -1.2822266 89.69512 -68.53659 -127.926834	
2022-08-21-19:38:10-000 -0.00390625 -0.22070312 -0.79785156 120.79269 68.84147 32.5	
2022-08-21-19:38:10-004 -0.4790039 0.4555664 -1.1459961 153.53659 243.84148 12.012196	
2022-08-21-19:38:10-007 0.39941406 1.0029297 -0.20703125 0.0 144.51219 13.414635	
2022-08-21-19:38:10-011 -0.93652344 0.3330078 0.29541016 -24.207317 -19.695122 34.69512	
2022-08-21-19:38:10-016 0.012207031 0.5180664 0.6430664 -19.817074 -223.04878 0.91463417	
2022-08-21-19:38:10-021 0.13574219 0.5761719 0.06201172 -15.853659 -242.80489 -6.52439	
2022-08-21-19:38:10-026 -0.15478516 0.73291016 0.28808594 30.731709 -109.5122 0.73170733	
2022-08-21-19:38:10-029 -0.8417969 0.6069336 0.55810547 29.146341 61.707317 9.939025	
2022-08-21-19:38:10-032 -1.5751953 0.7832031 0.15722656 31.95122 156.58537 23.719513	
2022-08-21-19:38:10-290 -1.5424805 1.1176758 0.39990234 15.792684 113.35366 12.439025	
2022-08-21-19:38:10-295 -1.9775391 1.0170898 0.20410156 -9.085366 36.646343 -6.585366	
2022-08-21-19:38:10-300 -1.6992188 0.8823242 0.08251953 3.2317073 -46.280487 -17.987804	
2022-08-21-19:38:10-303 -1.3481445 0.74121094 -0.034179688 -8.841464 -32.2561 -14.146341	
2022-08-21-19:38:10-307 -0.9970703 0.7553711 0.06542969 -30.487806 8.597561 -8.536586	
2022-08-21-19:38:10-310 -0.59814453 0.35107422 0.09667969 -51.95122 5.365854 -12.743903	
2022-08-21-19:38:10-314 -0.39501953 0.09863281 0.09472656 -46.890244 -40.30488 -3.8414636	
2022-08-21-19:38:10-322 -0.15136719 -0.001953125 0.099609375 -37.743904 -66.34146 15.6707325	
2022-08-21-19:38:10-327 -4.8828125E-4 0.0048828125 -0.3623047 -10.609756 -53.35366 38.23171	
2022-08-21-19:38:10-330 0.3046875 0.43603516 -0.40039062 -3.7804878 -37.92683 66.097565	
2022-08-21-19:38:10-333 -0.011230469 0.36376953 -0.48242188 -38.048782 -2.804878 65.0	
2022-08-21-19:38:10-337 0.049804688 0.3046875 -0.34277344 -57.865856 -5.0 36.585365	
2022-08-21-19:38:10-341 -0.65283203 -1.2670898 -0.6845703 -51.768295 29.207317 21.463415	
2022-08-21-19:38:10-346 -1.0322266 -0.47216797 -0.35742188 64.939026 90.243904 41.219513	
2022-08-21-19:38:10-352 -1.4160156 -0.796875 -0.27148438 16.585365 177.43903 63.65854	
2022-08-21-19:38:10-356 -1.9584961 -0.33691406 -0.051757812 23.170732 147.43903 48.65854	
2022-08-21-19:38:10-603 -2.1577148 0.234375 -0.032714844 37.621952 45.670734 49.207317	
2022-08-21-19:38:10-607 -1.8242188 0.28857422 -0.26757812 24.32927 -16.09756 23.109756	
2022-08-21-19:38:10-611 -2.0605469 0.24804688 -0.3305664 23.170732 6.2195125 20.853659	
2022-08-21-19:38:10-616 -1.7607422 0.072265625 -0.59814453 17.134148 58.65854 -9.756098	
2022-08-21-19:38:10-620 -1.3227539 -0.18408203 -0.38378906 14.634147 28.109756 -12.5	
2022-08-21-19:38:10-624 -1.5429688 -0.30371094 -0.35058594 -3.6585367 53.414635 -4.268293	
2022-08-21-19:38:10-628 -1.2216797 -0.36035156 -0.17675781 -8.292683 -15.6707325 -24.512196	
2022-08-21-19:38:10-632 -1.246582 -0.2319336 -0.076660156 0.73170733 -85.30488 -21.524391	
2022-08-21-19:38:10-637 -1.0708008 -0.005859375 -0.076171875 14.207317 -114.39024 -15.792684	
2022-08-21-19:38:10-641 -1.0214844 0.1328125 0.014160156 12.012196 -58.292683 -9.878049	
2022-08-21-19:38:10-644 -1.0073242 0.010253906 0.06542969 12.195122 1.9512196 -10.060976	
2022-08-21-19:38:10-648 -0.7416992 -0.028320312 0.052246094 10.365854 32.19512 -5.97561	
2022-08-21-19:38:10-652 -0.89160156 -0.05517578 -0.001953125 23.414635 27.317074 7.6219516	
2022-08-21-19:38:10-656 -0.87646484 -0.010253906 0.03955078 22.5 33.414635 12.317074	
2022-08-21-19:38:10-661 -0.9448242 -0.07080078 -0.0146484375 12.987805 35.548782 6.280488	
2022-08-21-19:38:10-665 -1.0063477 -0.05126953 -0.08154297 2.682927 4.02439 6.402439	
2022-08-21-19:38:10-923 -1.0566406 0.048339844 -0.09277344 -5.121951 -32.987804 12.256098	
2022-08-21-19:38:10-928 -1.1113281 0.11816406 -0.076171875 -9.02439 -28.780489 15.487805	
2022-08-21-19:38:10-931 -1.1948242 0.114746094 -0.033203125 -13.04878 -5.0609756 14.02439	
2022-08-21-19:38:10-935 -1.2509766 0.047851562 0.0024414062 -7.378049 -3.3536587 16.341463	
2022-08-21-19:38:10-942 -1.1474609 0.106933594 -0.080566406 1.2804878 -14.45122 18.04878	
2022-08-21-19:38:10-948 -1.1259766 0.20898438 -0.096191406 1.8902439 10.792684 19.695122	
2022-08-21-19:38:10-953 -1.1518555 0.11816406 -0.21142578 -9.146341 55.792683 22.865854	
2022-08-21-19:38:10-958 -1.1020508 -0.013183594 -0.19140625 -8.109756 73.04878 21.768293	
2022-08-21-19:38:10-962 -1.0429688 -0.18603516 -0.21923828 -15.487805 70.97561 26.158537	
2022-08-21-19:38:10-965 -0.7685547 -0.26611328 -0.2211914 -20.304878 60.975613 29.268293	
2022-08-21-19:38:10-968 -0.47265625 -0.32373047 -0.32470703 -28.414635 75.36585 39.634148	
2022-08-21-19:38:10-971 -0.4794922 -0.3544922 -0.30322266 -29.085367 102.5 53.048782	
2022-08-21-19:38:10-974 -0.58691406 -0.30859375 -0.25439453 -29.817074 119.87805 62.80488	
2022-08-21-19:38:10-980 -0.48339844 -0.10595703 -0.23730469 -35.548782 109.085365 65.36585	
2022-08-21-19:38:10-987 -0.3930664 0.080566406 -0.3232422 -29.573172 77.743904 69.87805	
2022-08-21-19:38:10-991 -0.44482422 0.15625 -0.23730469 -23.414635 72.86585 65.914635	
2022-08-21-19:38:11-220 -0.40576172 0.07714844 -0.18261719 -35.0 49.207317 63.90244	
2022-08-21-19:38:11-222 -0.33398438 0.16015625 -0.2788086 -52.560978 26.158537 51.463417	
2022-08-21-19:38:11-225 -0.6459961 0.3173828 -0.296875 -40.670734 -34.146343 42.073174	
2022-08-21-19:38:11-227 -0.69384766 0.5209961 -0.29882812 -22.439024 -65.121956 15.731708	
2022-08-21-19:38:11-229 -0.7402344 0.7504883 -0.32373047 -22.621952 -75.30488 0.24390244	
2022-08-21-19:38:11-231 -0.8183594 0.8334961 -0.3461914 -28.292683 -65.60976 -3.292683	
2022-08-21-19:38:11-233 -0.9716797 0.8286133 -0.2841797 -14.45122 -64.81708 10.54878	
2022-08-21-19:38:11-236 -1.0556641 0.80859375 -0.23876953 -1.0365853 -63.963417 20.121952	
2022-08-21-19:38:11-239 -1.1171875 0.8334961 -0.27685547 2.2560976 -61.890244 22.92683	
2022-08-21-19:38:11-241 -1.0512695 0.875 -0.24414062 7.865854 -46.646343 22.743902	
2022-08-21-19:38:11-245 -1.0449219 0.79003906 -0.16552734 16.09756 -11.95122 10.182927	
2022-08-21-19:38:11-248 -0.9580078 0.88720703 -0.18798828 23.109756 -0.24390244 7.865854	
2022-08-21-19:38:11-251 -0.7919922 1.0883789 -0.088378906 21.707317 -4.02439 17.439024	
2022-08-21-19:38:11-253 -0.8730469 1.0400391 -0.05029297 16.585365 8.353659 7.5	
2022-08-21-19:38:11-255 -0.72802734 1.0673828 -0.19091797 25.792683 15.243903 -11.95122	
2022-08-21-19:38:11-260 -0.60546875 1.2124023 -0.21972656 24.32927 14.085366 -17.37805	
2022-08-21-19:38:11-319 0 0 0 0 0 1000	
2022-08-21-19:38:16-224 0 0 0 0 0 1000	
2022-08-21-19:38:16-306 -0.6411133 0.5854492 -0.07421875 -9.3902445 -48.475613 8.963415	
2022-08-21-19:38:16-308 -0.6010742 0.5527344 -0.125 -10.792684 -38.841465 -3.1707318	
2022-08-21-19:38:16-310 -0.5878906 0.47753906 -0.20654297 -8.04878 -1.4634147 -13.353659	
2022-08-21-19:38:16-315 -0.78515625 0.44873047 -0.17919922 0.73170733 13.170732 -13.658537	
2022-08-21-19:38:16-319 -0.95703125 0.4326172 -0.18066406 1.6463414 4.5731707 -7.7439027	
2022-08-21-19:38:16-320 -0.9770508 0.4560547 -0.23095703 -0.73170733 -10.0 -1.2195122	
2022-08-21-19:38:16-323 -0.89697266 0.46044922 -0.32470703 -1.5243902 -9.695122 -2.317073	
2022-08-21-19:38:16-325 -0.86621094 0.44873047 -0.3388672 -0.6707317 2.195122 -0.9756098	
2022-08-21-19:38:16-329 -0.9272461 0.47460938 -0.33447266 -2.987805 19.634148 1.8292683	
2022-08-21-19:38:16-331 -0.92578125 0.49902344 -0.2998047 -9.756098 21.95122 -0.6707317	
2022-08-21-19:38:16-333 -0.9033203 0.4819336 -0.29052734 -12.987805 11.219512 1.402439	
2022-08-21-19:38:16-334 -0.8955078 0.46142578 -0.26416016 -15.609756 4.4512196 2.9268293	
2022-08-21-19:38:16-336 -0.8378906 0.41992188 -0.27148438 -17.256098 12.073171 1.402439	
2022-08-21-19:38:16-338 -0.78466797 0.40185547 -0.28125 -18.231709 24.512196 -1.6463414	
2022-08-21-19:38:16-339 -0.7583008 0.4116211 -0.24023438 -16.40244 30.853659 -3.0487804	
2022-08-21-19:38:16-341 -0.7285156 0.43701172 -0.22753906 -14.695123 22.37805 -0.9756098	
2022-08-21-19:38:16-647 -0.69384766 0.44482422 -0.2548828 -13.292684 16.280489 -0.5487805	
2022-08-21-19:38:16-653 -0.7133789 0.43554688 -0.27392578 -12.439025 10.670732 -0.6707317	
2022-08-21-19:38:16-657 -0.7451172 0.4272461 -0.28271484 -11.768293 12.682927 -4.268293	
2022-08-21-19:38:16-663 -0.77001953 0.41748047 -0.28564453 -12.621951 16.036585 -9.02439	
2022-08-21-19:38:16-666 -0.80859375 0.3959961 -0.27929688 -13.170732 10.487805 -9.695122	
2022-08-21-19:38:16-669 -0.8535156 0.38916016 -0.2553711 -14.695123 7.7439027 -5.792683	
2022-08-21-19:38:16-672 -0.89746094 0.4169922 -0.2421875 -15.304878 8.109756 -6.8292685	
2022-08-21-19:38:16-676 -0.8779297 0.44921875 -0.27734375 -12.378049 13.841464 -11.463415	
2022-08-21-19:38:16-683 -0.99658203 0.52978516 -0.29589844 -11.8902445 12.5 -5.2439027	
2022-08-21-19:38:16-687 -1.1352539 0.6948242 -0.2993164 -25.0 4.8170733 -2.987805	
2022-08-21-19:38:16-691 -1.262207 0.90966797 -0.2944336 -40.548782 27.073172 -15.731708	
2022-08-21-19:38:16-696 -1.3730469 1.1738281 -0.14257812 -58.475613 39.7561 -22.682928	
2022-08-21-19:38:16-701 -1.7402344 1.4384766 0.2631836 -82.13415 5.487805 -31.524391	
2022-08-21-19:38:16-704 -1.8911133 1.6669922 0.6269531 -109.268295 -116.34147 -40.670734	
2022-08-21-19:38:16-710 -1.5888672 1.7124023 0.42529297 -87.13415 -163.2317 -35.609756	
2022-08-21-19:38:16-715 -1.6782227 1.8652344 0.47070312 -36.768295 -163.90244 -39.878048	
2022-08-21-19:38:16-960 -1.4755859 1.7231445 0.45117188 5.4268293 -120.243904 -54.634148	
2022-08-21-19:38:16-964 -1.8833008 1.3701172 0.4819336 -2.7439024 -148.35367 -123.71951	
2022-08-21-19:38:16-967 0.12548828 0.41503906 -0.14501953 25.365854 -80.73171 -132.62195	
2022-08-21-19:38:16-970 -1.1108398 0.26660156 -0.36523438 100.426834 56.707317 -65.60976	
2022-08-21-19:38:16-974 -0.4658203 -0.30566406 -0.25830078 135.7317 91.28049 -60.121952	
2022-08-21-19:38:16-979 -0.33447266 -0.5390625 -0.1586914 134.14635 152.07318 -107.19512	
2022-08-21-19:38:16-985 0.111816406 -1.034668 -0.7651367 90.914635 133.04878 -117.37805	
2022-08-21-19:38:16-991 0.15429688 -1.1826172 -0.82373047 99.39024 56.95122 -62.012196	
2022-08-21-19:38:16-996 -0.3725586 -0.58496094 -0.6430664 81.03659 37.560978 -59.512196	
2022-08-21-19:38:17-000 -0.5151367 -0.32666016 -0.6176758 73.90244 2.804878 -45.85366	
2022-08-21-19:38:17-004 -0.49951172 0.28076172 -0.33251953 62.92683 -45.670734 -6.2195125	
2022-08-21-19:38:17-008 -0.41503906 0.41015625 -0.12011719 22.804878 -59.7561 33.292683	
2022-08-21-19:38:17-013 -0.4638672 0.3876953 -0.01953125 -13.841464 -47.743904 24.939026	
2022-08-21-19:38:17-019 -0.29736328 0.35351562 0.04638672 -11.402439 -54.573174 1.8292683	
2022-08-21-19:38:17-027 -0.203125 0.4345703 0.1171875 3.7804878 -85.67073 7.1341467	
2022-08-21-19:38:17-032 -0.3642578 0.3984375 0.09814453 15.060976 -80.73171 22.5	
2022-08-21-19:38:17-264 -0.5151367 0.42871094 0.036621094 22.195122 -36.52439 27.134148	
2022-08-21-19:38:17-268 -0.5527344 0.47607422 0.0703125 14.817074 -1.4634147 30.792685	
2022-08-21-19:38:17-272 -0.68896484 0.45898438 0.08203125 4.634146 -16.09756 41.768295	
2022-08-21-19:38:17-276 -0.77441406 0.4658203 0.14648438 7.3170733 -30.97561 48.780487	
2022-08-21-19:38:17-282 -0.9243164 0.4892578 0.14746094 2.987805 -19.390244 42.560978	
2022-08-21-19:38:17-286 -0.87841797 0.60058594 0.21533203 13.04878 -16.646341 37.19512	
2022-08-21-19:38:17-290 -0.9970703 0.7158203 0.16503906 17.256098 18.04878 44.573174	
2022-08-21-19:38:17-295 -1.0410156 0.84521484 0.08642578 15.6707325 69.32927 44.939026	
2022-08-21-19:38:17-298 -1.2612305 1.003418 0.048828125 16.585365 92.621956 33.90244	
2022-08-21-19:38:17-301 -1.2485352 1.1118164 0.017089844 13.292684 63.475613 16.95122	
2022-08-21-19:38:17-307 -1.0712891 1.0654297 -0.024414062 9.695122 35.121952 10.97561	
2022-08-21-19:38:17-311 -0.9667969 0.92626953 -0.09814453 -5.914634 41.95122 2.012195	
2022-08-21-19:38:17-316 -0.98095703 0.60546875 -0.109375 -11.097561 55.548782 -8.414635	
2022-08-21-19:38:17-321 -0.83251953 0.45703125 -0.056152344 -13.597561 68.414635 -12.560976	
2022-08-21-19:38:17-327 -0.8901367 0.25146484 0.0107421875 -24.573172 74.63415 -0.6707317	
2022-08-21-19:38:17-331 -0.9165039 0.30273438 -0.0073242188 -20.060976 42.19512 14.146341	
2022-08-21-19:38:17-619 -0.64160156 0.4194336 0.05078125 -8.719512 1.5243902 23.109756	
2022-08-21-19:38:17-626 -0.46142578 0.3232422 -0.14794922 -10.54878 -5.609756 26.707317	
2022-08-21-19:38:17-630 -0.2529297 0.38085938 -0.1875 -20.365854 -16.158537 17.256098	
2022-08-21-19:38:17-633 -0.5761719 0.36523438 -0.28173828 -40.182926 -44.146343 1.7682927	
2022-08-21-19:38:17-637 -0.6381836 -1.0117188 -0.77441406 -29.756098 -120.0 -26.707317	
2022-08-21-19:38:17-641 -0.1772461 -0.5732422 -0.9916992 32.378048 -41.890244 26.158537	
2022-08-21-19:38:17-646 -0.7763672 -0.6376953 -0.98046875 7.5 74.81708 59.02439	
2022-08-21-19:38:17-650 -1.3759766 -0.27734375 -0.20947266 -6.9512196 94.63415 42.987804	
2022-08-21-19:38:17-654 -1.5991211 0.13574219 -0.20166016 -4.634146 -14.02439 22.195122	
2022-08-21-19:38:17-661 -1.6342773 0.61279297 -0.19189453 19.817074 -135.60976 15.0	
2022-08-21-19:38:17-664 -1.6875 0.2705078 -0.25976562 13.170732 -120.67074 8.841464	
2022-08-21-19:38:17-668 -1.4038086 0.046875 -0.41015625 10.97561 -14.45122 -3.5975611	
2022-08-21-19:38:17-672 -1.4536133 -0.20117188 -0.40576172 2.7439024 47.317074 -6.8292685	
2022-08-21-19:38:17-677 -1.3007812 -0.49316406 -0.21728516 10.182927 18.59756 -4.6951222	
2022-08-21-19:38:17-682 -1.3056641 -0.31640625 -0.06689453 0.4878049 -27.012196 3.7804878	
2022-08-21-19:38:17-687 -1.3852539 -0.08105469 0.100097656 -13.04878 -74.69512 -4.634146	
2022-08-21-19:38:17-896 -1.3032227 -0.0546875 0.05126953 -14.085366 -118.23171 -12.378049	
2022-08-21-19:38:17-900 -1.1958008 0.11230469 -0.0063476562 0.91463417 -100.73171 -13.841464	
2022-08-21-19:38:17-904 -1.0766602 0.15283203 0.087890625 1.8902439 -18.90244 3.6585367	
2022-08-21-19:38:17-908 -1.1542969 0.07324219 0.11425781 2.682927 50.060978 14.268293	
2022-08-21-19:38:17-915 -1.0102539 0.0048828125 0.013183594 16.09756 61.890244 12.926829	
2022-08-21-19:38:17-921 -0.9140625 0.024902344 -0.064941406 22.5 66.64634 5.670732	
2022-08-21-19:38:17-927 -1.0698242 -0.0043945312 -0.09472656 7.865854 60.914635 8.780488	
2022-08-21-19:38:17-930 -1.0698242 -0.026367188 -0.17236328 -2.804878 26.524391 15.060976	
2022-08-21-19:38:17-933 -1.1157227 -0.01953125 -0.17041016 -10.365854 -3.6585367 16.219513	
2022-08-21-19:38:17-937 -1.168457 -0.03857422 -0.1430664 -14.45122 -7.9268293 13.353659	
2022-08-21-19:38:17-942 -1.0200195 -0.051757812 -0.22607422 -13.292684 11.707317 15.731708	
2022-08-21-19:38:17-946 -1.1293945 -0.06591797 -0.31396484 -0.18292683 24.817074 22.743902	
2022-08-21-19:38:17-956 -1.2255859 -0.0068359375 -0.27001953 2.5 46.82927 29.024391	
2022-08-21-19:38:17-961 -1.0917969 -0.10058594 -0.3203125 -8.231708 68.29269 25.853659	
2022-08-21-19:38:17-967 -1.0585938 -0.13867188 -0.28808594 -15.914635 61.890244 27.743902	
2022-08-21-19:38:17-970 -1.1713867 -0.14355469 -0.22216797 -21.646341 39.573174 30.853659	
2022-08-21-19:38:18-260 -1.1147461 -0.12158203 -0.24707031 -24.817074 -0.24390244 21.646341	
2022-08-21-19:38:18-264 -0.9316406 -0.19970703 -0.39648438 -29.32927 -5.8536587 18.231709	
2022-08-21-19:38:18-268 -0.7026367 -0.3725586 -0.4428711 -28.414635 26.82927 39.085365	
2022-08-21-19:38:18-271 -0.7368164 -0.40576172 -0.39794922 -28.780489 83.84147 68.35366	
2022-08-21-19:38:18-275 -0.78808594 -0.33789062 -0.35595703 -27.256098 100.914635 63.414635	
2022-08-21-19:38:18-282 -0.51416016 -0.07324219 -0.2866211 -12.682927 97.07317 77.560974	
2022-08-21-19:38:18-286 -0.4975586 0.118652344 -0.20751953 -15.6707325 120.36586 101.03659	
2022-08-21-19:38:18-292 -0.48632812 0.49267578 -0.068847656 -22.5 114.14635 107.926834	
2022-08-21-19:38:18-296 -0.46777344 0.7739258 0.0 -24.207317 57.317074 94.69512	
2022-08-21-19:38:18-300 -0.3359375 0.7285156 -0.04248047 -22.195122 9.085366 58.048782	
2022-08-21-19:38:18-304 -0.11621094 0.7392578 -0.21289062 -10.914635 -24.085367 48.90244	
2022-08-21-19:38:18-307 -0.00390625 0.890625 -0.31103516 7.5609756 -31.219513 60.792683	
2022-08-21-19:38:18-310 -0.17041016 1.0146484 -0.35302734 12.195122 -12.073171 61.52439	
2022-08-21-19:38:18-320 -0.41601562 1.0439453 -0.3125 7.804878 7.865854 46.036587	
2022-08-21-19:38:18-324 -0.5415039 0.9970703 -0.2788086 0.42682928 36.219513 10.670732	
2022-08-21-19:38:18-328 -0.6567383 0.98583984 -0.2734375 -5.97561 16.707317 -3.8414636	
2022-08-21-19:38:18-588 -0.7480469 1.0668945 -0.115722656 -5.792683 -2.987805 -7.987805	
2022-08-21-19:38:18-590 -0.89746094 1.1108398 -0.047851562 -13.963415 -15.0 -20.97561	
2022-08-21-19:38:18-592 -0.8701172 1.2290039 -0.022949219 -24.512196 -48.35366 -16.768293	
2022-08-21-19:38:18-594 -0.6953125 1.2856445 -0.072753906 -15.792684 -61.82927 -16.524391	
2022-08-21-19:38:18-596 -0.6088867 1.300293 -0.040039062 4.634146 -54.69512 -5.487805	
2022-08-21-19:38:18-598 -0.6958008 1.2407227 -0.1875 16.646341 -15.731708 -21.341463	
2022-08-21-19:38:18-599 -0.63134766 1.125 -0.23583984 30.42683 20.731709 -23.841463	
2022-08-21-19:38:18-601 -0.85546875 1.121582 -0.2709961 18.170732 34.146343 -10.182927	
2022-08-21-19:38:18-603 -0.8027344 1.0024414 -0.30859375 11.95122 27.621952 -2.2560976	
2022-08-21-19:38:18-607 -0.81640625 0.92333984 -0.34326172 23.292683 18.04878 -0.91463417	
2022-08-21-19:38:18-609 -0.7753906 0.86816406 -0.39453125 16.036585 8.170732 -10.304878	
2022-08-21-19:38:18-611 -0.6660156 0.8027344 -0.3408203 12.256098 15.914635 -11.158537	
2022-08-21-19:38:18-614 -0.6899414 0.7763672 -0.34375 8.902439 30.243902 -10.670732	
2022-08-21-19:38:18-621 -0.7314453 0.74121094 -0.3173828 5.609756 41.036587 -16.768293	
2022-08-21-19:38:18-624 -0.75 0.6777344 -0.28515625 2.0731707 36.341465 -18.414635	
2022-08-21-19:38:18-626 -0.7553711 0.61865234 -0.29296875 4.9390244 21.768293 -16.95122	
2022-08-21-19:38:18-634 0 0 0 0 0 1000	
2022-08-21-19:38:20-047 0 0 0 0 0 1000	
2022-08-21-19:38:20-132 -1.1748047 1.4208984 -0.17089844 -13.658537 -6.890244 5.365854	
2022-08-21-19:38:20-135 -1.3168945 1.7504883 -0.12890625 -18.292683 -21.890244 -3.4146342	
2022-08-21-19:38:20-138 -1.3129883 2.0014648 -0.13085938 -15.731708 -46.768295 -10.304878	
2022-08-21-19:38:20-140 -1.5595703 2.0273438 -0.09716797 -24.390244 -99.02439 -34.268295	
2022-08-21-19:38:20-142 -1.2915039 1.9033203 -0.16210938 -24.695122 -150.18294 -59.32927	
2022-08-21-19:38:20-145 -1.0131836 1.6635742 -0.33935547 -10.426829 -160.48781 -62.073174	
2022-08-21-19:38:20-149 -1.0112305 1.5249023 -0.34423828 -0.6707317 -137.31708 -73.29269	
2022-08-21-19:38:20-151 -0.82128906 1.1337891 -0.35986328 5.97561 -136.7683 -100.243904	
2022-08-21-19:38:20-154 -0.4404297 0.58203125 -0.3461914 25.182928 -63.475613 -134.87805	
2022-08-21-19:38:20-156 0.072753906 -0.11376953 -0.39794922 20.914635 59.939026 -142.5	
2022-08-21-19:38:20-160 -0.5180664 -0.609375 -0.4506836 41.341465 104.57317 -120.0	
2022-08-21-19:38:20-163 -0.5161133 -0.9423828 0.0234375 76.097565 -6.4634147 -110.121956	
2022-08-21-19:38:20-165 -0.36132812 -1.0229492 -0.13183594 76.52439 -91.21951 -116.097565	
2022-08-21-19:38:20-167 0.15527344 -0.93359375 -0.5463867 91.03659 -125.30488 -98.414635	
2022-08-21-19:38:20-168 0.12207031 -0.1821289 -0.47851562 94.085365 -53.719513 -31.40244	
2022-08-21-19:38:20-170 -0.030761719 0.2265625 -0.34326172 37.80488 94.32927 -14.45122	
2022-08-21-19:38:20-468 -0.09716797 0.42822266 -0.0703125 18.841463 137.80489 22.865854	
2022-08-21-19:38:20-472 -0.65478516 0.33398438 0.2548828 0.0 50.548782 28.231709	
2022-08-21-19:38:20-475 -0.36914062 0.5258789 0.49072266 -3.4146342 -96.40244 12.134147	
2022-08-21-19:38:20-479 -0.29736328 0.54833984 0.060546875 -22.073172 -120.36586 4.512195	
2022-08-21-19:38:20-484 -0.5107422 0.61816406 0.18847656 2.804878 -67.560974 15.182927	
2022-08-21-19:38:20-489 -1.109375 0.5058594 0.119628906 11.158537 43.414635 22.195122	
2022-08-21-19:38:20-493 -1.4072266 0.80566406 0.04296875 37.439026 74.63415 26.280489	
2022-08-21-19:38:20-498 -1.3603516 1.0483398 -0.12207031 25.670732 86.89024 22.987806	
2022-08-21-19:38:20-501 -1.5786133 1.0473633 -0.15917969 10.792684 77.80488 19.024391	
2022-08-21-19:38:20-504 -1.5170898 1.1088867 4.8828125E-4 -1.2804878 31.524391 8.414635	
2022-08-21-19:38:20-507 -1.3730469 1.0556641 0.024414062 -9.878049 -45.792683 -9.512196	
2022-08-21-19:38:20-512 -0.89501953 0.9736328 -0.01171875 -24.87805 -72.37805 -17.804878	
2022-08-21-19:38:20-518 -0.67578125 0.8330078 -9.765625E-4 -33.719513 -34.207317 -16.463415	
2022-08-21-19:38:20-522 -0.36865234 0.8095703 0.08300781 -32.92683 30.121952 -7.1951222	
2022-08-21-19:38:20-527 -0.49853516 0.24560547 0.052246094 -37.865856 23.231709 -5.5487804	
2022-08-21-19:38:20-531 -0.25048828 0.18066406 0.04638672 -28.963415 -32.682926 12.5	
2022-08-21-19:38:20-773 0.21826172 0.2602539 -0.33642578 -32.07317 -57.2561 38.780487	
2022-08-21-19:38:20-777 0.37939453 0.54833984 -0.28710938 -42.987804 -53.65854 61.09756	
2022-08-21-19:38:20-781 0.36328125 0.0234375 -0.23925781 -69.57317 -58.65854 44.7561	
2022-08-21-19:38:20-786 0.125 0.028808594 -0.31298828 -47.37805 -28.47561 35.914635	
2022-08-21-19:38:20-789 -0.76171875 -0.76220703 -0.4243164 -48.780487 14.878049 21.036587	
2022-08-21-19:38:20-796 -1.5649414 -0.61083984 -0.47070312 37.317074 47.012196 33.35366	
2022-08-21-19:38:20-801 -1.1186523 -0.6694336 -0.34277344 -7.3170733 75.85366 56.646343	
2022-08-21-19:38:20-805 -2.0297852 -0.41015625 -0.122558594 -28.963415 81.768295 31.768293	
2022-08-21-19:38:20-808 -1.9296875 -0.016113281 -0.07080078 17.37805 -11.52439 12.682927	
2022-08-21-19:38:20-812 -2.0444336 0.421875 -0.21289062 17.865854 -44.45122 1.7682927	
2022-08-21-19:38:20-819 -2.2832031 0.18359375 -0.3232422 9.085366 -27.92683 3.7195122	
2022-08-21-19:38:20-823 -2.1748047 0.22753906 -0.48632812 8.04878 36.09756 4.512195	
2022-08-21-19:38:20-829 -1.7788086 -0.07910156 -0.5048828 -3.0487804 52.134148 3.1707318	
2022-08-21-19:38:20-833 -1.5239258 -0.23242188 -0.28173828 -9.268292 13.658537 -1.097561	
2022-08-21-19:38:20-838 -1.21875 -0.21923828 -0.15820312 -12.378049 -62.92683 -23.47561	
2022-08-21-19:38:20-842 -1.0336914 -0.14941406 -0.20117188 -14.268293 -104.81708 -28.59756	
2022-08-21-19:38:21-093 -0.8544922 -0.08886719 -0.091308594 7.804878 -88.414635 -26.707317	
2022-08-21-19:38:21-097 -0.81152344 -0.005859375 -0.10498047 40.182926 6.0365853 -12.195122	
2022-08-21-19:38:21-103 -0.6118164 0.09082031 0.049804688 55.914635 101.70732 -2.8658538	
2022-08-21-19:38:21-107 -0.89160156 0.06689453 0.059570312 37.5 123.71951 8.292683	
2022-08-21-19:38:21-110 -0.99853516 0.026367188 -0.040527344 33.65854 31.463415 0.06097561	
2022-08-21-19:38:21-114 -0.9140625 0.030761719 -0.17626953 27.317074 -33.59756 -2.2560976	
2022-08-21-19:38:21-119 -0.87646484 -0.049316406 -0.24169922 10.304878 -20.121952 8.963415	
2022-08-21-19:38:21-124 -0.98535156 -0.08300781 -0.2211914 4.6951222 5.609756 17.195122	
2022-08-21-19:38:21-130 -1.1879883 -0.03466797 -0.10986328 0.18292683 4.5731707 13.902439	
2022-08-21-19:38:21-133 -1.2558594 0.0234375 -0.09033203 -7.6219516 -4.4512196 6.890244	
2022-08-21-19:38:21-138 -1.2924805 -0.16748047 -0.23925781 -3.4146342 -18.04878 7.9268293	
2022-08-21-19:38:21-141 -1.3535156 -0.16357422 -0.15966797 10.060976 -6.8292685 13.04878	
2022-08-21-19:38:21-145 -1.4506836 -0.13671875 -0.21044922 12.256098 31.646341 8.47561	
2022-08-21-19:38:21-151 -1.3164062 -0.03173828 -0.19677734 -1.5853659 63.78049 4.6951222	
2022-08-21-19:38:21-156 -1.3588867 -0.16699219 -0.2211914 -15.0 48.841465 19.87805	
2022-08-21-19:38:21-162 -0.9746094 -0.33496094 -0.25146484 -17.865854 38.59756 32.07317	
2022-08-21-19:38:21-415 -0.56640625 -0.57128906 -0.4116211 -24.45122 88.17073 44.817074	
2022-08-21-19:38:21-425 -0.55859375 -0.5600586 -0.4321289 -10.914635 131.82927 57.560978	
2022-08-21-19:38:21-429 -0.4794922 -0.31298828 -0.2788086 -4.634146 132.92683 63.170734	
2022-08-21-19:38:21-433 -0.38183594 -0.6035156 -0.36279297 -50.975613 134.45122 41.15854	
2022-08-21-19:38:21-437 -0.14990234 4.8828125E-4 -0.4345703 -16.95122 96.34147 106.097565	
2022-08-21-19:38:21-440 -0.13134766 0.8359375 -0.05029297 -7.6219516 36.036587 128.78049	
2022-08-21-19:38:21-449 -0.37158203 0.69140625 -0.080078125 -50.182926 16.341463 75.67073	
2022-08-21-19:38:21-454 -0.44726562 0.90283203 -0.13916016 -53.35366 23.170732 55.914635	
2022-08-21-19:38:21-459 -0.5151367 0.9057617 -0.27685547 -39.390244 5.97561 31.95122	
2022-08-21-19:38:21-463 -0.7167969 0.8925781 -0.16894531 -11.036586 17.560976 31.524391	
2022-08-21-19:38:21-468 -0.9511719 0.84033203 -0.21875 1.2195122 15.243903 32.865856	
2022-08-21-19:38:21-472 -0.85839844 0.8383789 -0.2626953 4.268293 1.7682927 41.82927	
2022-08-21-19:38:21-477 -0.8876953 0.828125 -0.31933594 -11.158537 -20.121952 61.463417	
2022-08-21-19:38:21-481 -0.90478516 0.8540039 -0.32470703 -18.414635 -46.52439 33.47561	
2022-08-21-19:38:21-488 -0.79589844 0.8129883 -0.30908203 -37.80488 -32.987804 24.146341	
2022-08-21-19:38:21-494 -0.76220703 0.7739258 -0.27539062 -59.7561 -40.670734 4.8170733	
2022-08-21-19:38:21-716 -0.69091797 0.8178711 -0.20898438 -51.28049 -51.95122 -9.878049	
2022-08-21-19:38:21-721 -0.6923828 1.1098633 -0.096191406 -20.0 -49.817074 -0.79268295	
2022-08-21-19:38:21-726 -0.51953125 1.2597656 -0.03564453 -3.0487804 -30.731709 -4.1463413	
2022-08-21-19:38:21-730 -0.6166992 1.2905273 0.029785156 -2.0731707 10.365854 5.365854	
2022-08-21-19:38:21-733 -0.73339844 1.1328125 -0.092285156 10.426829 33.719513 7.256098	
2022-08-21-19:38:21-736 -0.6088867 1.1801758 -0.16064453 20.42683 24.268293 11.646341	
2022-08-21-19:38:21-743 -0.6040039 1.1582031 -0.15332031 18.963415 20.54878 18.231709	
2022-08-21-19:38:21-749 -0.73046875 1.0454102 -0.17871094 14.817074 4.756098 20.060976	
2022-08-21-19:38:21-753 -0.7080078 0.99560547 -0.2841797 14.085366 -8.109756 14.573171	
2022-08-21-19:38:21-755 -0.47607422 1.0273438 -0.39648438 4.634146 -20.792683 17.865854	
2022-08-21-19:38:21-758 -0.5810547 1.0004883 -0.32128906 1.0365853 12.012196 20.487804	
2022-08-21-19:38:21-761 -0.53564453 0.94433594 -0.30517578 3.1707318 47.865856 12.5	
2022-08-21-19:38:21-763 -0.55078125 0.93115234 -0.2055664 2.7439024 53.963417 2.804878	
2022-08-21-19:38:21-765 -0.59716797 0.8359375 -0.21386719 5.2439027 31.707317 -0.42682928	
2022-08-21-19:38:21-767 -0.58740234 0.8286133 -0.20117188 13.658537 8.170732 -2.378049	
2022-08-21-19:38:21-769 -0.515625 0.81689453 -0.2680664 7.1341467 20.42683 -11.036586	
2022-08-21-19:38:21-840 0 0 0 0 0 1000	
2022-08-21-19:38:23-165 0 0 0 0 0 1000	
2022-08-21-19:38:23-282 -0.8959961 0.90771484 -0.15185547 -43.35366 -111.82927 -30.792685	
2022-08-21-19:38:23-286 -0.8105469 1.1484375 -0.19189453 -46.15854 -110.60976 -22.682928	
2022-08-21-19:38:23-288 -0.8979492 1.3701172 -0.1772461 -40.30488 -88.29269 -22.5	
2022-08-21-19:38:23-290 -0.8925781 1.6787109 -0.111816406 -26.463415 -65.54878 -23.90244	
2022-08-21-19:38:23-293 -0.9116211 1.8945312 -0.11035156 -8.414635 -46.219513 -17.37805	
2022-08-21-19:38:23-295 -1.0703125 1.9829102 -0.078125 9.329268 -37.317074 -15.792684	
2022-08-21-19:38:23-297 -0.9692383 1.8579102 -0.11328125 21.40244 -77.13415 -33.35366	
2022-08-21-19:38:23-300 -0.9135742 1.6523438 -0.22167969 9.207317 -103.29269 -54.45122	
2022-08-21-19:38:23-302 -0.6982422 1.3461914 -0.39746094 -11.646341 -159.51219 -82.743904	
2022-08-21-19:38:23-304 -0.37841797 0.9868164 -0.49121094 -9.695122 -154.51219 -101.951225	
2022-08-21-19:38:23-306 -0.21679688 0.6484375 -0.39794922 -17.256098 -77.256096 -98.90244	
2022-08-21-19:38:23-308 -0.2836914 0.19726562 -0.31689453 -7.9268293 1.4634147 -100.67073	
2022-08-21-19:38:23-310 -0.7207031 -0.16455078 0.14355469 19.024391 -40.548782 -94.7561	
2022-08-21-19:38:23-312 -0.5239258 -0.5439453 0.23730469 35.85366 -85.48781 -101.40244	
2022-08-21-19:38:23-315 -0.71875 -0.69433594 0.18554688 55.243904 -95.67073 -95.243904	
2022-08-21-19:38:23-318 -0.359375 -0.86621094 -0.016601562 68.10976 -87.31708 -74.69512	
2022-08-21-19:38:23-662 -0.48535156 -0.53222656 0.033691406 82.13415 -6.3414636 -31.09756	
2022-08-21-19:38:23-666 -0.14746094 0.23583984 -0.3305664 89.451225 140.24391 20.670732	
2022-08-21-19:38:23-669 -0.46972656 1.1162109 -0.2890625 81.768295 247.74391 35.487804	
2022-08-21-19:38:23-673 -1.1113281 1.2036133 0.34423828 42.19512 225.60976 18.963415	
2022-08-21-19:38:23-677 -1.7661133 0.90234375 0.3466797 21.890244 46.219513 -2.012195	
2022-08-21-19:38:23-682 -1.2114258 1.0805664 -0.018066406 25.42683 -122.2561 -15.792684	
2022-08-21-19:38:23-686 -1.0517578 0.97265625 -0.16845703 -10.487805 -84.87805 -6.890244	
2022-08-21-19:38:23-691 -0.99609375 0.7475586 -0.046875 -27.92683 8.719512 -3.4756098	
2022-08-21-19:38:23-696 -0.89453125 0.5395508 -0.038085938 -33.719513 30.365854 -8.963415	
2022-08-21-19:38:23-700 -0.5888672 0.29785156 0.03564453 -28.963415 -62.19512 -9.268292	
2022-08-21-19:38:23-704 -0.2626953 0.2631836 0.24511719 -40.97561 -107.98781 3.0487804	
2022-08-21-19:38:23-707 -0.14404297 0.051757812 0.03857422 -58.414635 -116.82927 9.329268	
2022-08-21-19:38:23-711 0.014160156 0.0034179688 -0.11767578 -17.987804 -126.52439 25.182928	
2022-08-21-19:38:23-716 -0.21191406 0.28710938 -0.17138672 -11.402439 -90.48781 35.365856	
2022-08-21-19:38:23-720 -0.22363281 0.60595703 -0.3959961 4.1463413 2.0731707 39.146343	
2022-08-21-19:38:23-724 -0.50390625 0.34570312 -0.28027344 -44.45122 70.48781 28.04878	
2022-08-21-19:38:23-969 -0.75927734 -1.1416016 -0.58447266 -27.743902 87.37805 21.341463	
2022-08-21-19:38:23-978 -0.9399414 -1.2724609 -0.5517578 25.731709 97.19512 47.439026	
2022-08-21-19:38:23-985 -1.1171875 -0.7416992 -0.22363281 5.8536587 122.80488 30.914635	
2022-08-21-19:38:23-989 -1.4726562 -0.05029297 0.05859375 7.9268293 90.79269 27.439026	
2022-08-21-19:38:23-994 -1.9555664 0.43066406 -0.029296875 17.92683 5.365854 10.914635	
2022-08-21-19:38:23-999 -2.0356445 0.3334961 -0.025390625 44.207317 -50.548782 -8.780488	
2022-08-21-19:38:24-003 -1.7661133 0.24072266 -0.45410156 22.37805 42.5 -15.182927	
2022-08-21-19:38:24-007 -1.5893555 -0.13671875 -0.64746094 -3.902439 119.085365 -17.682928	
2022-08-21-19:38:24-010 -1.5981445 -0.5473633 -0.4609375 -21.280489 101.097565 3.4146342	
2022-08-21-19:38:24-015 -1.5263672 -0.48388672 -0.29833984 0.36585367 -11.646341 -12.987805	
2022-08-21-19:38:24-021 -1.1020508 -0.24121094 -0.2680664 -2.317073 -85.97561 -23.780489	
2022-08-21-19:38:24-027 -1.0664062 -0.03125 -0.21435547 -16.40244 -67.37805 -24.32927	
2022-08-21-19:38:24-030 -1.0571289 4.8828125E-4 -0.14257812 -9.634147 -24.512196 -10.97561	
2022-08-21-19:38:24-035 -1.0239258 0.037109375 -0.13623047 1.8902439 -10.426829 -5.487805	
2022-08-21-19:38:24-039 -0.91845703 0.15722656 0.071777344 8.109756 -27.5 -8.536586	
2022-08-21-19:38:24-046 -0.9140625 0.032226562 -0.08935547 -3.1707318 -40.0 -9.45122	
2022-08-21-19:38:24-330 -0.82958984 -0.061523438 -0.19482422 0.6707317 -35.0 4.1463413	
2022-08-21-19:38:24-335 -0.8359375 0.03125 -0.13232422 4.634146 -3.8414636 21.95122	
2022-08-21-19:38:24-339 -0.90478516 0.018554688 -0.075683594 4.5731707 13.353659 21.646341	
2022-08-21-19:38:24-346 -0.8510742 -0.015625 -0.13330078 0.85365856 -4.2073174 12.256098	
2022-08-21-19:38:24-351 -0.80908203 -0.05078125 -0.22802734 1.9512196 -17.560976 17.743902	
2022-08-21-19:38:24-356 -0.9692383 -0.13916016 -0.24902344 6.2195125 2.4390244 22.195122	
2022-08-21-19:38:24-362 -1.2006836 -0.118652344 -0.26464844 4.1463413 34.7561 24.756098	
2022-08-21-19:38:24-366 -1.1831055 -0.19482422 -0.29345703 -3.4756098 28.47561 21.280489	
2022-08-21-19:38:24-371 -1.2851562 -0.19189453 -0.31835938 -10.54878 2.195122 30.182928	
2022-08-21-19:38:24-375 -1.2490234 -0.049804688 -0.29833984 -9.756098 15.182927 36.15854	
2022-08-21-19:38:24-384 -1.3442383 0.051757812 -0.18017578 -39.45122 4.8170733 26.524391	
2022-08-21-19:38:24-387 -1.4379883 -0.019042969 -0.027832031 -81.28049 -64.81708 9.939025	
2022-08-21-19:38:24-390 -1.3632812 -0.13623047 -0.14404297 -97.5 -120.914635 5.0609756	
2022-08-21-19:38:24-394 -0.921875 -0.22753906 -0.21972656 -80.30488 -177.62195 27.682928	
2022-08-21-19:38:24-397 -0.43408203 -0.3803711 -0.27441406 -59.939026 -118.29269 45.0	
2022-08-21-19:38:24-401 -0.54296875 -0.29052734 -0.26171875 -20.0 5.609756 63.841465	
2022-08-21-19:38:24-681 -0.5957031 -0.2421875 -0.25195312 20.97561 99.32927 74.02439	
2022-08-21-19:38:24-685 -0.6230469 0.16357422 -0.11035156 42.073174 144.63416 85.60976	
2022-08-21-19:38:24-688 -0.47705078 0.47705078 -0.100097656 32.317074 186.46342 100.85366	
2022-08-21-19:38:24-692 -0.56689453 0.6948242 -0.23486328 12.317074 210.67073 107.31708	
2022-08-21-19:38:24-695 -0.57958984 0.78027344 -0.21435547 10.121951 188.04878 102.743904	
2022-08-21-19:38:24-699 -0.43017578 0.6459961 -0.21679688 1.5853659 139.93903 84.085365	
2022-08-21-19:38:24-702 -0.42285156 0.63671875 -0.32226562 4.390244 105.36585 74.5122	
2022-08-21-19:38:24-705 -0.35253906 0.78027344 -0.33984375 2.5 70.79269 58.048782	
2022-08-21-19:38:24-709 -0.35742188 0.62597656 -0.37890625 6.585366 48.109756 46.585365	
2022-08-21-19:38:24-716 -0.65527344 0.7363281 -0.35205078 -3.902439 29.634148 34.634148	
2022-08-21-19:38:24-720 -0.6923828 0.74560547 -0.2319336 -9.45122 2.378049 23.90244	
2022-08-21-19:38:24-724 -0.81396484 0.8129883 -0.17480469 -12.5 -9.085366 5.914634	
2022-08-21-19:38:24-728 -0.86328125 0.9736328 0.029785156 -22.987806 -34.878048 -9.085366	
2022-08-21-19:38:24-732 -0.8022461 0.99853516 -0.015625 -27.560976 -37.621952 -19.756098	
2022-08-21-19:38:24-736 -0.7138672 1.1230469 0.12451172 -16.219513 -53.90244 -2.1341465	
2022-08-21-19:38:24-739 -0.6801758 1.1982422 0.064453125 -5.97561 -48.475613 7.1951222	
2022-08-21-19:38:24-910 -0.5727539 1.2788086 0.099609375 14.695123 -40.121952 12.865854	
2022-08-21-19:38:24-913 -0.7036133 1.1889648 -0.068359375 23.353659 -14.3902445 8.658537	
2022-08-21-19:38:24-915 -0.5756836 1.1611328 -0.12402344 37.682926 5.0609756 -0.42682928	
2022-08-21-19:38:24-917 -0.7109375 1.1616211 -0.25878906 39.512196 9.3902445 3.4756098	
2022-08-21-19:38:24-919 -0.7475586 1.168457 -0.2163086 23.292683 20.42683 4.9390244	
2022-08-21-19:38:24-921 -0.8310547 1.0043945 -0.3017578 9.512196 14.695123 -0.91463417	
2022-08-21-19:38:24-923 -0.65527344 0.9160156 -0.27392578 14.573171 0.9756098 -1.4634147	
2022-08-21-19:38:24-925 -0.703125 0.875 -0.23291016 19.634148 -5.304878 4.512195	
2022-08-21-19:38:24-927 -0.77685547 0.8671875 -0.14746094 12.317074 17.134148 -9.02439	
2022-08-21-19:38:24-928 -0.7324219 0.796875 -0.17041016 5.304878 37.317074 -21.463415	
2022-08-21-19:38:24-930 -0.69140625 0.7104492 -0.1928711 7.865854 19.512196 -11.646341	
2022-08-21-19:38:24-931 -0.79345703 0.69140625 -0.15966797 16.158537 -7.987805 -0.06097561	
2022-08-21-19:38:24-933 -0.67626953 0.7265625 -0.22705078 15.304878 -7.5609756 -3.7195122	
2022-08-21-19:38:24-934 -0.5541992 0.7661133 -0.296875 3.5365853 22.92683 -13.109756	
2022-08-21-19:38:24-935 -0.5410156 0.7128906 -0.3022461 -0.24390244 16.82927 -14.756098	
2022-08-21-19:38:24-938 -0.6323242 0.6567383 -0.3173828 11.341464 -10.060976 -1.6463414	
2022-08-21-19:38:24-947 0 0 0 0 0 1000	
2022-08-21-19:38:25-986 0 0 0 0 0 1000	
2022-08-21-19:38:26-162 -0.7260742 0.6074219 -0.3125 0.91463417 -5.670732 -6.402439	
2022-08-21-19:38:26-164 -0.75634766 0.5727539 -0.3251953 -1.8902439 -5.792683 -6.097561	
2022-08-21-19:38:26-165 -0.8120117 0.53515625 -0.32763672 -6.7073174 -5.609756 -6.8292685	
2022-08-21-19:38:26-167 -0.79345703 0.5415039 -0.2890625 -19.390244 -13.292684 -5.182927	
2022-08-21-19:38:26-169 -0.72314453 0.6376953 -0.25195312 -33.780487 -27.37805 -5.304878	
2022-08-21-19:38:26-170 -0.7607422 0.81689453 -0.2578125 -28.414635 -28.47561 -15.914635	
2022-08-21-19:38:26-173 -0.77685547 1.1103516 -0.29101562 -23.719513 -12.256098 -25.182928	
2022-08-21-19:38:26-175 -0.80810547 1.4492188 -0.15771484 -23.292683 -2.5609756 -18.292683	
2022-08-21-19:38:26-179 -0.9785156 1.762207 -0.12011719 -24.45122 -4.3292685 -8.47561	
2022-08-21-19:38:26-183 -1.0766602 2.100586 0.061523438 -17.621952 -38.963417 -8.47561	
2022-08-21-19:38:26-185 -0.89941406 2.340332 0.13183594 -7.012195 -80.60976 -12.987805	
2022-08-21-19:38:26-188 -0.92626953 2.3759766 0.25146484 -8.658537 -102.80488 -23.536587	
2022-08-21-19:38:26-190 -0.5444336 2.1782227 0.028808594 4.1463413 -103.71951 -59.08537	
2022-08-21-19:38:26-193 -0.7246094 2.0356445 0.01171875 16.707317 -82.5 -77.13415	
2022-08-21-19:38:26-195 -0.91308594 1.7202148 0.17822266 8.170732 -124.451225 -107.926834	
2022-08-21-19:38:26-197 -0.79003906 1.4106445 0.29296875 -10.97561 -99.5122 -149.69513	
2022-08-21-19:38:26-497 -0.3647461 0.51416016 -0.03466797 -9.634147 -102.5 -167.07318	
2022-08-21-19:38:26-501 -0.5932617 -0.34765625 0.2084961 37.317074 -172.01219 -163.65854	
2022-08-21-19:38:26-506 -0.20800781 -1.5200195 0.2553711 66.21951 -167.92683 -178.53659	
2022-08-21-19:38:26-509 -0.47558594 -2.387207 -0.37939453 73.71951 -33.963417 -206.46342	
2022-08-21-19:38:26-514 -0.6713867 -2.0947266 -0.98779297 120.30488 105.67073 -141.95122	
2022-08-21-19:38:26-518 -0.7397461 -0.63720703 -1.5654297 160.60976 276.52438 43.292683	
2022-08-21-19:38:26-522 0.67089844 1.3583984 -0.6879883 53.719513 315.67075 106.46342	
2022-08-21-19:38:26-529 -1.5913086 -0.17041016 0.119140625 -61.341465 93.04878 55.548782	
2022-08-21-19:38:26-532 0.5917969 1.1865234 0.9379883 -2.195122 -320.60977 -12.621951	
2022-08-21-19:38:26-535 -0.095703125 0.85791016 -0.24707031 -26.768293 -335.2439 -28.04878	
2022-08-21-19:38:26-541 0.13232422 1.1230469 0.33789062 48.414635 -157.01219 -28.658537	
2022-08-21-19:38:26-545 -0.96533203 1.2060547 0.104003906 42.92683 190.12195 -2.378049	
2022-08-21-19:38:26-554 -1.8955078 1.4277344 -0.022949219 47.560978 220.30489 -0.18292683	
2022-08-21-19:38:26-561 -1.640625 1.371582 -0.030761719 19.024391 56.40244 -18.658537	
2022-08-21-19:38:26-564 -0.86865234 1.0019531 -0.115722656 -15.792684 -59.7561 -25.182928	
2022-08-21-19:38:26-569 -0.3984375 0.43115234 -0.12988281 -52.80488 -45.85366 -27.804878	
2022-08-21-19:38:26-849 -0.24658203 -0.107421875 0.095214844 -37.19512 -40.30488 -35.243904	
2022-08-21-19:38:26-854 -0.104003906 -0.36083984 0.0146484375 -30.914635 -28.841465 -35.182926	
2022-08-21-19:38:26-860 -0.12011719 -0.18066406 -0.072265625 -49.268295 -10.54878 -6.4634147	
2022-08-21-19:38:26-864 -0.4248047 -0.08984375 -0.12695312 -30.060976 -22.987806 24.87805	
2022-08-21-19:38:26-868 -0.4560547 -0.026855469 -0.23876953 -2.9268293 -50.42683 29.87805	
2022-08-21-19:38:26-871 -0.29638672 0.017089844 -0.27685547 -17.256098 -19.695122 12.804878	
2022-08-21-19:38:26-876 -0.72314453 -0.80908203 -0.30859375 -63.23171 13.963415 3.0487804	
2022-08-21-19:38:26-885 -0.9140625 -0.54248047 -0.21923828 -59.268295 19.695122 35.73171	
2022-08-21-19:38:26-889 -1.4086914 -0.95654297 0.29785156 -32.012196 -5.8536587 52.743904	
2022-08-21-19:38:26-894 -1.6489258 -0.54589844 0.28173828 4.268293 -2.1341465 28.658537	
2022-08-21-19:38:26-899 -1.8051758 0.18457031 0.057128906 14.146341 74.81708 14.756098	
2022-08-21-19:38:26-903 -2.130371 0.21240234 -0.109375 10.182927 132.62195 25.121952	
2022-08-21-19:38:26-908 -2.3291016 -0.16015625 -0.33984375 2.8658538 108.10976 22.682928	
2022-08-21-19:38:26-912 -1.6240234 -0.09277344 -0.5161133 18.963415 61.341465 -3.3536587	
2022-08-21-19:38:26-920 -1.3793945 -0.26513672 -0.5410156 1.4634147 46.95122 -10.426829	
2022-08-21-19:38:26-927 -1.2758789 -0.45751953 -0.36914062 -5.0609756 -4.878049 -12.256098	
2022-08-21-19:38:27-124 -0.91845703 -0.25097656 -0.20507812 -7.012195 -49.45122 -2.378049	
2022-08-21-19:38:27-129 -0.8515625 -0.25195312 -0.20263672 -8.780488 -54.939026 -0.24390244	
2022-08-21-19:38:27-132 -0.8754883 -0.018066406 -0.021972656 -0.9756098 -28.231709 -4.085366	
2022-08-21-19:38:27-136 -0.92871094 0.049316406 -0.118652344 11.036586 -19.817074 -7.1341467	
2022-08-21-19:38:27-140 -0.8779297 0.10498047 -0.12841797 20.487804 -18.231709 -0.6097561	
2022-08-21-19:38:27-145 -1.0014648 0.027832031 -0.15917969 1.9512196 7.9268293 1.7682927	
2022-08-21-19:38:27-150 -1.0634766 -4.8828125E-4 -0.1875 -6.097561 16.890244 -0.79268295	
2022-08-21-19:38:27-155 -0.984375 -0.12207031 -0.21923828 -1.8902439 -12.621951 -5.2439027	
2022-08-21-19:38:27-160 -0.85302734 -0.17236328 -0.17822266 3.5975611 -16.707317 2.012195	
2022-08-21-19:38:27-164 -1.0986328 -0.18115234 -0.1694336 -7.5609756 27.317074 13.353659	
2022-08-21-19:38:27-167 -1.3183594 -0.23535156 -0.109375 -11.158537 39.02439 10.54878	
2022-08-21-19:38:27-170 -1.2348633 -0.11376953 -0.13378906 -3.4756098 4.268293 4.390244	
2022-08-21-19:38:27-174 -1.2021484 -0.026855469 -0.2006836 -4.512195 4.6951222 10.609756	
2022-08-21-19:38:27-177 -1.3691406 -0.24414062 -0.2578125 -9.268292 48.414635 14.268293	
2022-08-21-19:38:27-182 -1.3999023 -0.40576172 -0.17578125 -7.256098 73.84147 20.121952	
2022-08-21-19:38:27-190 -1.4492188 -0.25878906 -0.109375 -12.804878 64.57317 29.45122	
2022-08-21-19:38:27-430 -1.2182617 -0.25976562 -0.16308594 -26.40244 45.0 30.0	
2022-08-21-19:38:27-435 -0.9550781 -0.3203125 -0.26611328 -35.365856 60.914635 42.134148	
2022-08-21-19:38:27-438 -0.69189453 -0.39648438 -0.2421875 -44.268295 86.03659 54.146343	
2022-08-21-19:38:27-442 -0.58984375 -0.4501953 -0.18066406 -68.597565 92.80488 67.31708	
2022-08-21-19:38:27-447 -0.6123047 -0.28466797 -0.064453125 -92.37805 63.35366 77.5	
2022-08-21-19:38:27-450 -0.5385742 -0.24414062 -0.034179688 -105.54878 -16.341463 80.85366	
2022-08-21-19:38:27-457 -0.36132812 -0.10888672 -0.23583984 -94.57317 -60.42683 82.31708	
2022-08-21-19:38:27-461 -0.19433594 0.14013672 -0.35546875 -61.890244 -55.18293 88.96342	
2022-08-21-19:38:27-465 -0.22265625 0.27441406 -0.5341797 -24.146341 -22.256098 100.0	
2022-08-21-19:38:27-469 -0.37304688 0.5078125 -0.44482422 9.634147 30.182928 106.34147	
2022-08-21-19:38:27-473 -0.5258789 0.7919922 -0.41357422 5.914634 68.96342 93.65854	
2022-08-21-19:38:27-477 -0.45117188 0.8769531 -0.47998047 -14.3902445 85.18293 84.02439	
2022-08-21-19:38:27-482 -0.60546875 0.9628906 -0.56347656 -29.207317 70.79269 87.86585	
2022-08-21-19:38:27-488 -0.6381836 1.0273438 -0.4921875 -23.04878 13.536586 79.268295	
2022-08-21-19:38:27-491 -0.73046875 0.9814453 -0.49169922 -30.670732 -4.6951222 45.670734	
2022-08-21-19:38:27-495 -0.6748047 0.97802734 -0.39941406 -23.59756 -52.19512 37.378048	
2022-08-21-19:38:27-784 -0.81591797 0.95410156 -0.24707031 -10.792684 -66.46342 22.621952	
2022-08-21-19:38:27-789 -0.68359375 1.0341797 -0.024902344 -1.097561 -74.81708 27.804878	
2022-08-21-19:38:27-794 -0.7709961 1.1660156 0.040527344 -0.9756098 -46.82927 21.341463	
2022-08-21-19:38:27-798 -0.578125 1.3334961 0.1538086 4.878049 -49.146343 34.634148	
2022-08-21-19:38:27-801 -0.61083984 1.3466797 0.16210938 8.841464 -25.853659 17.865854	
2022-08-21-19:38:27-806 -0.44921875 1.3076172 0.21386719 19.146341 -13.841464 17.5	
2022-08-21-19:38:27-809 -0.52001953 1.2680664 0.103515625 13.719513 1.5243902 7.1341467	
2022-08-21-19:38:27-813 -0.6171875 1.2763672 -0.015136719 24.085367 7.682927 12.5	
2022-08-21-19:38:27-819 -0.65478516 1.199707 -0.11328125 29.512196 15.426829 22.5	
2022-08-21-19:38:27-823 -0.609375 1.1533203 -0.07910156 35.609756 26.82927 21.40244	
2022-08-21-19:38:27-827 -0.66308594 0.9814453 -0.17285156 18.963415 30.54878 10.609756	
2022-08-21-19:38:27-830 -0.6484375 0.89160156 -0.18017578 14.329268 41.463417 12.987805	
2022-08-21-19:38:27-834 -0.5942383 0.8613281 -0.17480469 19.512196 44.512196 13.841464	
2022-08-21-19:38:27-838 -0.6064453 0.8701172 -0.061035156 30.42683 35.97561 10.54878	
2022-08-21-19:38:27-842 -0.7104492 0.8535156 -0.05078125 16.463415 30.060976 6.9512196	
2022-08-21-19:38:27-846 -0.6699219 0.7915039 -0.09863281 10.731708 23.536587 1.6463414	
2022-08-21-19:38:27-963 0 0 0 0 0 1000	
