2022-08-21-19:37:49-850 0 0 0 0 0 1000	
2022-08-21-19:37:50-648 -0.026367188 -0.0146484375 -0.9707031 -0.6097561 0.9756098 -0.4878049	
2022-08-21-19:37:50-655 -0.032714844 -0.012207031 -0.96777344 0.06097561 1.0365853 -0.6097561	
2022-08-21-19:37:50-661 -0.03173828 -0.013671875 -0.9819336 -0.18292683 0.5487805 -0.6097561	
2022-08-21-19:37:50-665 -0.030761719 -0.015136719 -0.9790039 -0.24390244 0.36585367 -0.6707317	
2022-08-21-19:37:50-668 -0.028808594 -0.014160156 -0.97558594 -0.73170733 0.6097561 -0.42682928	
2022-08-21-19:37:50-672 -0.029785156 -0.013183594 -0.9658203 -0.79268295 0.6707317 -0.42682928	
2022-08-21-19:37:50-678 -0.030273438 -0.010253906 -0.9868164 -0.12195122 -0.06097561 -0.36585367	
2022-08-21-19:37:50-683 -0.026855469 -0.015625 -0.9692383 0.42682928 -0.30487806 -0.5487805	
2022-08-21-19:37:50-687 -0.030761719 -0.0126953125 -0.9770508 0.79268295 0.36585367 -0.6097561	
2022-08-21-19:37:50-694 -0.026855469 -0.0146484375 -0.9863281 0.85365856 -1.5853659 -0.5487805	
2022-08-21-19:37:50-699 -0.027832031 -0.017089844 -0.96875 0.85365856 -2.378049 -0.5487805	
2022-08-21-19:37:50-704 -0.034179688 -0.016113281 -0.9765625 0.73170733 -0.91463417 -0.4878049	
2022-08-21-19:37:50-710 -0.030761719 -0.013671875 -0.97753906 0.5487805 -0.36585367 -0.5487805	
2022-08-21-19:37:50-715 -0.03515625 -0.017089844 -0.9794922 0.36585367 0.12195122 -0.6097561	
2022-08-21-19:37:50-720 -0.030761719 -0.018554688 -0.97265625 -0.42682928 0.79268295 -0.6097561	
2022-08-21-19:37:50-725 -0.029785156 -0.013183594 -0.98046875 -0.6707317 1.5243902 -0.4878049	
2022-08-21-19:37:50-828 -0.03125 -0.0126953125 -0.9716797 -0.73170733 1.4634147 -0.36585367	
2022-08-21-19:37:50-834 -0.02734375 -0.014160156 -0.9824219 -1.2195122 1.0365853 -0.4878049	
2022-08-21-19:37:50-839 -0.027832031 -0.015136719 -0.96972656 -0.85365856 -2.5 -0.5487805	
2022-08-21-19:37:50-845 -0.037109375 -0.01171875 -0.9741211 -1.6463414 -1.2195122 -0.42682928	
2022-08-21-19:37:50-852 -0.027832031 -0.013183594 -0.97314453 -0.9756098 0.0 -0.5487805	
2022-08-21-19:37:50-857 -0.03125 -0.0126953125 -0.96777344 -1.097561 1.0365853 -0.6097561	
2022-08-21-19:37:50-861 -0.03173828 -0.014160156 -0.96240234 -0.5487805 0.36585367 -0.79268295	
2022-08-21-19:37:50-865 -0.034179688 -0.011230469 -0.9785156 -0.6707317 0.36585367 -0.5487805	
2022-08-21-19:37:50-868 -0.030761719 -0.0146484375 -0.98095703 -0.73170733 0.42682928 -0.4878049	
2022-08-21-19:37:50-873 -0.030761719 -0.013183594 -0.9765625 -0.73170733 0.79268295 -0.42682928	
2022-08-21-19:37:50-877 -0.033691406 -0.012207031 -0.9790039 -0.6097561 0.42682928 -0.36585367	
2022-08-21-19:37:50-881 -0.025878906 -0.015136719 -0.9765625 -0.5487805 -0.42682928 -0.36585367	
2022-08-21-19:37:50-887 -0.033203125 -0.013183594 -0.97021484 -1.1585366 -0.36585367 -0.36585367	
2022-08-21-19:37:50-893 -0.037597656 -0.0107421875 -0.98291016 -1.2804878 0.6097561 -0.4878049	
2022-08-21-19:37:50-897 -0.028808594 -0.012207031 -0.9716797 -0.79268295 0.6707317 -0.5487805	
2022-08-21-19:37:50-900 -0.029785156 -0.010253906 -0.9663086 -0.73170733 0.6097561 -0.5487805	
2022-08-21-19:37:50-985 -0.03125 -0.013183594 -0.9863281 -0.42682928 -0.30487806 -0.5487805	
2022-08-21-19:37:50-994 -0.032226562 -0.01171875 -0.9692383 -0.6707317 -0.4878049 -0.4878049	
2022-08-21-19:37:51-003 -0.036621094 -0.009765625 -0.97558594 -0.6707317 0.73170733 -0.6707317	
2022-08-21-19:37:51-008 -0.029785156 -0.011230469 -0.97753906 -0.5487805 0.73170733 -0.4878049	
2022-08-21-19:37:51-014 -0.024902344 -0.011230469 -0.97021484 -0.30487806 -1.2195122 -0.6707317	
2022-08-21-19:37:51-020 -0.03466797 -0.0087890625 -0.97802734 -0.4878049 -0.9756098 -0.4878049	
2022-08-21-19:37:51-027 -0.03515625 -0.009277344 -0.9794922 -0.36585367 -0.6097561 -0.5487805	
2022-08-21-19:37:51-030 -0.03125 -0.011230469 -0.97021484 -0.24390244 0.06097561 -0.5487805	
2022-08-21-19:37:51-036 -0.032226562 -0.009765625 -0.96972656 -0.18292683 0.4878049 -0.4878049	
2022-08-21-19:37:51-040 -0.03125 -0.0107421875 -0.99121094 -0.18292683 -0.85365856 -0.5487805	
2022-08-21-19:37:51-044 -0.028320312 -0.013183594 -0.97021484 -0.42682928 -1.8902439 -0.42682928	
2022-08-21-19:37:51-049 -0.036132812 -0.005859375 -0.97216797 -0.9756098 -0.42682928 -0.42682928	
2022-08-21-19:37:51-054 -0.032226562 -0.0068359375 -0.97509766 -0.4878049 0.6097561 -0.6707317	
2022-08-21-19:37:51-061 -0.030273438 -0.0073242188 -0.97509766 0.0 0.12195122 -0.4878049	
2022-08-21-19:37:51-066 -0.03515625 -0.009277344 -0.98876953 0.5487805 -0.42682928 -0.6097561	
2022-08-21-19:37:51-071 -0.03515625 -0.0107421875 -0.96777344 -0.12195122 -0.18292683 -0.4878049	
2022-08-21-19:37:51-181 -0.03466797 -0.0043945312 -0.9794922 -0.18292683 0.4878049 -0.4878049	
2022-08-21-19:37:51-186 -0.033691406 -0.0107421875 -0.9736328 -0.06097561 0.73170733 -0.6097561	
2022-08-21-19:37:51-193 -0.029785156 -0.0107421875 -0.97021484 0.12195122 0.4878049 -0.42682928	
2022-08-21-19:37:51-198 -0.033203125 -0.008300781 -0.9785156 -0.12195122 0.42682928 -0.5487805	
2022-08-21-19:37:51-201 -0.03173828 -0.009277344 -0.9716797 -0.42682928 0.6097561 -0.5487805	
2022-08-21-19:37:51-206 -0.027832031 -0.0107421875 -0.9638672 -0.6097561 0.6707317 -0.4878049	
2022-08-21-19:37:51-216 -0.03564453 -0.0087890625 -0.9951172 -0.4878049 -0.42682928 -0.4878049	
2022-08-21-19:37:51-222 -0.027832031 -0.009765625 -0.96484375 -0.73170733 -0.91463417 -0.4878049	
2022-08-21-19:37:51-227 -0.036621094 -0.0068359375 -0.95654297 -0.91463417 0.85365856 -0.36585367	
2022-08-21-19:37:51-232 -0.03173828 -0.00390625 -0.9921875 -0.12195122 1.8902439 -0.6097561	
2022-08-21-19:37:51-237 -0.029296875 -0.009765625 -0.97802734 0.18292683 1.8902439 -0.6097561	
2022-08-21-19:37:51-241 -0.03125 -0.0078125 -0.97314453 -0.36585367 2.8658538 -0.5487805	
2022-08-21-19:37:51-245 -0.028320312 -0.008300781 -0.9765625 -0.73170733 3.1707318 -0.5487805	
2022-08-21-19:37:51-250 -0.029785156 -0.0073242188 -0.96728516 -0.9756098 3.0487804 -0.42682928	
2022-08-21-19:37:51-254 -0.030273438 -0.0073242188 -0.9892578 -0.6097561 2.5 -0.5487805	
2022-08-21-19:37:51-261 -0.034179688 -0.0029296875 -1.0004883 -0.18292683 2.1341465 -0.6707317	
2022-08-21-19:37:51-352 -0.017578125 -0.0107421875 -1.0068359 0.6097561 1.097561 -0.36585367	
2022-08-21-19:37:51-360 -0.033203125 -0.0048828125 -0.9975586 -0.91463417 0.12195122 -0.24390244	
2022-08-21-19:37:51-365 -0.034179688 9.765625E-4 -1.0336914 -1.7073171 0.30487806 -0.12195122	
2022-08-21-19:37:51-369 -0.025878906 0.0024414062 -1.0200195 -0.85365856 -1.5853659 -0.12195122	
2022-08-21-19:37:51-372 -0.03125 -9.765625E-4 -1.0019531 -0.36585367 -4.9390244 -0.6707317	
2022-08-21-19:37:51-376 -0.03857422 -0.014160156 -1.0258789 2.2560976 -7.9268293 -0.5487805	
2022-08-21-19:37:51-380 -0.02734375 -0.0078125 -0.97558594 10.060976 -13.963415 0.18292683	
2022-08-21-19:37:51-385 -0.25 -0.23144531 -0.9448242 8.04878 -14.878049 4.2073174	
2022-08-21-19:37:51-389 -0.06347656 -0.16894531 -1.1777344 41.52439 -34.939026 36.82927	
2022-08-21-19:37:51-392 0.2529297 -0.03515625 -1.2607422 70.18293 -22.195122 36.707317	
2022-08-21-19:37:51-396 0.48388672 0.29736328 -1.2504883 1.402439 27.5 10.243902	
2022-08-21-19:37:51-401 0.52001953 -0.111816406 -1.0371094 -31.524391 25.792683 0.0	
2022-08-21-19:37:51-404 0.66796875 0.12451172 -1.074707 -14.085366 15.426829 3.1707318	
2022-08-21-19:37:51-412 0.82421875 0.07714844 -1.1206055 -39.512196 1.7073171 -15.853659	
2022-08-21-19:37:51-417 1.0717773 -0.063964844 -1.0947266 -45.365856 12.378049 -47.073174	
2022-08-21-19:37:51-423 1.3334961 -0.19970703 -1.0615234 -40.670734 22.195122 -63.048782	
2022-08-21-19:37:51-513 1.6123047 -0.046875 -1.168457 -33.47561 39.268295 -59.939026	
2022-08-21-19:37:51-518 1.887207 -0.071777344 -1.2197266 -43.475613 67.98781 -62.68293	
2022-08-21-19:37:51-523 2.0112305 -0.2939453 -1.2275391 -46.768295 104.7561 -61.28049	
2022-08-21-19:37:51-533 2.0405273 -0.44921875 -1.1782227 -36.15854 144.87805 -32.5	
2022-08-21-19:37:51-537 2.0229492 -0.4453125 -1.2124023 -23.59756 182.2561 7.0731707	
2022-08-21-19:37:51-542 1.9418945 -0.2919922 -1.215332 -5.4268293 220.85367 25.54878	
2022-08-21-19:37:51-546 1.7563477 -0.08154297 -1.2387695 18.90244 257.19513 20.121952	
2022-08-21-19:37:51-550 1.5185547 0.12841797 -1.2563477 33.59756 282.37805 9.634147	
2022-08-21-19:37:51-554 1.2719727 0.32128906 -1.2626953 31.09756 304.32928 4.5731707	
2022-08-21-19:37:51-558 1.0625 0.32617188 -1.1704102 10.060976 318.90244 10.0	
2022-08-21-19:37:51-562 0.7993164 0.21826172 -1.0942383 -6.9512196 322.92685 8.170732	
2022-08-21-19:37:51-565 0.24658203 -0.19921875 -0.921875 -15.914635 321.09756 -26.40244	
2022-08-21-19:37:51-574 -0.99072266 -0.9838867 -0.3017578 0.36585367 275.7927 -90.914635	
2022-08-21-19:37:51-580 -2.0771484 -0.89697266 0.0063476562 77.560974 174.69513 -138.84146	
2022-08-21-19:37:51-588 -2.8813477 -0.5942383 -0.40576172 130.18292 65.0 -109.81708	
2022-08-21-19:37:51-592 -4.0078125 0.7036133 -1.2763672 126.585365 -16.95122 -30.060976	
2022-08-21-19:37:51-860 -4.6137695 0.84277344 -2.024414 57.865856 -140.85367 43.35366	
2022-08-21-19:37:51-865 -4.763672 -0.6035156 -1.9135742 -1.402439 -243.10976 74.085365	
2022-08-21-19:37:51-868 -0.021972656 0.5185547 -2.7978516 0.24390244 -332.07318 128.10976	
2022-08-21-19:37:51-872 7.5185547 -0.5991211 -1.0151367 -18.963415 -281.64636 -61.09756	
2022-08-21-19:37:51-876 -4.942871 -0.08251953 -5.459961 8.47561 -1207.4391 -104.5122	
2022-08-21-19:37:51-880 -1.5688477 0.48876953 -4.3061523 298.84146 -430.06097 -66.46342	
2022-08-21-19:37:51-887 0.015136719 -0.61865234 -2.081543 -84.268295 7.6219516 5.4268293	
2022-08-21-19:37:51-892 0.42773438 0.5727539 0.15332031 -13.902439 -68.53659 5.182927	
2022-08-21-19:37:51-897 -0.38085938 -0.4560547 -0.4609375 36.95122 -55.487804 6.402439	
2022-08-21-19:37:51-901 -0.06933594 0.14941406 -1.215332 29.87805 -48.963417 4.634146	
2022-08-21-19:37:51-908 -0.029296875 -0.23046875 -1.2226562 63.90244 -46.890244 -4.4512196	
2022-08-21-19:37:51-913 0.0068359375 -0.140625 -1.0302734 -10.731708 -41.768295 9.695122	
2022-08-21-19:37:51-920 -0.05078125 -0.014160156 -0.81591797 -11.585366 -32.865856 10.060976	
2022-08-21-19:37:51-924 -0.02734375 -0.12109375 -0.6904297 -12.134147 15.609756 2.804878	
2022-08-21-19:37:51-933 -9.765625E-4 -0.0146484375 -1.1362305 6.8292685 34.390244 4.268293	
2022-08-21-19:37:51-938 0.041503906 -0.043945312 -1.0795898 37.621952 -18.47561 -1.4634147	
2022-08-21-19:37:52-161 -0.06542969 -0.23144531 -1.1259766 0.73170733 -44.573174 -1.4634147	
2022-08-21-19:37:52-166 -0.05810547 -0.12451172 -0.79003906 -25.731709 -43.841465 2.804878	
2022-08-21-19:37:52-172 -0.052246094 -0.056152344 -0.8491211 -20.609756 -14.573171 6.8292685	
2022-08-21-19:37:52-176 -0.053710938 -0.023925781 -0.8808594 -3.1097562 17.987804 2.9268293	
2022-08-21-19:37:52-181 -0.049316406 -0.056640625 -1.003418 18.963415 27.682928 -0.91463417	
2022-08-21-19:37:52-186 -0.0126953125 -0.104003906 -1.012207 31.646341 18.231709 -4.634146	
2022-08-21-19:37:52-195 -0.024414062 -0.125 -1.0048828 22.621952 14.45122 -4.1463413	
2022-08-21-19:37:52-200 -0.027832031 -0.13134766 -0.96972656 12.926829 14.268293 -3.0487804	
2022-08-21-19:37:52-205 -0.0043945312 -0.16455078 -0.9941406 -0.4878049 10.670732 -2.804878	
2022-08-21-19:37:52-209 0.0087890625 -0.12792969 -0.9995117 -21.524391 -1.7073171 0.4878049	
2022-08-21-19:37:52-214 -0.016113281 -0.103515625 -0.9765625 -23.780489 -10.0 1.2195122	
2022-08-21-19:37:52-218 -0.020507812 -0.080078125 -0.9609375 -17.987804 -3.9634147 0.9756098	
2022-08-21-19:37:52-222 -0.020507812 -0.091796875 -0.97314453 -15.487805 -4.2073174 -0.24390244	
2022-08-21-19:37:52-229 -0.02734375 -0.087890625 -0.9951172 -18.90244 -6.158537 -0.06097561	
2022-08-21-19:37:52-233 -0.033203125 -0.07519531 -0.97753906 -23.109756 -10.365854 1.2195122	
2022-08-21-19:37:52-238 -0.028808594 -0.05908203 -0.953125 -22.256098 -7.6219516 2.378049	
2022-08-21-19:37:52-483 -0.028808594 -0.056640625 -0.9838867 -18.414635 -8.04878 2.4390244	
2022-08-21-19:37:52-487 -0.037109375 -0.07128906 -0.9794922 -24.45122 -12.134147 3.5975611	
2022-08-21-19:37:52-492 -0.047851562 -0.018554688 -0.9663086 -21.158537 -9.817074 3.6585367	
2022-08-21-19:37:52-496 -0.044921875 -0.032714844 -0.94970703 -16.09756 -4.1463413 2.9268293	
2022-08-21-19:37:52-501 -0.037109375 -0.009277344 -0.96533203 -12.560976 -1.8292683 3.0487804	
2022-08-21-19:37:52-506 -0.044433594 -0.017578125 -0.9819336 -9.3902445 0.73170733 2.195122	
2022-08-21-19:37:52-513 -0.033691406 -0.040527344 -1.0151367 -13.963415 1.5853659 2.987805	
2022-08-21-19:37:52-519 -0.056640625 -0.027832031 -0.9892578 -19.32927 1.8292683 6.2195125	
2022-08-21-19:37:52-523 -0.044433594 0.0014648438 -0.9628906 -16.95122 2.012195 9.3902445	
2022-08-21-19:37:52-528 -0.052246094 0.05517578 -0.9057617 -9.695122 3.4756098 8.902439	
2022-08-21-19:37:52-532 -0.036132812 0.041992188 -0.96777344 -3.8414636 4.2073174 2.2560976	
2022-08-21-19:37:52-537 -0.04345703 -0.005859375 -1.0087891 -6.4634147 2.8658538 1.5243902	
2022-08-21-19:37:52-541 -0.036132812 0.0053710938 -0.97558594 -6.8292685 -0.9756098 4.2073174	
2022-08-21-19:37:52-546 -0.044433594 0.014160156 -0.9589844 -2.378049 -1.097561 4.9390244	
2022-08-21-19:37:52-554 -0.047851562 0.06347656 -0.92626953 -1.7073171 1.2804878 3.5975611	
2022-08-21-19:37:52-559 -0.038085938 0.053710938 -0.9951172 1.7073171 2.1341465 0.4878049	
2022-08-21-19:37:52-778 -0.04345703 0.0034179688 -0.9794922 -0.73170733 2.5609756 -0.36585367	
2022-08-21-19:37:52-783 -0.023925781 0.033691406 -0.98339844 1.097561 -1.5853659 0.0	
2022-08-21-19:37:52-788 -0.022949219 0.013671875 -1.0112305 5.609756 -7.012195 -1.7073171	
2022-08-21-19:37:52-792 -0.03955078 0.01171875 -0.99902344 2.317073 -9.3902445 -0.85365856	
2022-08-21-19:37:52-797 -0.04736328 -0.045410156 -0.9609375 -1.7682927 -9.02439 2.012195	
2022-08-21-19:37:52-801 -0.06298828 0.012207031 -0.95703125 -4.512195 -4.9390244 8.170732	
2022-08-21-19:37:52-805 -0.045410156 0.015136719 -1.0424805 -9.329268 -6.890244 5.670732	
2022-08-21-19:37:52-808 -0.068847656 -0.047851562 -1.0004883 -15.6707325 -12.012196 10.182927	
2022-08-21-19:37:52-813 -0.048339844 0.041992188 -0.98291016 -16.036585 -16.646341 16.95122	
2022-08-21-19:37:52-820 -0.052246094 0.19140625 -0.9423828 -9.573171 -13.719513 9.695122	
2022-08-21-19:37:52-826 -0.060546875 0.08105469 -0.95703125 -0.4878049 -12.926829 -5.7317076	
2022-08-21-19:37:52-832 -0.064941406 0.028320312 -0.99365234 2.0731707 -11.219512 -7.682927	
2022-08-21-19:37:52-836 -0.068359375 9.765625E-4 -0.93115234 3.1707318 -6.158537 -5.5487804	
2022-08-21-19:37:52-840 -0.09814453 0.0 -0.91552734 -1.2804878 1.097561 3.902439	
2022-08-21-19:37:52-845 -0.045410156 0.16552734 -0.8666992 0.18292683 12.378049 -1.8902439	
2022-08-21-19:37:52-853 -0.06201172 0.017578125 -1.0053711 11.402439 20.609756 -12.743903	
2022-08-21-19:37:53-070 -0.087890625 -0.057617188 -1.0380859 14.207317 18.841463 -4.3292685	
2022-08-21-19:37:53-075 0.005859375 -4.8828125E-4 -1.0195312 7.5609756 15.54878 4.1463413	
2022-08-21-19:37:53-080 -0.03955078 0.11425781 -0.8911133 9.756098 29.634148 0.79268295	
2022-08-21-19:37:53-086 -0.13134766 0.012207031 -0.8701172 24.32927 54.7561 -10.182927	
2022-08-21-19:37:53-091 -0.07714844 0.0029296875 -1.0268555 26.646341 94.63415 -9.878049	
2022-08-21-19:37:53-096 0.42285156 -0.25341797 -1.3740234 26.463415 107.19512 -14.02439	
2022-08-21-19:37:53-101 -1.2807617 0.029296875 -2.4960938 -89.939026 110.54878 -28.292683	
2022-08-21-19:37:53-105 -0.5004883 -0.2763672 -3.165039 -91.70732 536.21954 -64.5122	
2022-08-21-19:37:53-108 -0.76904297 -0.140625 -3.1401367 -153.10976 544.5122 3.9634147	
2022-08-21-19:37:53-112 -1.9697266 1.1738281 -0.48535156 -90.30488 289.14636 -12.073171	
2022-08-21-19:37:53-118 -8.92627 -2.9570312 1.309082 34.878048 -41.463417 130.30489	
2022-08-21-19:37:53-121 -2.6010742 2.1298828 -3.4208984 423.10977 -449.87805 192.56097	
2022-08-21-19:37:53-126 -1.7861328 0.61621094 -2.9072266 -153.53659 -339.5122 -153.65854	
2022-08-21-19:37:53-133 -1.3442383 -1.5991211 -2.7226562 -78.84147 -427.2561 -205.7317	
2022-08-21-19:37:53-138 0.44384766 -1.2597656 -2.5239258 125.67074 -470.7927 -94.939026	
2022-08-21-19:37:53-143 1.5385742 -0.30419922 -2.0058594 141.28049 -422.2561 36.768295	
2022-08-21-19:37:53-436 2.0371094 0.4711914 -1.6254883 65.67073 -365.2439 130.85367	
2022-08-21-19:37:53-442 4.0825195 0.81933594 -1.1884766 -33.780487 -352.2561 177.43903	
2022-08-21-19:37:53-444 5.395996 -0.9277344 -0.7973633 -117.19512 -48.90244 133.65854	
2022-08-21-19:37:53-447 7.463867 -1.5761719 -0.87060547 -45.30488 3.8414636 159.14635	
2022-08-21-19:37:53-450 1.3071289 3.319336 -3.350586 115.243904 393.7805 195.54878	
2022-08-21-19:37:53-454 -0.5883789 -0.5151367 -1.6455078 5.670732 227.56097 16.707317	
2022-08-21-19:37:53-456 0.07910156 0.33398438 -1.5258789 25.121952 173.2927 -9.329268	
2022-08-21-19:37:53-460 -0.14111328 -0.07861328 -1.7387695 32.012196 111.15854 -21.158537	
2022-08-21-19:37:53-462 -0.1616211 -0.21191406 -1.3979492 -7.1951222 35.243904 10.609756	
2022-08-21-19:37:53-464 -0.076171875 0.072753906 -0.96972656 -24.634148 0.4878049 24.634148	
2022-08-21-19:37:53-466 -0.118652344 0.15136719 -0.734375 -14.02439 10.853659 14.207317	
2022-08-21-19:37:53-468 -0.11230469 0.061523438 -0.70947266 3.8414636 28.47561 1.9512196	
2022-08-21-19:37:53-469 -0.13574219 0.1171875 -0.8964844 16.219513 55.060978 2.012195	
2022-08-21-19:37:53-471 -0.03564453 0.0048828125 -1.3056641 51.463417 38.59756 -13.719513	
2022-08-21-19:37:53-475 -0.053222656 -0.05908203 -1.1030273 21.341463 21.219513 -6.8292685	
2022-08-21-19:37:53-477 -0.0390625 -0.014160156 -1.0688477 4.085366 8.780488 -1.1585366	
2022-08-21-19:37:53-484 0 0 0 0 0 1000	
2022-08-21-19:37:55-497 0 0 0 0 0 1000	
2022-08-21-19:37:55-628 -0.03955078 -0.009277344 -0.984375 -2.012195 2.8658538 -0.42682928	
2022-08-21-19:37:55-630 -0.046875 -0.0053710938 -0.9916992 -2.5 1.5853659 -0.42682928	
2022-08-21-19:37:55-631 -0.033691406 -0.008300781 -0.9790039 -2.2560976 0.91463417 -0.24390244	
2022-08-21-19:37:55-634 -0.044433594 -9.765625E-4 -0.9873047 -2.7439024 1.6463414 -0.42682928	
2022-08-21-19:37:55-635 -0.03857422 4.8828125E-4 -0.98828125 -2.1341465 1.3414634 -0.5487805	
2022-08-21-19:37:55-637 -0.03857422 0.0043945312 -0.9892578 -1.0365853 0.42682928 -0.85365856	
2022-08-21-19:37:55-640 -0.044921875 9.765625E-4 -1.0063477 -0.30487806 -0.24390244 -1.4634147	
2022-08-21-19:37:55-643 -0.049316406 -0.005859375 -1.0209961 0.06097561 -1.1585366 -1.5853659	
2022-08-21-19:37:55-645 -0.048339844 -0.0068359375 -1.003418 4.6951222 -4.390244 -1.8292683	
2022-08-21-19:37:55-648 -0.03125 0.009765625 -0.9716797 8.231708 -7.5609756 -5.365854	
2022-08-21-19:37:55-652 0.01171875 0.017578125 -0.9428711 -18.170732 6.4634147 -2.2560976	
2022-08-21-19:37:55-655 0.095214844 -0.0390625 -1.0161133 -5.8536587 -1.1585366 -4.8170733	
2022-08-21-19:37:55-657 0.37451172 0.014160156 -1.2099609 30.914635 4.9390244 -10.487805	
2022-08-21-19:37:55-660 0.546875 0.16357422 -1.2407227 4.634146 -3.5365853 -42.92683	
2022-08-21-19:37:55-662 0.7446289 0.028320312 -1.2802734 3.4756098 -14.878049 -51.219513	
2022-08-21-19:37:55-664 0.98535156 0.24658203 -1.4521484 -2.195122 -14.268293 -34.085365	
2022-08-21-19:37:55-988 1.4208984 0.19335938 -1.4912109 -38.35366 -9.207317 -33.59756	
2022-08-21-19:37:55-993 1.8681641 -0.12402344 -1.3725586 -60.243904 15.487805 -37.5	
2022-08-21-19:37:55-997 2.1538086 -0.38867188 -1.1806641 -57.987804 48.048782 -18.109756	
2022-08-21-19:37:56-002 2.2983398 -0.38085938 -1.1210938 -38.90244 90.48781 8.231708	
2022-08-21-19:37:56-011 2.3354492 -0.25439453 -1.1655273 -16.646341 137.80489 16.890244	
2022-08-21-19:37:56-015 2.2631836 -0.19091797 -1.2416992 5.0 191.09756 7.7439027	
2022-08-21-19:37:56-019 2.0644531 -0.04345703 -1.2880859 24.939026 247.74391 11.219512	
2022-08-21-19:37:56-024 1.8081055 0.1899414 -1.2963867 29.45122 288.84146 27.195122	
2022-08-21-19:37:56-029 1.7841797 0.20996094 -1.2236328 24.45122 311.40244 44.512196	
2022-08-21-19:37:56-033 1.6416016 0.35009766 -1.2280273 15.426829 341.52438 62.560978	
2022-08-21-19:37:56-037 1.230957 0.056152344 -0.84472656 -10.853659 343.23172 53.414635	
2022-08-21-19:37:56-041 0.44677734 -0.4243164 -0.7832031 -21.280489 308.7805 1.8902439	
2022-08-21-19:37:56-046 -1.3374023 -1.4370117 -0.7392578 62.621952 280.18292 -150.48781	
2022-08-21-19:37:56-051 -3.8461914 -0.18066406 -1.2089844 174.08537 201.64635 -180.85367	
2022-08-21-19:37:56-057 -5.3671875 0.71435547 -1.2441406 64.63415 73.597565 -51.52439	
2022-08-21-19:37:56-062 -5.1484375 0.83984375 -1.1489258 18.170732 -44.146343 106.40244	
2022-08-21-19:37:56-293 -4.8828125 1.4321289 -1.5249023 -21.585367 -158.59756 177.98781	
2022-08-21-19:37:56-297 -4.0444336 0.91503906 -1.6396484 -70.79269 -211.95122 184.5122	
2022-08-21-19:37:56-300 4.604492 -2.9707031 -3.1113281 -52.439026 -290.06097 178.2317	
2022-08-21-19:37:56-304 0.028808594 -1.5395508 -5.6254883 -199.32927 -606.5854 96.70732	
2022-08-21-19:37:56-308 -1.2597656 1.6235352 -3.6875 25.060976 -1245.8536 -458.23172	
2022-08-21-19:37:56-312 -2.7202148 -0.25976562 -2.3618164 82.621956 17.37805 0.4878049	
2022-08-21-19:37:56-317 0.8833008 -0.024414062 -1.2739258 -99.63415 -40.670734 2.682927	
2022-08-21-19:37:56-322 -0.31591797 0.07519531 -0.6894531 37.134148 -81.46342 -25.792683	
2022-08-21-19:37:56-328 -0.76416016 -0.20703125 -0.67822266 -26.707317 -54.085365 2.8658538	
2022-08-21-19:37:56-331 0.111816406 0.19921875 -0.9790039 3.7804878 -40.97561 0.36585367	
2022-08-21-19:37:56-335 -0.100097656 -0.017089844 -1.0048828 65.30488 -26.219513 -10.121951	
2022-08-21-19:37:56-339 -0.029785156 -0.16601562 -0.91015625 78.29269 -7.7439027 -11.646341	
2022-08-21-19:37:56-343 -0.0107421875 -0.111328125 -1.0073242 53.109756 13.231708 -5.4268293	
2022-08-21-19:37:56-349 0.020996094 -0.10498047 -1.0996094 49.146343 -20.0 -3.4756098	
2022-08-21-19:37:56-352 -0.029296875 -0.10498047 -1.0292969 63.59756 -42.134148 -6.646342	
2022-08-21-19:37:56-356 -0.08496094 -0.22607422 -0.86376953 62.865856 -23.353659 -10.670732	
2022-08-21-19:37:56-611 -0.064453125 -0.2397461 -0.78027344 21.768293 19.32927 -5.2439027	
2022-08-21-19:37:56-614 -0.03125 -0.18457031 -0.9785156 -13.353659 42.378048 0.4878049	
2022-08-21-19:37:56-618 0.0053710938 -0.13720703 -1.074707 -1.6463414 22.439024 0.06097561	
2022-08-21-19:37:56-622 0.0034179688 -0.16015625 -0.9785156 14.329268 3.9634147 -3.2317073	
2022-08-21-19:37:56-627 -0.024902344 -0.19482422 -0.99853516 13.109756 -1.2195122 -2.5	
2022-08-21-19:37:56-631 -0.0073242188 -0.20019531 -0.91748047 6.158537 1.7073171 -0.18292683	
2022-08-21-19:37:56-635 -0.020019531 -0.19384766 -0.9350586 -5.7317076 7.682927 2.8658538	
2022-08-21-19:37:56-640 -0.01953125 -0.1821289 -0.9477539 -9.085366 10.304878 2.5	
2022-08-21-19:37:56-643 -0.0078125 -0.15771484 -0.9868164 -4.268293 11.707317 1.402439	
2022-08-21-19:37:56-648 0.015625 -0.19677734 -0.94384766 -1.6463414 12.743903 1.5853659	
2022-08-21-19:37:56-653 0.0146484375 -0.22558594 -0.9379883 -25.670732 13.414635 5.670732	
2022-08-21-19:37:56-657 -0.0063476562 -0.11767578 -0.95654297 -37.80488 10.97561 7.7439027	
2022-08-21-19:37:56-662 -0.011230469 -0.10107422 -0.9897461 -10.243902 9.085366 0.4878049	
2022-08-21-19:37:56-666 0.019042969 -0.15771484 -0.9921875 4.5731707 9.329268 -1.6463414	
2022-08-21-19:37:56-669 0.029296875 -0.1772461 -0.97314453 -4.268293 4.756098 -0.5487805	
2022-08-21-19:37:56-673 0.032226562 -0.19824219 -0.9199219 -24.939026 2.1341465 3.4146342	
2022-08-21-19:37:56-972 0.049804688 -0.17089844 -1.0058594 -45.42683 -17.012196 4.512195	
2022-08-21-19:37:56-976 -0.0053710938 -0.083984375 -1.0244141 -47.317074 -29.45122 5.0609756	
2022-08-21-19:37:56-982 -0.005859375 -0.08300781 -0.9580078 -30.42683 -23.841463 4.4512196	
2022-08-21-19:37:56-986 -0.03515625 -0.08154297 -1.0 -25.243902 -24.756098 3.5365853	
2022-08-21-19:37:56-989 -0.011230469 -0.056152344 -0.91845703 -22.987806 -11.8902445 3.7195122	
2022-08-21-19:37:56-994 0.008300781 -0.07861328 -1.0166016 -10.060976 -19.45122 0.6097561	
2022-08-21-19:37:56-999 -0.020507812 -0.09472656 -1.0214844 -15.54878 -31.463415 2.1341465	
2022-08-21-19:37:57-003 -0.049804688 -0.055664062 -0.9453125 -16.036585 -29.268293 4.512195	
2022-08-21-19:37:57-006 -0.048339844 -0.049804688 -0.92822266 -7.7439027 -16.524391 4.8170733	
2022-08-21-19:37:57-013 -0.05908203 -0.01171875 -0.94677734 5.670732 -10.609756 3.1097562	
2022-08-21-19:37:57-018 -0.025878906 -0.05810547 -1.0888672 16.280489 -18.109756 -0.79268295	
2022-08-21-19:37:57-022 -0.043945312 -0.099121094 -0.9926758 21.463415 -19.817074 1.2804878	
2022-08-21-19:37:57-026 -0.07519531 -0.076171875 -0.9169922 16.036585 -13.47561 0.18292683	
2022-08-21-19:37:57-032 -0.12646484 -0.075683594 -0.76220703 2.987805 9.3902445 0.0	
2022-08-21-19:37:57-037 -0.092285156 -0.08984375 -0.9277344 -13.47561 29.207317 1.7073171	
2022-08-21-19:37:57-040 -0.049804688 -0.026367188 -0.95410156 -3.4146342 38.048782 1.402439	
2022-08-21-19:37:57-205 -0.04248047 -0.08886719 -0.9243164 12.195122 67.621956 -2.0731707	
2022-08-21-19:37:57-209 -0.009277344 -0.10205078 -1.0864258 11.646341 96.40244 -2.8658538	
2022-08-21-19:37:57-214 0.05908203 -0.10986328 -1.1850586 -4.634146 94.20732 -1.0365853	
2022-08-21-19:37:57-219 -0.42089844 0.041015625 -1.2871094 -37.743904 53.841465 2.012195	
2022-08-21-19:37:57-222 -0.4399414 -0.2841797 -2.446289 -60.73171 182.98781 -6.9512196	
2022-08-21-19:37:57-229 -0.21923828 -0.203125 -2.6074219 -94.7561 521.2805 -18.841463	
2022-08-21-19:37:57-234 -0.6699219 -0.104003906 -3.3149414 -122.5 575.2439 -17.073172	
2022-08-21-19:37:57-238 -2.4833984 -0.08154297 -1.9365234 -202.74391 441.40244 -4.4512196	
2022-08-21-19:37:57-242 -4.550293 -1.2529297 0.7080078 74.756096 160.24391 -15.182927	
2022-08-21-19:37:57-246 -6.9487305 0.08203125 -0.81933594 127.0122 -377.86588 209.87805	
2022-08-21-19:37:57-250 5.0029297 2.2817383 -3.6308594 11.097561 -187.31708 22.012196	
2022-08-21-19:37:57-254 -3.8686523 0.3232422 -1.4960938 -253.04878 -220.97562 -31.646341	
2022-08-21-19:37:57-258 -0.5683594 -0.91552734 -2.5078125 -10.121951 -453.84146 -93.96342	
2022-08-21-19:37:57-262 0.0014648438 -0.37158203 -1.9121094 1.5243902 -388.47562 -138.17073	
2022-08-21-19:37:57-266 1.0610352 -0.875 -1.5507812 105.18293 -413.9634 -87.86585	
2022-08-21-19:37:57-269 1.5512695 0.76464844 -1.5537109 155.24391 -359.45123 9.329268	
2022-08-21-19:37:57-517 0 0 0 0 0 1000	
2022-08-21-19:37:59-355 0 0 0 0 0 1000	
2022-08-21-19:37:59-447 -0.017089844 -0.0146484375 -0.9921875 0.12195122 -4.390244 -0.73170733	
2022-08-21-19:37:59-449 -0.03515625 -0.014160156 -0.95458984 1.3414634 -9.45122 -2.195122	
2022-08-21-19:37:59-452 -0.01953125 -0.0034179688 -0.94921875 -3.1707318 -10.97561 -1.0365853	
2022-08-21-19:37:59-455 -0.04638672 -0.0068359375 -1.0029297 -10.487805 -6.280488 0.91463417	
2022-08-21-19:37:59-456 -0.07470703 -0.068847656 -1.081543 -7.6219516 -15.304878 7.256098	
2022-08-21-19:37:59-460 -0.022460938 0.05126953 -1.1201172 -12.439025 -36.280487 3.902439	
2022-08-21-19:37:59-463 -0.044433594 -0.0063476562 -1.1665039 -4.3292685 -56.15854 2.9268293	
2022-08-21-19:37:59-465 4.8828125E-4 -0.114746094 -1.2138672 4.878049 -70.36585 9.207317	
2022-08-21-19:37:59-467 0.67041016 0.13427734 -1.3227539 2.4390244 -75.914635 13.963415	
2022-08-21-19:37:59-469 1.222168 0.021484375 -1.4643555 -30.060976 -42.2561 -5.2439027	
2022-08-21-19:37:59-470 1.4677734 -0.0068359375 -1.2885742 -20.670732 19.45122 -11.219512	
2022-08-21-19:37:59-475 1.8681641 -0.1459961 -1.2294922 -38.109756 33.719513 -14.329268	
2022-08-21-19:37:59-479 2.1430664 -0.24853516 -1.2626953 -35.365856 75.121956 -14.817074	
2022-08-21-19:37:59-482 2.2875977 -0.1352539 -1.2866211 -26.036587 125.67074 -19.085367	
2022-08-21-19:37:59-484 2.2597656 -0.14453125 -1.2944336 -25.97561 173.65854 -33.780487	
2022-08-21-19:37:59-486 2.1333008 -0.23095703 -1.2924805 -21.768293 213.35367 -35.060978	
2022-08-21-19:37:59-728 1.9433594 -0.1538086 -1.3256836 -6.402439 247.13416 -14.817074	
2022-08-21-19:37:59-733 1.815918 -0.068359375 -1.328125 5.7317076 273.41464 4.6951222	
2022-08-21-19:37:59-736 1.7856445 0.08935547 -1.2724609 9.02439 297.2561 18.841463	
2022-08-21-19:37:59-741 1.7597656 0.068847656 -1.1494141 4.756098 309.81708 26.707317	
2022-08-21-19:37:59-745 1.6723633 -0.008300781 -0.93847656 8.963415 326.15854 52.560978	
2022-08-21-19:37:59-749 1.4233398 -0.25830078 -0.9995117 11.646341 330.7927 80.48781	
2022-08-21-19:37:59-753 0.6542969 -0.7080078 -1.2924805 50.0 351.7683 53.35366	
2022-08-21-19:37:59-759 -1.1191406 -0.73046875 -1.1967773 126.82927 326.82928 -46.463417	
2022-08-21-19:37:59-763 -2.756836 0.85546875 -1.1694336 195.97562 216.89024 -36.646343	
2022-08-21-19:37:59-766 -3.270996 2.083496 -1.2548828 107.743904 105.48781 50.548782	
2022-08-21-19:37:59-770 -3.6333008 1.9121094 -1.2246094 -4.268293 48.90244 101.097565	
2022-08-21-19:37:59-774 -4.34375 1.7563477 -1.6289062 -80.60976 -34.939026 95.426834	
2022-08-21-19:37:59-778 -4.476074 0.41308594 -1.7661133 -172.2561 -150.36586 74.63415	
2022-08-21-19:37:59-783 4.7851562 -3.5004883 -1.6308594 -68.84147 -289.63416 140.48781	
2022-08-21-19:37:59-788 -0.5864258 -1.7451172 -5.376953 -369.2683 -627.37805 75.85366	
2022-08-21-19:37:59-793 -1.3852539 2.2441406 -4.0039062 80.121956 -1544.4513 -652.8049	
2022-08-21-19:38:00-211 -3.3271484 -0.6245117 -2.6708984 141.70732 110.30488 -18.963415	
2022-08-21-19:38:00-216 0.6503906 0.14550781 -1.7373047 -139.2683 -40.30488 4.756098	
2022-08-21-19:38:00-220 -0.10205078 0.5209961 -0.22802734 62.92683 -77.80488 -22.682928	
2022-08-21-19:38:00-226 -1.1699219 -0.5698242 -0.5253906 23.963415 -2.0731707 -7.7439027	
2022-08-21-19:38:00-229 0.13427734 0.10107422 -1.4926758 -17.195122 10.0 5.7317076	
2022-08-21-19:38:00-232 -0.015625 -0.1743164 -1.0742188 -13.963415 -42.5 1.3414634	
2022-08-21-19:38:00-236 0.0087890625 -0.091796875 -1.0234375 -48.59756 -50.30488 8.231708	
2022-08-21-19:38:00-240 -0.06982422 -0.0043945312 -0.8183594 -58.292683 -21.82927 7.3170733	
2022-08-21-19:38:00-245 0.07080078 0.06201172 -1.0620117 -33.963417 -8.597561 6.585366	
2022-08-21-19:38:00-250 0.022460938 -0.027832031 -1.097168 -24.45122 -32.07317 5.609756	
2022-08-21-19:38:00-255 -0.063964844 -0.0063476562 -0.9013672 -27.560976 -29.573172 11.829268	
2022-08-21-19:38:00-261 -0.07470703 -0.04736328 -0.9355469 -17.865854 -21.82927 21.82927	
2022-08-21-19:38:00-265 -0.0546875 0.2084961 -0.78515625 -4.268293 -4.756098 23.90244	
2022-08-21-19:38:00-268 -0.029296875 0.041992188 -0.9926758 18.59756 11.95122 -0.9756098	
2022-08-21-19:38:00-271 -0.0390625 -0.047851562 -1.1577148 -4.512195 -8.231708 3.4756098	
2022-08-21-19:38:00-275 -0.04736328 0.06542969 -0.89501953 -8.47561 -13.780488 10.487805	
2022-08-21-19:38:00-355 -0.029785156 0.15332031 -0.82958984 21.524391 -5.487805 2.4390244	
2022-08-21-19:38:00-361 -0.087890625 -0.04345703 -0.9111328 22.195122 16.707317 -3.4756098	
2022-08-21-19:38:00-364 -0.060058594 0.0234375 -0.94433594 16.036585 41.219513 1.5853659	
2022-08-21-19:38:00-367 0.041015625 0.019042969 -1.1894531 15.121951 36.768295 0.36585367	
2022-08-21-19:38:00-370 0.024414062 -0.0029296875 -1.0981445 21.40244 4.6951222 -4.634146	
2022-08-21-19:38:00-373 -0.044921875 -0.0390625 -0.9194336 8.231708 -1.1585366 -2.682927	
2022-08-21-19:38:00-378 -0.018066406 -0.036621094 -0.96533203 1.2804878 3.9634147 -1.5853659	
2022-08-21-19:38:00-383 -0.00390625 0.008300781 -0.9716797 -5.487805 6.890244 -0.79268295	
2022-08-21-19:38:00-388 -0.01953125 0.0078125 -0.94628906 0.85365856 7.865854 -0.73170733	
2022-08-21-19:38:00-392 -0.009765625 0.017578125 -0.8979492 13.353659 11.036586 -2.195122	
2022-08-21-19:38:00-396 0.011230469 0.041503906 -0.95947266 48.048782 1.2804878 -5.97561	
2022-08-21-19:38:00-401 0.0087890625 -0.13330078 -1.1274414 53.170734 -13.963415 -9.146341	
2022-08-21-19:38:00-405 -0.024902344 -0.06982422 -0.9013672 10.243902 -8.292683 -2.2560976	
2022-08-21-19:38:00-408 -0.008300781 -0.037109375 -0.93359375 15.243903 -0.79268295 -2.0731707	
2022-08-21-19:38:00-412 0.022460938 -0.08544922 -1.0595703 28.90244 -17.987804 -2.987805	
2022-08-21-19:38:00-417 -0.044921875 -0.103515625 -1.0610352 11.158537 -42.073174 -3.4756098	
2022-08-21-19:38:00-677 -0.068359375 -0.072265625 -0.9638672 -5.182927 -27.865854 -4.878049	
2022-08-21-19:38:00-682 -0.067871094 -0.10498047 -0.9091797 -16.219513 -7.7439027 -2.378049	
2022-08-21-19:38:00-688 -0.03564453 -0.05810547 -0.9975586 -17.621952 -0.30487806 -0.12195122	
2022-08-21-19:38:00-693 -0.032226562 -0.032714844 -0.9941406 -8.353659 -6.097561 -1.8902439	
2022-08-21-19:38:00-698 -0.049316406 -0.056152344 -0.97802734 -5.7317076 -10.365854 -4.6951222	
2022-08-21-19:38:00-701 -0.068847656 -0.10107422 -0.9350586 -9.878049 -2.4390244 -1.8292683	
2022-08-21-19:38:00-704 -0.067871094 -0.033691406 -0.9277344 -19.817074 4.5731707 2.4390244	
2022-08-21-19:38:00-707 -0.056640625 -0.036132812 -0.94140625 -11.829268 20.853659 -0.91463417	
2022-08-21-19:38:00-711 -0.04248047 -0.030273438 -0.8881836 -10.304878 39.69512 0.18292683	
2022-08-21-19:38:00-716 -0.005859375 -0.0063476562 -0.9316406 4.756098 73.78049 -2.7439024	
2022-08-21-19:38:00-721 0.013671875 -0.06933594 -1.0756836 18.170732 92.621956 -1.5243902	
2022-08-21-19:38:00-726 0.5048828 -0.115722656 -1.1503906 -2.2560976 65.73171 -6.3414636	
2022-08-21-19:38:00-729 -0.24365234 -0.088378906 -1.3618164 -5.97561 39.634148 -6.0365853	
2022-08-21-19:38:00-734 -0.36083984 -0.33984375 -2.5175781 -40.42683 310.85367 -48.170734	
2022-08-21-19:38:00-737 -0.5595703 -0.39697266 -2.9316406 -28.90244 540.4268 -75.54878	
2022-08-21-19:38:00-740 -0.5839844 -0.37939453 -2.5073242 18.292683 406.4634 -77.560974	
2022-08-21-19:38:00-992 -3.4780273 0.58935547 -0.55615234 98.65854 209.2683 -132.5	
2022-08-21-19:38:00-997 -5.994629 -0.7885742 0.8510742 247.07318 -173.2317 222.56097	
2022-08-21-19:38:01-004 2.9794922 3.7426758 -3.805664 -19.756098 -149.87805 103.65854	
2022-08-21-19:38:01-008 -4.5595703 -0.79003906 -0.8647461 -168.35367 -179.69513 -25.609756	
2022-08-21-19:38:01-012 -1.269043 -0.29492188 -2.6420898 -79.63415 -375.48782 -2.317073	
2022-08-21-19:38:01-023 -0.51416016 -0.84716797 -1.9711914 -120.60976 -340.18292 -96.28049	
2022-08-21-19:38:01-028 0.7529297 -1.1088867 -1.6474609 23.231709 -357.19513 -53.65854	
2022-08-21-19:38:01-031 1.059082 0.087890625 -1.4379883 99.63415 -350.48782 51.646343	
2022-08-21-19:38:01-038 1.2729492 0.7602539 -1.3955078 -26.768293 -392.07318 97.743904	
2022-08-21-19:38:01-044 1.5141602 0.5332031 -1.1577148 -96.40244 -405.91464 90.60976	
2022-08-21-19:38:01-049 2.1738281 -0.079589844 -0.8496094 -95.48781 -376.7683 65.54878	
2022-08-21-19:38:01-053 4.150879 -0.5229492 -0.47216797 -6.402439 -317.86588 73.35366	
2022-08-21-19:38:01-058 6.4418945 0.026855469 -2.4267578 64.14634 174.45122 67.560974	
2022-08-21-19:38:01-062 -1.5957031 0.056640625 -2.7504883 4.9390244 310.48782 -3.292683	
2022-08-21-19:38:01-068 0.107421875 0.0053710938 -2.0385742 88.17073 280.97562 -34.268295	
2022-08-21-19:38:01-071 -0.14013672 -0.19824219 -1.2060547 82.68293 237.43903 -6.585366	
2022-08-21-19:38:01-231 0 0 0 0 0 1000	
2022-08-21-19:38:02-840 0 0 0 0 0 1000	
2022-08-21-19:38:02-960 -0.045898438 -4.8828125E-4 -0.9975586 -3.292683 -0.85365856 -0.18292683	
2022-08-21-19:38:02-962 -0.04345703 4.8828125E-4 -0.9760742 -2.012195 -0.6707317 -0.30487806	
2022-08-21-19:38:02-964 -0.03857422 -0.0034179688 -0.94970703 -2.378049 1.8292683 -0.36585367	
2022-08-21-19:38:02-966 -0.051757812 0.0063476562 -0.9873047 -2.8658538 6.646342 -0.36585367	
2022-08-21-19:38:02-967 -0.03173828 0.0068359375 -0.99902344 -0.12195122 6.4634147 -0.4878049	
2022-08-21-19:38:02-969 -0.03857422 0.0029296875 -1.0009766 2.0731707 3.6585367 -0.42682928	
2022-08-21-19:38:02-970 -0.001953125 -0.0024414062 -0.9614258 3.1097562 1.6463414 -0.30487806	
2022-08-21-19:38:02-972 -0.04736328 -0.0146484375 -0.9423828 -3.9634147 1.5243902 0.12195122	
2022-08-21-19:38:02-974 -0.02734375 0.01953125 -1.0126953 -4.268293 -1.402439 0.42682928	
2022-08-21-19:38:02-977 -0.03515625 0.01171875 -0.9921875 0.4878049 -4.512195 -0.42682928	
2022-08-21-19:38:02-980 -0.034179688 0.01171875 -1.0068359 3.4146342 -9.3902445 -0.9756098	
2022-08-21-19:38:02-982 -0.026855469 -0.0053710938 -1.0297852 6.9512196 -20.243902 -1.097561	
2022-08-21-19:38:02-985 -0.041503906 0.017089844 -1.0668945 9.939025 -21.890244 -1.8902439	
2022-08-21-19:38:02-987 -0.063964844 -0.026855469 -1.1899414 1.402439 -47.37805 -12.134147	
2022-08-21-19:38:02-989 -0.07763672 0.005859375 -1.3208008 0.5487805 -80.36585 -8.109756	
2022-08-21-19:38:02-991 -0.075683594 0.0087890625 -1.4726562 -14.878049 -118.96342 -7.256098	
2022-08-21-19:38:03-234 -0.103027344 -0.015136719 -1.7333984 -20.670732 -162.68294 -4.634146	
2022-08-21-19:38:03-238 -0.0107421875 -0.008300781 -1.6220703 -13.902439 -185.06097 0.4878049	
2022-08-21-19:38:03-242 1.5004883 -0.07763672 -1.2241211 -32.2561 -155.42683 -13.109756	
2022-08-21-19:38:03-250 1.8330078 -0.15673828 -1.9389648 -16.524391 -15.914635 -79.81708	
2022-08-21-19:38:03-253 2.2182617 -0.045410156 -1.4287109 -23.963415 33.17073 -97.5	
2022-08-21-19:38:03-257 2.5771484 -0.29296875 -1.3330078 -48.109756 124.32927 -67.68293	
2022-08-21-19:38:03-262 2.2763672 0.09375 -1.4467773 -30.792685 212.68294 5.0	
2022-08-21-19:38:03-265 2.2451172 -0.011230469 -1.4560547 -56.82927 265.7927 57.5	
2022-08-21-19:38:03-268 1.9501953 -0.2866211 -1.3300781 -54.939026 300.7927 72.80488	
2022-08-21-19:38:03-271 1.7895508 -0.34326172 -1.3457031 -7.682927 317.37805 63.292683	
2022-08-21-19:38:03-275 1.6376953 -0.040527344 -1.5297852 36.95122 338.47562 32.378048	
2022-08-21-19:38:03-283 1.3530273 0.08544922 -1.534668 51.036587 359.14636 9.695122	
2022-08-21-19:38:03-287 1.0976562 0.20507812 -1.4829102 48.536587 369.20734 21.280489	
2022-08-21-19:38:03-292 0.77246094 0.1015625 -1.2612305 36.219513 371.09756 34.878048	
2022-08-21-19:38:03-296 0.06982422 -0.2529297 -1.0620117 28.292683 359.0854 30.42683	
2022-08-21-19:38:03-299 -0.84716797 -0.78759766 -0.61328125 50.73171 315.30487 -7.9268293	
2022-08-21-19:38:03-622 -2.3701172 -0.43701172 -0.7470703 128.29268 218.53659 -28.719513	
2022-08-21-19:38:03-628 -3.1313477 0.80078125 -1.234375 132.2561 134.32927 40.0	
2022-08-21-19:38:03-632 -4.217285 1.4086914 -1.2265625 90.73171 15.182927 117.13415	
2022-08-21-19:38:03-635 -5.416504 3.135254 -1.4760742 12.317074 -68.29269 167.98781	
2022-08-21-19:38:03-640 -5.1118164 1.840332 -2.0307617 -177.92683 -201.03659 118.65854	
2022-08-21-19:38:03-643 3.118164 -3.5610352 -4.8740234 -138.04878 -286.64636 70.060974	
2022-08-21-19:38:03-648 2.6391602 -1.6469727 -1.6362305 -347.86588 -460.97562 215.48781	
2022-08-21-19:38:03-651 -2.2416992 1.269043 -3.8271484 -196.03659 -1094.2074 -517.5	
2022-08-21-19:38:03-655 -2.543457 1.0019531 -3.84375 210.7317 -484.2683 -139.93903	
2022-08-21-19:38:03-660 -0.04736328 0.026367188 -2.3632812 -82.98781 22.317074 -6.646342	
2022-08-21-19:38:03-664 -0.1538086 0.21044922 -0.109375 52.5 -56.28049 -33.780487	
2022-08-21-19:38:03-668 0.078125 -0.13183594 -0.67578125 -4.8170733 -43.109756 -6.402439	
2022-08-21-19:38:03-671 0.053710938 0.064941406 -1.0654297 7.682927 -10.121951 2.2560976	
2022-08-21-19:38:03-674 -0.07080078 -0.119140625 -1.1494141 31.463415 -25.670732 -2.317073	
2022-08-21-19:38:03-679 -0.0073242188 -0.078125 -1.0439453 9.817074 -30.365854 -1.0365853	
2022-08-21-19:38:03-683 -0.03125 -0.09326172 -0.97314453 -3.2317073 -19.085367 1.6463414	
2022-08-21-19:38:03-936 -0.022949219 -0.07324219 -0.7607422 -14.512196 19.32927 0.6097561	
2022-08-21-19:38:03-945 0.029785156 -0.052246094 -1.0102539 -28.59756 32.865856 3.0487804	
2022-08-21-19:38:03-949 0.0126953125 -0.016113281 -1.0727539 -22.317074 -16.95122 0.85365856	
2022-08-21-19:38:03-953 -0.0073242188 -0.03173828 -0.9404297 -22.682928 -12.134147 2.8658538	
2022-08-21-19:38:03-957 -0.0078125 0.0068359375 -0.90234375 -16.40244 -0.91463417 2.4390244	
2022-08-21-19:38:03-961 -0.015136719 0.032226562 -0.8745117 6.7073174 10.365854 -2.1341465	
2022-08-21-19:38:03-965 0.0073242188 0.026367188 -0.95654297 34.207317 2.1341465 -5.670732	
2022-08-21-19:38:03-968 0.04248047 -0.05419922 -1.1391602 45.243904 -4.8170733 -7.7439027	
2022-08-21-19:38:03-971 -0.010253906 -0.110839844 -1.0063477 -7.9268293 -4.268293 1.097561	
2022-08-21-19:38:03-975 -0.028808594 -0.0073242188 -0.9584961 -21.341463 -0.4878049 3.292683	
2022-08-21-19:38:03-979 -0.0068359375 0.0034179688 -0.91308594 -5.0609756 4.3292685 -0.30487806	
2022-08-21-19:38:03-983 0.00390625 -0.014160156 -1.0029297 12.560976 3.5975611 -2.2560976	
2022-08-21-19:38:03-987 0.0107421875 -0.040039062 -0.97216797 18.170732 -6.280488 -2.682927	
2022-08-21-19:38:03-991 -0.017089844 -0.107910156 -1.1000977 4.634146 -18.292683 -1.2195122	
2022-08-21-19:38:03-996 -0.030761719 -0.053710938 -0.9301758 -22.439024 -10.304878 2.987805	
2022-08-21-19:38:04-000 -0.0107421875 0.0078125 -0.87109375 -27.37805 2.195122 2.682927	
2022-08-21-19:38:04-254 0.0068359375 0.022949219 -0.9951172 2.317073 3.4146342 -1.1585366	
2022-08-21-19:38:04-260 0.0014648438 -0.022460938 -0.99316406 19.512196 -5.609756 -2.5	
2022-08-21-19:38:04-264 -0.020507812 -0.020996094 -0.9272461 27.195122 -18.292683 -2.987805	
2022-08-21-19:38:04-270 -0.017578125 -0.08935547 -1.0170898 36.341465 -19.756098 -5.609756	
2022-08-21-19:38:04-274 -0.04345703 -0.087402344 -0.9980469 2.378049 -10.121951 -0.9756098	
2022-08-21-19:38:04-280 -0.018554688 -0.04248047 -1.0043945 -6.646342 -9.817074 0.36585367	
2022-08-21-19:38:04-285 -0.037597656 -0.06738281 -0.98583984 -8.47561 -14.634147 -0.12195122	
2022-08-21-19:38:04-289 -0.03857422 -0.091796875 -0.97216797 -24.573172 -9.268292 1.7073171	
2022-08-21-19:38:04-292 -0.05078125 -0.017089844 -0.92089844 -35.060978 -0.6707317 1.9512196	
2022-08-21-19:38:04-297 -0.029296875 0.0087890625 -1.0200195 -23.414635 1.2804878 0.36585367	
2022-08-21-19:38:04-301 -0.019042969 -0.016113281 -0.97998047 -20.670732 0.24390244 0.06097561	
2022-08-21-19:38:04-305 -4.8828125E-4 0.0087890625 -0.9682617 -17.073172 -1.0365853 -0.9756098	
2022-08-21-19:38:04-308 -0.041992188 0.0014648438 -0.9296875 -8.536586 2.5 -1.2195122	
2022-08-21-19:38:04-312 -0.08935547 0.001953125 -0.9135742 -7.865854 12.073171 -0.42682928	
2022-08-21-19:38:04-319 -0.05029297 0.020019531 -0.9511719 -3.902439 20.0 -0.4878049	
2022-08-21-19:38:04-323 -0.03515625 0.013183594 -0.9316406 2.804878 36.280487 0.12195122	
2022-08-21-19:38:04-567 -0.011230469 0.008300781 -0.94433594 14.268293 65.48781 -0.12195122	
2022-08-21-19:38:04-573 0.0087890625 -0.016601562 -1.1074219 17.987804 86.40244 0.24390244	
2022-08-21-19:38:04-576 0.22607422 -0.13964844 -1.2529297 7.1341467 61.890244 -12.743903	
2022-08-21-19:38:04-581 -0.5761719 -0.0703125 -1.9086914 -14.878049 86.70732 -40.42683	
2022-08-21-19:38:04-585 -0.22314453 -0.17480469 -2.6103516 -0.24390244 440.67075 -42.621952	
2022-08-21-19:38:04-592 -0.77783203 0.2602539 -3.006836 10.121951 522.37805 -33.414635	
2022-08-21-19:38:04-599 -0.9296875 -0.09667969 -2.5888672 -35.0 463.5366 -13.109756	
2022-08-21-19:38:04-602 -5.074707 -0.38671875 1.4404297 166.21951 237.31708 -105.97561	
2022-08-21-19:38:04-605 -6.4902344 0.26220703 -0.3388672 39.32927 -437.13416 -8.841464	
2022-08-21-19:38:04-609 5.5200195 1.9106445 -3.5551758 73.71951 -213.90245 -125.426834	
2022-08-21-19:38:04-611 -2.8911133 -1.2890625 0.15429688 -110.914635 -72.86585 -139.2683	
2022-08-21-19:38:04-614 -2.025879 -0.86865234 -2.9179688 -139.45122 -522.62195 -20.853659	
2022-08-21-19:38:04-618 -0.04736328 -0.37939453 -2.1870117 -12.926829 -409.32928 3.1707318	
2022-08-21-19:38:04-621 0.85009766 -0.99658203 -1.5522461 -13.47561 -432.13416 -1.8292683	
2022-08-21-19:38:04-624 1.3095703 -0.1430664 -1.4980469 154.0244 -404.14636 31.82927	
2022-08-21-19:38:04-627 1.5375977 1.1435547 -1.3774414 30.121952 -382.37805 52.19512	
2022-08-21-19:38:04-705 0 0 0 0 0 1000	
2022-08-21-19:38:06-488 0 0 0 0 0 1000	
2022-08-21-19:38:06-795 1.5048828 -0.15527344 -1.4350586 -30.853659 239.2683 2.195122	
2022-08-21-19:38:06-801 1.4326172 -0.053710938 -1.5317383 -18.414635 260.97562 30.365854	
2022-08-21-19:38:06-809 1.2709961 0.0053710938 -1.5874023 -6.4634147 311.0366 49.085365	
2022-08-21-19:38:06-814 0.828125 0.016113281 -1.3974609 3.4756098 343.84146 61.341465	
2022-08-21-19:38:06-819 0.3930664 0.10205078 -1.2592773 22.317074 337.0122 65.97561	
2022-08-21-19:38:06-824 -0.09423828 0.12646484 -0.93310547 27.92683 318.47562 64.14634	
2022-08-21-19:38:06-828 -0.6640625 -0.14453125 -0.6933594 37.5 285.0 75.60976	
2022-08-21-19:38:06-832 -1.152832 -0.027832031 -0.50097656 50.792683 260.12195 70.0	
2022-08-21-19:38:06-835 -2.5419922 0.35888672 -0.16259766 106.70732 163.10976 57.987804	
2022-08-21-19:38:06-840 -2.9736328 0.9301758 -0.28027344 114.20732 46.585365 59.02439	
2022-08-21-19:38:06-844 -3.2392578 1.4067383 -0.8105469 44.573174 -11.463415 45.85366	
2022-08-21-19:38:06-852 -3.631836 0.9477539 -1.2207031 -32.987804 -83.04878 38.780487	
2022-08-21-19:38:06-856 -3.5229492 0.7290039 -1.6923828 -85.85366 -168.71951 35.487804	
2022-08-21-19:38:06-863 4.328125 -2.34375 -2.0922852 -11.219512 -257.68292 88.84147	
2022-08-21-19:38:06-867 -0.67626953 -1.5986328 -4.876953 -399.39026 -707.6829 107.56098	
2022-08-21-19:38:06-870 -1.2670898 2.2978516 -3.6079102 39.69512 -1242.9878 -474.0854	
2022-08-21-19:38:07-141 -2.506836 -0.80615234 -3.006836 96.46342 -37.134148 7.865854	
2022-08-21-19:38:07-146 0.6777344 0.14990234 -1.019043 -91.097565 -21.341463 6.9512196	
2022-08-21-19:38:07-153 -0.33398438 -0.16308594 -0.9716797 24.024391 -59.32927 -13.719513	
2022-08-21-19:38:07-159 -0.13330078 -0.06591797 -0.9609375 -45.670734 -70.18293 1.7073171	
2022-08-21-19:38:07-163 0.01171875 -0.013671875 -0.9902344 -41.768295 -61.341465 11.402439	
2022-08-21-19:38:07-167 -0.10058594 -0.029296875 -0.83935547 -30.365854 -26.524391 9.207317	
2022-08-21-19:38:07-172 -0.091796875 -0.001953125 -0.87890625 -37.19512 15.97561 11.341464	
2022-08-21-19:38:07-176 0.053710938 -0.005859375 -1.2749023 -40.97561 1.9512196 13.109756	
2022-08-21-19:38:07-182 0.060058594 -0.1508789 -1.0722656 -40.792683 -41.036587 19.268293	
2022-08-21-19:38:07-186 -0.111816406 -0.42041016 -0.9848633 -24.207317 -45.0 52.073174	
2022-08-21-19:38:07-190 -0.1015625 0.06689453 -0.890625 -39.02439 -46.707317 78.65854	
2022-08-21-19:38:07-194 -0.0034179688 0.5932617 -0.47460938 -21.768293 -14.085366 49.02439	
2022-08-21-19:38:07-201 -0.06298828 0.27246094 -0.119140625 46.95122 67.743904 4.4512196	
2022-08-21-19:38:07-205 0.0390625 -0.17089844 -1.8442383 90.85366 32.317074 -17.621952	
2022-08-21-19:38:07-208 -0.0234375 0.087890625 -0.9472656 12.804878 -19.207317 -0.91463417	
2022-08-21-19:38:07-216 -0.0546875 0.084472656 -0.8564453 73.71951 -24.45122 -15.487805	
2022-08-21-19:38:07-375 -0.075683594 -0.16455078 -1.0107422 66.768295 -2.5 -10.060976	
2022-08-21-19:38:07-384 -0.06640625 -0.092285156 -0.9638672 37.92683 26.646341 -1.8292683	
2022-08-21-19:38:07-388 4.8828125E-4 -0.12158203 -1.0942383 12.378049 33.65854 0.30487806	
2022-08-21-19:38:07-391 -0.0126953125 -0.061523438 -1.0488281 -9.817074 9.756098 0.0	
2022-08-21-19:38:07-396 -0.032226562 -0.030273438 -0.8964844 -12.378049 2.0731707 -0.12195122	
2022-08-21-19:38:07-400 -0.01953125 -0.05419922 -0.96728516 1.4634147 1.8292683 -1.5853659	
2022-08-21-19:38:07-405 -0.0014648438 -0.06591797 -1.0136719 11.585366 -4.268293 -2.5	
2022-08-21-19:38:07-408 -0.0063476562 -0.1015625 -1.0834961 -1.4634147 -13.170732 -2.7439024	
2022-08-21-19:38:07-412 -0.045898438 -0.084472656 -0.9682617 -27.743902 -18.04878 0.5487805	
2022-08-21-19:38:07-417 -0.053222656 -0.053710938 -0.9453125 -37.621952 -14.756098 2.7439024	
2022-08-21-19:38:07-422 -0.056152344 -0.021972656 -0.8847656 -39.634148 -12.317074 3.2317073	
2022-08-21-19:38:07-427 -0.029785156 0.063964844 -0.97265625 -8.902439 -11.402439 -0.4878049	
2022-08-21-19:38:07-431 -0.057617188 -0.041503906 -0.9511719 7.0731707 -13.719513 -5.365854	
2022-08-21-19:38:07-435 -0.052734375 0.00390625 -0.9199219 9.756098 -12.804878 -5.121951	
2022-08-21-19:38:07-439 -0.05859375 -0.09375 -1.0615234 9.207317 -9.695122 -4.512195	
2022-08-21-19:38:07-443 -0.049804688 -0.015136719 -0.97558594 -9.634147 -11.402439 1.9512196	
2022-08-21-19:38:07-731 -0.056640625 0.0087890625 -0.90185547 0.24390244 -5.182927 -3.4146342	
2022-08-21-19:38:07-735 -0.08154297 -0.05126953 -0.92822266 5.670732 4.268293 -4.390244	
2022-08-21-19:38:07-737 -0.07861328 -0.005859375 -0.8823242 5.365854 21.280489 -4.02439	
2022-08-21-19:38:07-740 -0.041992188 -0.028808594 -0.9589844 11.036586 46.09756 -6.280488	
2022-08-21-19:38:07-742 -0.040527344 -0.045410156 -0.93359375 20.731709 72.926834 -6.097561	
2022-08-21-19:38:07-746 -0.053222656 -0.080566406 -1.0366211 26.341463 97.5 -3.4146342	
2022-08-21-19:38:07-748 0.6904297 -0.31103516 -1.1816406 5.487805 80.18293 -10.914635	
2022-08-21-19:38:07-751 -0.6386719 -0.38427734 -1.4907227 -30.121952 53.78049 -51.52439	
2022-08-21-19:38:07-753 -0.24365234 0.11376953 -2.5332031 -56.463417 364.5122 -75.36585	
2022-08-21-19:38:07-754 -0.8935547 -0.14892578 -2.9106445 -31.890245 558.7805 2.8658538	
2022-08-21-19:38:07-756 -0.69677734 9.765625E-4 -2.913086 -77.256096 493.7805 21.280489	
2022-08-21-19:38:07-759 -1.0698242 0.24902344 -0.026855469 89.20732 264.81708 -64.45122	
2022-08-21-19:38:07-761 -8.737305 -0.5263672 0.06298828 89.756096 -196.03659 12.012196	
2022-08-21-19:38:07-764 2.479004 4.817383 -4.505371 213.53659 -378.59756 59.69512	
2022-08-21-19:38:07-765 -3.0336914 -0.068847656 -1.4150391 -253.96342 -205.12196 -121.40244	
2022-08-21-19:38:07-766 -1.3041992 -0.99658203 -2.3886719 -125.06098 -441.09756 -49.87805	
2022-08-21-19:38:07-786 0 0 0 0 0 1000	
2022-08-21-19:38:09-468 0 0 0 0 0 1000	
2022-08-21-19:38:09-681 -0.030273438 0.005859375 -0.9868164 -2.2560976 1.3414634 -0.30487806	
2022-08-21-19:38:09-684 -0.026855469 0.005859375 -0.9667969 -2.8658538 0.73170733 -0.06097561	
2022-08-21-19:38:09-687 -0.03857422 0.011230469 -0.97314453 -2.4390244 1.6463414 -0.30487806	
2022-08-21-19:38:09-688 -0.030273438 0.011230469 -0.9794922 -0.73170733 1.7073171 -0.6707317	
2022-08-21-19:38:09-691 -0.032714844 0.008300781 -0.9838867 0.24390244 0.4878049 -0.6707317	
2022-08-21-19:38:09-694 -0.033691406 0.009277344 -0.98535156 0.42682928 0.06097561 -0.73170733	
2022-08-21-19:38:09-696 -0.02734375 0.0078125 -0.9746094 0.9756098 -0.24390244 -0.73170733	
2022-08-21-19:38:09-698 -0.04248047 0.013183594 -0.98291016 0.5487805 0.91463417 -0.73170733	
2022-08-21-19:38:09-700 -0.036621094 0.0146484375 -0.9838867 3.4146342 1.097561 -1.2195122	
2022-08-21-19:38:09-701 -0.0390625 0.0063476562 -0.99609375 7.1951222 1.2195122 -1.8902439	
2022-08-21-19:38:09-703 -0.03173828 0.0029296875 -0.99658203 7.1951222 2.804878 -1.8292683	
2022-08-21-19:38:09-705 -0.034179688 -0.0073242188 -1.0068359 3.7804878 2.5609756 -1.4634147	
2022-08-21-19:38:09-707 -0.03173828 4.8828125E-4 -1.0107422 1.7682927 0.73170733 -1.4634147	
2022-08-21-19:38:09-708 -0.025878906 -0.0029296875 -0.9765625 1.7073171 -4.268293 -1.9512196	
2022-08-21-19:38:09-710 -0.0073242188 0.0078125 -0.9404297 3.292683 -11.768293 -0.24390244	
2022-08-21-19:38:09-713 -0.00390625 0.001953125 -0.9824219 5.0 -14.695123 -0.12195122	
2022-08-21-19:38:09-902 0.013671875 -0.043945312 -1.1035156 13.597561 -28.353659 0.5487805	
2022-08-21-19:38:09-907 -0.099121094 -0.06542969 -1.0683594 2.2560976 -45.609756 1.0365853	
2022-08-21-19:38:09-912 -0.11328125 -0.056152344 -1.0170898 -5.0609756 -48.109756 4.6951222	
2022-08-21-19:38:09-916 -0.11230469 0.017578125 -1.1030273 -8.780488 -49.207317 10.0	
2022-08-21-19:38:09-920 -0.09667969 0.029296875 -1.2514648 -12.560976 -65.73171 6.585366	
2022-08-21-19:38:09-925 -0.10058594 0.018554688 -1.3876953 -21.768293 -98.29269 3.2317073	
2022-08-21-19:38:09-929 -0.119140625 -0.0146484375 -1.4130859 -25.121952 -135.85367 2.012195	
2022-08-21-19:38:09-932 -0.095214844 -0.016113281 -1.3051758 -7.804878 -145.54878 5.304878	
2022-08-21-19:38:09-936 1.1503906 -0.2602539 -1.0581055 -3.902439 -131.82927 1.5853659	
2022-08-21-19:38:09-940 1.6479492 -0.009277344 -1.8388672 14.817074 -12.743903 -32.439026	
2022-08-21-19:38:09-945 2.043457 -0.16796875 -1.5776367 -39.32927 77.98781 -64.756096	
2022-08-21-19:38:09-949 2.2050781 -0.20214844 -1.3837891 -35.30488 170.36586 -67.07317	
2022-08-21-19:38:09-954 2.1484375 -0.024902344 -1.4130859 -35.914635 212.43903 -33.536587	
2022-08-21-19:38:09-960 2.1762695 -0.11816406 -1.4243164 -68.65854 255.12196 0.42682928	
2022-08-21-19:38:09-963 1.9624023 -0.45947266 -1.3740234 -59.87805 292.62195 23.292683	
2022-08-21-19:38:09-967 1.7226562 -0.47070312 -1.3261719 -11.829268 314.7561 29.085367	
2022-08-21-19:38:10-220 1.4628906 -0.42919922 -1.2485352 29.146341 325.30487 17.987804	
2022-08-21-19:38:10-228 1.2475586 -0.24365234 -1.1401367 60.243904 330.60977 25.182928	
2022-08-21-19:38:10-233 1.1606445 0.09082031 -1.0371094 83.71951 338.0488 46.82927	
2022-08-21-19:38:10-237 0.93847656 0.1850586 -1.0405273 75.36585 345.0 57.987804	
2022-08-21-19:38:10-240 0.09326172 -0.11621094 -1.0444336 63.59756 334.39026 40.73171	
2022-08-21-19:38:10-243 -1.5141602 -0.0126953125 -0.8041992 79.45122 277.5 -33.292683	
2022-08-21-19:38:10-248 -2.8339844 0.8027344 -1.0258789 114.63415 160.97562 -57.2561	
2022-08-21-19:38:10-252 -3.6972656 1.6728516 -1.1274414 44.573174 80.79269 -17.560976	
2022-08-21-19:38:10-256 -3.9492188 1.4208984 -1.3647461 -27.560976 -21.036587 10.670732	
2022-08-21-19:38:10-260 -3.949707 1.3354492 -1.4682617 -46.09756 -69.268295 5.609756	
2022-08-21-19:38:10-264 -2.5805664 0.25732422 -1.8457031 -103.414635 -167.01219 -11.829268	
2022-08-21-19:38:10-267 4.7685547 -2.072754 0.43115234 37.865856 -220.60976 133.90244	
2022-08-21-19:38:10-271 -3.2749023 -1.0273438 -5.095703 -264.45123 -1017.13416 -115.67073	
2022-08-21-19:38:10-274 -0.61376953 2.3964844 -5.0117188 279.93903 -1158.4147 -342.7439	
2022-08-21-19:38:10-278 -1.6855469 -1.3491211 -2.7421875 -32.439026 130.30489 27.682928	
2022-08-21-19:38:10-286 0.9160156 0.6977539 -0.123535156 -102.19512 -71.70732 -0.42682928	
2022-08-21-19:38:10-531 -0.091308594 -0.2685547 -1.3105469 -5.365854 -90.426834 -8.04878	
2022-08-21-19:38:10-535 -0.45361328 -0.16845703 -1.0605469 -33.292683 -70.121956 3.902439	
2022-08-21-19:38:10-540 -0.15820312 0.13134766 -0.5864258 -33.292683 -20.060976 11.585366	
2022-08-21-19:38:10-546 -0.037109375 0.06347656 -0.69433594 2.2560976 49.085365 -3.6585367	
2022-08-21-19:38:10-552 0.095703125 -0.028808594 -1.5146484 6.585366 15.914635 -1.7073171	
2022-08-21-19:38:10-558 0.001953125 0.10546875 -0.8828125 16.40244 -53.719513 -1.4634147	
2022-08-21-19:38:10-562 -0.05908203 -0.08251953 -0.94189453 36.09756 -39.817074 -10.182927	
2022-08-21-19:38:10-566 -0.09863281 -0.12060547 -0.8300781 -0.36585367 0.6707317 0.06097561	
2022-08-21-19:38:10-569 -0.057617188 0.041015625 -0.80322266 -21.280489 44.573174 3.5365853	
2022-08-21-19:38:10-572 0.056640625 -0.0126953125 -1.3623047 -23.170732 19.634148 0.6097561	
2022-08-21-19:38:10-576 -0.025390625 -0.033691406 -1.0102539 -32.317074 -27.012196 3.5975611	
2022-08-21-19:38:10-580 -0.045410156 0.026855469 -0.98339844 -34.7561 -17.256098 8.170732	
2022-08-21-19:38:10-586 -0.04345703 0.084472656 -0.7841797 -33.59756 -5.914634 6.9512196	
2022-08-21-19:38:10-589 -0.04638672 0.091308594 -0.8486328 -7.9268293 11.585366 0.12195122	
2022-08-21-19:38:10-594 -0.008300781 0.016601562 -1.1918945 -6.0365853 -2.7439024 -0.42682928	
2022-08-21-19:38:10-599 -0.041503906 -0.03173828 -1.1699219 -30.487806 -15.914635 5.121951	
2022-08-21-19:38:10-847 -0.106933594 -0.063964844 -1.0092773 -45.609756 -20.121952 20.609756	
2022-08-21-19:38:10-853 -0.06591797 0.109375 -0.7807617 -36.768295 -7.804878 39.207317	
2022-08-21-19:38:10-860 -0.013671875 0.37353516 -0.7348633 -11.707317 9.573171 22.5	
2022-08-21-19:38:10-865 -0.0126953125 0.1640625 -0.6928711 32.560978 25.42683 1.5853659	
2022-08-21-19:38:10-869 -0.020507812 -0.0043945312 -1.3173828 48.109756 3.292683 -7.4390244	
2022-08-21-19:38:10-873 -0.033203125 0.022460938 -1.2202148 -4.878049 -21.463415 0.6707317	
2022-08-21-19:38:10-877 -0.029785156 0.103027344 -0.92089844 -19.573172 -25.182928 3.4146342	
2022-08-21-19:38:10-882 -0.056152344 0.051757812 -0.83447266 0.6097561 -19.085367 5.792683	
2022-08-21-19:38:10-886 -0.078125 0.15673828 -0.7807617 14.3902445 -0.12195122 -6.097561	
2022-08-21-19:38:10-890 -0.071777344 0.01953125 -1.1005859 24.268293 3.7195122 -9.512196	
2022-08-21-19:38:10-896 -0.052246094 0.055664062 -1.0224609 10.304878 -0.18292683 -4.756098	
2022-08-21-19:38:10-900 -0.0546875 0.075683594 -0.92578125 11.646341 4.8170733 -5.670732	
2022-08-21-19:38:10-904 -0.06591797 0.055664062 -0.90234375 16.158537 10.731708 -6.890244	
2022-08-21-19:38:10-907 -0.057617188 0.04248047 -0.9868164 25.42683 21.95122 -8.658537	
2022-08-21-19:38:10-913 -0.053710938 0.028808594 -0.9394531 19.268293 30.54878 -7.1341467	
2022-08-21-19:38:10-919 -0.044921875 0.049316406 -0.8984375 22.560976 52.865856 -6.7073174	
2022-08-21-19:38:11-163 -0.0014648438 0.001953125 -1.1020508 33.048782 87.0122 -7.7439027	
2022-08-21-19:38:11-167 0.3671875 -0.16064453 -1.1728516 30.304878 94.02439 -9.573171	
2022-08-21-19:38:11-170 -0.43115234 -0.028808594 -1.4233398 -19.32927 82.439026 -33.414635	
2022-08-21-19:38:11-175 -0.5205078 0.17138672 -2.4277344 -21.707317 243.96342 -60.060978	
2022-08-21-19:38:11-182 -0.2631836 0.13867188 -2.3989258 -25.365854 477.07318 26.646341	
2022-08-21-19:38:11-186 -0.54345703 0.27441406 -2.4799805 13.536586 462.2561 12.317074	
2022-08-21-19:38:11-188 -1.5932617 0.084472656 -1.9526367 -62.317074 338.47562 26.524391	
2022-08-21-19:38:11-192 -9.845703 -1.2207031 1.0830078 -32.2561 183.04878 24.695122	
2022-08-21-19:38:11-195 -5.211914 0.50634766 -2.2202148 170.7317 -436.82928 92.37805	
2022-08-21-19:38:11-199 -0.12792969 1.5332031 -2.5839844 -82.68293 -248.47562 -28.719513	
2022-08-21-19:38:11-202 -2.559082 -0.4736328 -2.239746 -129.08537 -398.2927 22.865854	
2022-08-21-19:38:11-204 0.08642578 -0.30029297 -2.494629 -22.134148 -485.48782 42.682926	
2022-08-21-19:38:11-207 0.87353516 -0.52441406 -1.7626953 -89.63415 -492.56097 11.52439	
2022-08-21-19:38:11-209 1.715332 -0.48535156 -1.2617188 -57.68293 -577.439 15.792684	
2022-08-21-19:38:11-211 6.506836 -1.1591797 -4.4726562 265.85367 -287.13416 102.926834	
2022-08-21-19:38:11-214 7.944336 -0.7949219 -1.9331055 -104.57317 -20.0 38.414635	
2022-08-21-19:38:11-315 0 0 0 0 0 1000	
2022-08-21-19:38:16-221 0 0 0 0 0 1000	
2022-08-21-19:38:16-248 -0.107910156 -0.049804688 -0.97802734 -2.682927 7.7439027 -1.097561	
2022-08-21-19:38:16-253 -0.092285156 0.020019531 -0.93066406 -3.0487804 11.463415 3.4756098	
2022-08-21-19:38:16-255 -0.0703125 0.03955078 -0.97021484 0.6097561 8.902439 -1.7682927	
2022-08-21-19:38:16-258 -0.100097656 -0.029296875 -0.9321289 6.097561 7.012195 -6.4634147	
2022-08-21-19:38:16-261 -0.09814453 -0.008300781 -0.93115234 12.073171 11.158537 -2.195122	
2022-08-21-19:38:16-263 -0.07324219 0.017578125 -0.89404297 10.426829 23.536587 -3.6585367	
2022-08-21-19:38:16-265 -0.10205078 -0.04638672 -1.034668 -1.097561 41.52439 -6.768293	
2022-08-21-19:38:16-266 -0.028808594 -0.0034179688 -1.0366211 -17.621952 11.646341 0.0	
2022-08-21-19:38:16-268 -0.053222656 -0.009277344 -1.0976562 2.987805 -3.8414636 -1.5853659	
2022-08-21-19:38:16-269 -0.055664062 -0.018066406 -1.0078125 8.414635 -1.8902439 -2.317073	
2022-08-21-19:38:16-270 -0.064453125 -0.012207031 -0.9892578 5.304878 -0.36585367 -1.2195122	
2022-08-21-19:38:16-273 -0.06298828 -0.013183594 -0.97753906 6.402439 2.0731707 -1.1585366	
2022-08-21-19:38:16-274 -0.055664062 -0.017089844 -0.9682617 8.47561 4.9390244 -1.5853659	
2022-08-21-19:38:16-276 -0.045410156 -0.025390625 -0.98046875 9.268292 3.5365853 -1.6463414	
2022-08-21-19:38:16-280 -0.056152344 -0.028808594 -0.98779297 9.207317 1.8902439 -1.4634147	
2022-08-21-19:38:16-283 -0.057128906 -0.029785156 -0.97998047 7.6219516 1.2804878 -1.1585366	
2022-08-21-19:38:16-721 -0.048828125 -0.037109375 -0.9785156 5.7317076 0.06097561 -1.1585366	
2022-08-21-19:38:16-725 -0.05419922 -0.03955078 -0.9765625 2.6219513 -2.4390244 -0.9756098	
2022-08-21-19:38:16-729 -0.05810547 -0.03564453 -0.9746094 0.79268295 -1.097561 -0.4878049	
2022-08-21-19:38:16-732 -0.056640625 -0.037109375 -0.9790039 -0.06097561 0.79268295 -0.5487805	
2022-08-21-19:38:16-737 -0.05126953 -0.036621094 -0.9682617 -1.4634147 2.317073 -0.42682928	
2022-08-21-19:38:16-741 -0.057128906 -0.034179688 -0.97802734 -1.6463414 4.2073174 -0.30487806	
2022-08-21-19:38:16-745 -0.043945312 -0.03515625 -0.9794922 -1.097561 4.1463413 -0.24390244	
2022-08-21-19:38:16-749 -0.05078125 -0.037109375 -0.96777344 -2.5 2.682927 -0.24390244	
2022-08-21-19:38:16-753 -0.052734375 -0.032226562 -0.9794922 -3.902439 1.3414634 -0.06097561	
2022-08-21-19:38:16-758 -0.04736328 -0.03564453 -0.97265625 -5.182927 1.7682927 0.0	
2022-08-21-19:38:16-764 -0.052246094 -0.032226562 -0.96875 -7.4390244 4.5731707 0.0	
2022-08-21-19:38:16-768 -0.041992188 -0.023925781 -0.96484375 -7.3170733 7.5609756 -0.12195122	
2022-08-21-19:38:16-771 -0.03955078 -0.020996094 -0.9794922 -5.609756 8.04878 -0.30487806	
2022-08-21-19:38:16-776 -0.044433594 -0.020996094 -1.0004883 -4.3292685 4.634146 -0.36585367	
2022-08-21-19:38:16-780 -0.040527344 -0.018554688 -0.99853516 -3.7804878 2.1341465 -0.24390244	
2022-08-21-19:38:16-786 -0.03466797 -0.01953125 -0.984375 -3.9634147 1.2804878 -0.12195122	
2022-08-21-19:38:16-877 -0.052246094 -0.017578125 -0.99658203 -5.182927 2.7439024 0.12195122	
2022-08-21-19:38:16-884 -0.045410156 -0.008300781 -1.0019531 -6.402439 3.7195122 0.24390244	
2022-08-21-19:38:16-889 -0.041503906 -0.0073242188 -1.0029297 -5.914634 2.9268293 -0.12195122	
2022-08-21-19:38:16-895 -0.047851562 -0.009277344 -1.0151367 -5.792683 2.0731707 -0.5487805	
2022-08-21-19:38:16-899 -0.045410156 -0.016601562 -1.0209961 -5.5487804 1.6463414 -0.85365856	
2022-08-21-19:38:16-903 -0.024902344 -0.017089844 -0.9794922 -10.853659 -5.365854 -0.30487806	
2022-08-21-19:38:16-909 -0.025390625 0.021484375 -0.9785156 -26.463415 -1.1585366 0.30487806	
2022-08-21-19:38:16-914 -0.16113281 0.009277344 -1.0507812 -15.609756 22.37805 12.987805	
2022-08-21-19:38:16-920 -0.26757812 -0.64746094 -0.9511719 57.987804 35.0 58.170734	
2022-08-21-19:38:16-924 -0.07421875 0.2836914 -1.0585938 86.82927 -1.0365853 104.20732	
2022-08-21-19:38:16-929 0.13720703 0.12158203 -0.98828125 -0.24390244 -22.743902 92.2561	
2022-08-21-19:38:16-933 0.33203125 0.07128906 -0.94433594 10.304878 -21.09756 67.68293	
2022-08-21-19:38:16-939 0.5107422 0.14453125 -0.9897461 2.8658538 -22.804878 33.35366	
2022-08-21-19:38:16-943 0.6660156 0.088378906 -1.0761719 -14.817074 -20.121952 -8.292683	
2022-08-21-19:38:16-949 0.72509766 -0.0024414062 -1.1376953 -28.353659 -14.878049 -43.170734	
2022-08-21-19:38:16-953 0.8027344 -0.06347656 -1.1816406 -30.97561 -11.036586 -59.08537	
2022-08-21-19:38:17-193 1.0224609 -0.09765625 -1.2202148 -32.560978 -3.0487804 -67.560974	
2022-08-21-19:38:17-197 1.2553711 -0.18896484 -1.2304688 -33.59756 13.597561 -73.10976	
2022-08-21-19:38:17-201 1.4194336 -0.25976562 -1.2836914 -26.280489 34.939026 -63.048782	
2022-08-21-19:38:17-204 1.6914062 -0.32226562 -1.3208008 -29.45122 62.2561 -48.170734	
2022-08-21-19:38:17-207 1.8740234 -0.5449219 -1.2456055 -23.353659 99.57317 -23.536587	
2022-08-21-19:38:17-212 1.9511719 -0.4404297 -1.2358398 -3.8414636 143.17073 0.0	
2022-08-21-19:38:17-218 1.9790039 -0.5488281 -1.1826172 10.060976 187.5 12.439025	
2022-08-21-19:38:17-223 1.8422852 -0.35791016 -1.1879883 43.475613 233.10976 30.121952	
2022-08-21-19:38:17-228 1.7460938 -0.111816406 -1.2392578 64.939026 258.10977 39.878048	
2022-08-21-19:38:17-232 1.5600586 0.31103516 -1.3886719 77.68293 282.43903 38.414635	
2022-08-21-19:38:17-236 1.1704102 0.39453125 -1.1787109 59.207317 303.9634 34.32927	
2022-08-21-19:38:17-240 0.75390625 0.5830078 -0.7890625 45.30488 296.2195 42.5	
2022-08-21-19:38:17-245 0.41796875 0.3203125 -0.9736328 9.573171 267.07318 27.987806	
2022-08-21-19:38:17-249 -0.18603516 -0.14404297 -1.090332 23.841463 278.41464 -30.243902	
2022-08-21-19:38:17-254 -1.5947266 -0.40527344 -0.8964844 36.95122 235.67073 -107.19512	
2022-08-21-19:38:17-260 -3.0498047 -0.11767578 -0.90771484 80.54878 123.71951 -100.18293	
2022-08-21-19:38:17-552 -3.4980469 0.5810547 -0.95751953 79.32927 13.780488 -21.707317	
2022-08-21-19:38:17-557 -4.01416 2.084961 -1.5483398 69.69512 -55.73171 81.40244	
2022-08-21-19:38:17-561 -4.15625 0.57910156 -1.6445312 -121.40244 -137.5 122.439026	
2022-08-21-19:38:17-565 4.5273438 -4.2783203 -3.3320312 -91.28049 -244.5122 152.5	
2022-08-21-19:38:17-568 5.9033203 -2.3574219 1.5253906 9.02439 -233.04878 138.90244	
2022-08-21-19:38:17-572 -2.4887695 -1.1103516 -4.7509766 -281.82928 -772.439 -116.585365	
2022-08-21-19:38:17-577 -0.7104492 1.9467773 -3.697754 29.573172 -1066.7074 -372.8049	
2022-08-21-19:38:17-582 -1.6582031 -0.23632812 -2.788086 130.7317 -232.56097 -12.5	
2022-08-21-19:38:17-586 0.4814453 -0.23583984 -1.2724609 -96.46342 -18.04878 -4.2073174	
2022-08-21-19:38:17-591 0.001953125 -0.19482422 -1.0766602 -43.23171 -82.5 -6.2195125	
2022-08-21-19:38:17-595 0.04345703 -0.020507812 -1.0517578 -44.512196 -77.86585 12.560976	
2022-08-21-19:38:17-599 -0.3540039 -0.3125 -0.9970703 -37.682926 -61.219513 26.768293	
2022-08-21-19:38:17-602 -0.17089844 0.1665039 -0.106933594 -51.585365 -24.024391 43.23171	
2022-08-21-19:38:17-607 -0.030761719 0.3022461 -0.8339844 9.634147 82.07317 10.304878	
2022-08-21-19:38:17-610 0.111816406 0.0063476562 -1.9521484 -11.402439 -4.2073174 0.4878049	
2022-08-21-19:38:17-614 -0.044921875 0.09277344 -0.8232422 21.585367 -54.085365 -2.5	
2022-08-21-19:38:17-824 -0.07470703 0.0625 -0.6928711 50.792683 -49.817074 -10.54878	
2022-08-21-19:38:17-829 -0.08886719 -0.076660156 -0.93310547 62.134148 -15.731708 -15.914635	
2022-08-21-19:38:17-832 -0.12402344 -0.12695312 -0.68359375 15.304878 49.634148 3.902439	
2022-08-21-19:38:17-836 0.04345703 -0.029785156 -1.7875977 7.012195 -4.634146 -0.6097561	
2022-08-21-19:38:17-840 -0.076660156 -0.015625 -0.81591797 -1.1585366 -33.780487 -3.1097562	
2022-08-21-19:38:17-846 -0.08642578 -0.06591797 -0.85253906 -3.1097562 -15.365854 -3.3536587	
2022-08-21-19:38:17-852 -0.091308594 0.018066406 -0.7890625 -2.682927 1.5853659 1.8292683	
2022-08-21-19:38:17-857 -0.08203125 -0.01953125 -0.8564453 13.597561 17.256098 -0.91463417	
2022-08-21-19:38:17-861 -0.03564453 -0.038085938 -1.3007812 26.463415 -1.7073171 -4.9390244	
2022-08-21-19:38:17-865 -0.07373047 -0.09277344 -1.0048828 10.243902 -17.804878 -5.670732	
2022-08-21-19:38:17-869 -0.08886719 -0.071777344 -0.92529297 -4.6951222 -8.597561 -3.0487804	
2022-08-21-19:38:17-872 -0.0859375 -0.07861328 -0.89697266 -14.085366 4.02439 0.06097561	
2022-08-21-19:38:17-877 -0.07080078 -0.05859375 -1.0449219 -29.45122 5.792683 3.4146342	
2022-08-21-19:38:17-882 -0.08300781 -0.03564453 -0.9658203 -37.682926 3.2317073 4.5731707	
2022-08-21-19:38:17-887 -0.07519531 0.025878906 -0.9589844 -38.90244 5.670732 3.7804878	
2022-08-21-19:38:17-891 -0.061035156 0.061035156 -0.9550781 -20.914635 7.256098 -0.85365856	
2022-08-21-19:38:18-182 -0.06933594 0.0048828125 -0.9057617 -8.963415 9.878049 -3.7195122	
2022-08-21-19:38:18-187 -0.06347656 0.008300781 -0.97558594 -7.0731707 11.829268 -2.682927	
2022-08-21-19:38:18-190 -0.06201172 0.0068359375 -0.9819336 -1.7682927 11.646341 -1.7073171	
2022-08-21-19:38:18-196 -0.052734375 0.028808594 -0.9428711 0.91463417 17.012196 -0.91463417	
2022-08-21-19:38:18-200 -0.048828125 0.027832031 -0.89160156 8.170732 33.780487 -2.8658538	
2022-08-21-19:38:18-204 -0.028320312 0.0146484375 -0.9238281 19.268293 67.926834 -4.512195	
2022-08-21-19:38:18-209 -0.0390625 -0.009277344 -1.0112305 27.5 88.35366 -5.0	
2022-08-21-19:38:18-216 0.1640625 -0.055664062 -1.1723633 35.73171 92.86585 -4.2073174	
2022-08-21-19:38:18-222 -0.7963867 0.23486328 -1.3955078 -12.134147 59.268295 -11.707317	
2022-08-21-19:38:18-227 -0.4555664 -0.018554688 -2.5629883 -17.439024 256.89026 3.6585367	
2022-08-21-19:38:18-231 -0.38330078 -0.1850586 -2.7338867 4.085366 525.4268 11.829268	
2022-08-21-19:38:18-236 -0.92529297 0.18115234 -2.9248047 -9.329268 490.48782 -13.170732	
2022-08-21-19:38:18-241 -2.206543 0.02734375 -1.8046875 -53.048782 439.2683 -21.524391	
2022-08-21-19:38:18-245 -10.581055 -1.5126953 0.6459961 8.414635 74.756096 15.914635	
2022-08-21-19:38:18-250 -3.5014648 1.3979492 -2.5527344 238.04878 -386.4634 118.23171	
2022-08-21-19:38:18-255 -0.07910156 1.9453125 -2.4882812 -106.34147 -245.48781 -67.560974	
2022-08-21-19:38:18-533 -1.6679688 -1.3354492 -2.0395508 -202.19513 -340.85367 -67.439026	
2022-08-21-19:38:18-536 0.3803711 -0.7973633 -2.0996094 -34.45122 -483.7805 27.560976	
2022-08-21-19:38:18-543 1.2158203 -0.48779297 -1.784668 -57.012196 -492.56097 82.31708	
2022-08-21-19:38:18-547 1.765625 -0.13085938 -1.5083008 -71.95122 -495.97562 81.70732	
2022-08-21-19:38:18-550 4.1435547 -1.2475586 -1.1879883 -100.79269 -467.37805 21.82927	
2022-08-21-19:38:18-552 3.364746 0.56884766 -1.1669922 300.2439 46.646343 160.7927	
2022-08-21-19:38:18-557 6.144043 -0.56884766 -2.572754 2.5609756 69.756096 39.268295	
2022-08-21-19:38:18-561 0.4189453 0.9633789 -2.4257812 99.20732 268.5366 40.914635	
2022-08-21-19:38:18-564 -0.4638672 0.11621094 -1.1889648 47.5 168.17073 -35.609756	
2022-08-21-19:38:18-567 -0.036621094 -0.1171875 -1.4404297 54.817074 130.79268 -43.719513	
2022-08-21-19:38:18-570 -0.114746094 -0.16357422 -1.3212891 31.585367 93.04878 -32.439026	
2022-08-21-19:38:18-574 -0.111816406 -0.16064453 -1.1879883 4.512195 54.7561 -9.756098	
2022-08-21-19:38:18-576 -0.06689453 -0.05908203 -1.1401367 5.2439027 25.060976 4.634146	
2022-08-21-19:38:18-579 -0.07373047 -0.024902344 -0.9404297 3.902439 9.756098 9.329268	
2022-08-21-19:38:18-581 -0.080566406 -4.8828125E-4 -0.9199219 -10.97561 19.390244 6.9512196	
2022-08-21-19:38:18-584 -0.06591797 -0.0126953125 -1.0019531 -26.585367 24.939026 7.987805	
2022-08-21-19:38:18-632 0 0 0 0 0 1000	
2022-08-21-19:38:20-044 0 0 0 0 0 1000	
2022-08-21-19:38:20-070 -0.04248047 -0.0048828125 -0.99902344 -2.0731707 1.5243902 -0.18292683	
2022-08-21-19:38:20-072 -0.0390625 -0.0029296875 -0.98876953 -2.5 -0.12195122 -0.06097561	
2022-08-21-19:38:20-076 -0.026367188 -0.012207031 -0.9458008 -3.292683 0.6707317 -0.18292683	
2022-08-21-19:38:20-080 -0.048828125 -0.0068359375 -0.9824219 -5.0 3.7195122 -0.06097561	
2022-08-21-19:38:20-083 -0.03515625 0.015625 -1.0009766 -4.02439 3.5365853 0.06097561	
2022-08-21-19:38:20-088 -0.03955078 0.0107421875 -1.0244141 -0.6707317 -0.12195122 -0.5487805	
2022-08-21-19:38:20-090 -0.046875 0.0 -1.0185547 2.012195 -3.9634147 -1.2195122	
2022-08-21-19:38:20-093 -0.05029297 -0.0073242188 -1.027832 1.7682927 -3.1707318 -1.5853659	
2022-08-21-19:38:20-095 -0.03173828 0.010253906 -0.9921875 -7.5609756 -3.2317073 -1.097561	
2022-08-21-19:38:20-097 -0.017089844 -0.019042969 -0.9223633 -12.560976 -4.4512196 -3.3536587	
2022-08-21-19:38:20-100 -0.10205078 -0.10839844 -1.0068359 2.5609756 -13.414635 -0.9756098	
2022-08-21-19:38:20-101 -0.060546875 -0.036132812 -1.1069336 -8.170732 -18.719513 19.024391	
2022-08-21-19:38:20-103 -0.009277344 -0.001953125 -1.1469727 0.36585367 -48.90244 19.756098	
2022-08-21-19:38:20-105 0.087402344 0.11376953 -1.2124023 -0.73170733 -72.19512 21.280489	
2022-08-21-19:38:20-107 0.122558594 0.2446289 -1.1464844 -19.268293 -75.73171 -4.268293	
2022-08-21-19:38:20-108 0.7841797 -0.109375 -1.059082 -29.939026 -68.53659 -37.5	
2022-08-21-19:38:20-390 1.1733398 -0.019042969 -1.2456055 10.609756 -47.987804 -83.10976	
2022-08-21-19:38:20-395 1.2998047 0.1430664 -1.2802734 10.426829 -27.073172 -102.926834	
2022-08-21-19:38:20-400 1.3413086 0.045898438 -1.2983398 -21.280489 -0.9756098 -100.79269	
2022-08-21-19:38:20-407 1.6777344 -0.103515625 -1.3476562 -29.512196 38.780487 -59.87805	
2022-08-21-19:38:20-410 1.9658203 -0.24169922 -1.3505859 -38.536587 101.34147 -25.670732	
2022-08-21-19:38:20-415 1.9736328 -0.2944336 -1.3769531 -34.939026 151.15854 -20.792683	
2022-08-21-19:38:20-420 1.8623047 -0.26464844 -1.4272461 -30.243902 181.34146 -30.731709	
2022-08-21-19:38:20-424 1.5737305 -0.27783203 -1.4477539 -23.90244 197.13416 -40.97561	
2022-08-21-19:38:20-428 1.5092773 -0.42236328 -1.4975586 -13.109756 204.2683 -49.817074	
2022-08-21-19:38:20-432 1.265625 -0.28222656 -1.4785156 10.182927 229.20732 -53.414635	
2022-08-21-19:38:20-440 1.0112305 0.21240234 -1.4111328 27.621952 240.18294 -51.341465	
2022-08-21-19:38:20-445 0.91015625 0.70751953 -1.3823242 5.182927 244.08537 -43.475613	
2022-08-21-19:38:20-449 1.0263672 0.45117188 -1.1523438 -56.341465 261.70734 -26.219513	
2022-08-21-19:38:20-453 0.9433594 -0.51464844 -0.94921875 -80.426834 316.2805 3.9634147	
2022-08-21-19:38:20-460 0.23242188 -1.2138672 -0.6044922 -33.536587 350.97562 3.1097562	
2022-08-21-19:38:20-464 -0.8979492 -1.2402344 -0.44140625 38.963417 319.69513 -6.9512196	
2022-08-21-19:38:20-704 -2.428711 -0.4091797 -0.30126953 132.86586 223.04878 -20.97561	
2022-08-21-19:38:20-708 -3.2929688 1.5195312 -1.0498047 176.70732 77.86585 66.95122	
2022-08-21-19:38:20-714 -3.8486328 2.2124023 -1.3881836 65.36585 2.4390244 136.03659	
2022-08-21-19:38:20-721 -4.9492188 0.91796875 -1.3813477 -69.939026 -75.54878 149.93903	
2022-08-21-19:38:20-726 -4.456543 -0.45166016 -1.28125 -130.85367 -193.41464 144.08537	
2022-08-21-19:38:20-730 6.70459 -1.7758789 1.2211914 10.365854 -255.30489 135.79268	
2022-08-21-19:38:20-734 -5.084961 -0.8222656 -5.976074 -336.2195 -1014.8171 -13.353659	
2022-08-21-19:38:20-738 -0.34179688 2.5996094 -6.595215 327.13416 -1211.3414 -350.06097	
2022-08-21-19:38:20-741 -1.2641602 -1.0664062 -3.0810547 -46.82927 131.15854 21.341463	
2022-08-21-19:38:20-746 0.69677734 0.7348633 0.21582031 -32.621952 -76.768295 -11.219512	
2022-08-21-19:38:20-749 0.1616211 -0.36376953 -0.6640625 10.54878 -70.426834 -8.963415	
2022-08-21-19:38:20-754 -0.06347656 0.07324219 -1.3217773 -38.719513 -30.365854 10.670732	
2022-08-21-19:38:20-758 -0.07714844 -0.010253906 -0.67578125 -8.963415 4.1463413 3.5975611	
2022-08-21-19:38:20-763 0.029785156 -0.03564453 -1.2177734 -10.243902 31.219513 3.3536587	
2022-08-21-19:38:20-766 0.028808594 -0.0146484375 -1.1176758 -21.95122 -36.52439 4.5731707	
2022-08-21-19:38:20-769 0.0859375 -0.04638672 -0.953125 -26.646341 -47.134148 7.1951222	
2022-08-21-19:38:21-017 -0.087402344 0.017089844 -0.7548828 -25.42683 -19.512196 10.792684	
2022-08-21-19:38:21-021 -0.048828125 0.08691406 -0.84521484 -15.243903 15.060976 6.646342	
2022-08-21-19:38:21-025 0.022949219 0.020996094 -1.0791016 1.7682927 19.817074 -0.24390244	
2022-08-21-19:38:21-030 -0.013671875 0.022949219 -1.1635742 -9.634147 -22.256098 -0.42682928	
2022-08-21-19:38:21-036 0.0014648438 -0.014160156 -1.0493164 -14.329268 -24.45122 0.36585367	
2022-08-21-19:38:21-041 -0.05078125 -0.0048828125 -0.79296875 -5.365854 -20.243902 10.0	
2022-08-21-19:38:21-046 -0.061523438 0.12695312 -0.7026367 11.829268 -9.268292 4.6951222	
2022-08-21-19:38:21-049 -0.017089844 0.123535156 -0.8876953 55.30488 -12.682927 -8.04878	
2022-08-21-19:38:21-053 -0.024414062 -0.17675781 -1.3833008 42.80488 -7.5 -11.280488	
2022-08-21-19:38:21-058 -0.05859375 -0.05419922 -0.98535156 -11.95122 -12.317074 0.36585367	
2022-08-21-19:38:21-063 -0.057128906 -0.0063476562 -0.9326172 -20.792683 -1.5853659 1.9512196	
2022-08-21-19:38:21-067 -0.0625 -0.032714844 -0.9199219 -31.09756 3.8414636 3.1097562	
2022-08-21-19:38:21-073 -0.010253906 0.041992188 -1.0375977 -34.45122 -0.30487806 4.2073174	
2022-08-21-19:38:21-077 -0.013183594 0.05029297 -1.0493164 -25.0 -9.02439 1.402439	
2022-08-21-19:38:21-083 -0.011230469 -0.04296875 -1.0253906 -24.207317 -10.182927 3.7195122	
2022-08-21-19:38:21-087 -0.045898438 0.03857422 -0.8964844 -19.207317 -9.329268 15.487805	
2022-08-21-19:38:21-334 -0.09082031 0.17578125 -0.7607422 -3.2317073 2.987805 6.0365853	
2022-08-21-19:38:21-339 -0.08105469 0.071777344 -0.8955078 24.512196 23.841463 -8.292683	
2022-08-21-19:38:21-343 -0.048828125 0.0029296875 -1.0200195 22.012196 27.804878 -8.170732	
2022-08-21-19:38:21-347 -0.03515625 0.029296875 -0.91015625 15.731708 43.475613 -6.097561	
2022-08-21-19:38:21-353 0.0053710938 0.016601562 -0.95947266 24.45122 76.40244 -5.97561	
2022-08-21-19:38:21-358 0.0703125 -0.020019531 -1.1352539 37.19512 98.29269 -4.4512196	
2022-08-21-19:38:21-364 0.0126953125 -0.103027344 -1.28125 10.0 77.37805 -24.390244	
2022-08-21-19:38:21-367 -0.47216797 0.048339844 -2.0717773 -22.073172 83.597565 -24.634148	
2022-08-21-19:38:21-371 -0.20751953 0.19726562 -2.6137695 13.231708 443.0488 11.158537	
2022-08-21-19:38:21-375 -0.6044922 -0.30078125 -3.1591797 67.621956 514.20734 3.7195122	
2022-08-21-19:38:21-380 -1.0541992 0.33007812 -2.3920898 24.634148 505.42685 -15.54878	
2022-08-21-19:38:21-385 -2.6582031 1.0449219 0.09472656 283.17075 240.18294 -29.45122	
2022-08-21-19:38:21-390 -7.9467773 0.025878906 0.26220703 -119.14635 -178.53659 178.2927	
2022-08-21-19:38:21-396 7.253418 -0.2163086 -3.680664 -65.30488 -207.5 172.07318	
2022-08-21-19:38:21-400 -4.9179688 0.10839844 0.54296875 -43.536587 16.036585 2.9268293	
2022-08-21-19:38:21-409 -1.1118164 -0.8251953 -1.90625 -178.10976 -491.82928 -9.207317	
2022-08-21-19:38:21-647 -0.33154297 0.72265625 -1.7680664 -2.9268293 -315.2439 -66.46342	
2022-08-21-19:38:21-651 -0.30029297 -0.118652344 -1.2392578 -69.87805 -331.89026 -118.17074	
2022-08-21-19:38:21-656 0.4189453 -0.020019531 -1.456543 31.768293 -360.91464 -101.768295	
2022-08-21-19:38:21-662 0.89453125 0.41748047 -1.2978516 -20.060976 -351.52438 -38.780487	
2022-08-21-19:38:21-666 1.0463867 0.11035156 -0.8730469 -75.48781 -370.0 23.719513	
2022-08-21-19:38:21-669 1.1884766 0.05029297 -0.8144531 -19.634148 -410.18292 52.743904	
2022-08-21-19:38:21-673 4.798828 0.16894531 -3.8017578 97.621956 -59.939026 64.45122	
2022-08-21-19:38:21-677 2.0639648 0.77978516 -1.190918 83.65854 237.13416 56.890244	
2022-08-21-19:38:21-682 4.380371 -1.3813477 -2.8457031 -10.182927 122.926834 4.634146	
2022-08-21-19:38:21-686 -0.88964844 0.20117188 -1.9858398 61.707317 203.04878 -0.24390244	
2022-08-21-19:38:21-692 -0.2319336 -0.0546875 -1.0673828 10.792684 154.14635 9.756098	
2022-08-21-19:38:21-696 -0.1171875 -0.05517578 -0.91552734 8.902439 147.2561 23.353659	
2022-08-21-19:38:21-699 -0.016113281 0.022949219 -1.5239258 44.878048 104.81708 29.32927	
2022-08-21-19:38:21-702 -0.06689453 -0.00390625 -1.3759766 12.682927 44.45122 18.353659	
2022-08-21-19:38:21-706 -0.056640625 -0.052734375 -1.1835938 -11.158537 7.804878 13.719513	
2022-08-21-19:38:21-710 -0.09716797 -0.07910156 -0.9482422 -9.573171 -10.060976 23.170732	
2022-08-21-19:38:21-836 0 0 0 0 0 1000	
2022-08-21-19:38:23-163 0 0 0 0 0 1000	
2022-08-21-19:38:23-222 -0.027832031 -0.0073242188 -0.9897461 -1.1585366 1.097561 -0.06097561	
2022-08-21-19:38:23-224 -0.03173828 -0.0014648438 -0.98828125 -0.5487805 1.2195122 -0.18292683	
2022-08-21-19:38:23-228 -0.03515625 -0.001953125 -1.0083008 -0.9756098 0.6707317 0.12195122	
2022-08-21-19:38:23-230 -0.037597656 -0.009277344 -1.0380859 -1.2804878 -2.5 -0.12195122	
2022-08-21-19:38:23-232 -0.024902344 -0.010253906 -0.9980469 -3.1707318 -4.756098 0.30487806	
2022-08-21-19:38:23-234 -0.03173828 0.001953125 -0.9321289 -15.609756 -6.890244 0.5487805	
2022-08-21-19:38:23-236 -0.018554688 0.024902344 -0.9921875 -12.073171 -4.2073174 2.6219513	
2022-08-21-19:38:23-240 -0.09667969 0.07421875 -1.03125 -18.841463 2.195122 16.524391	
2022-08-21-19:38:23-242 0.10449219 -0.32666016 -1.1308594 4.390244 19.207317 48.963417	
2022-08-21-19:38:23-245 0.2607422 0.12548828 -1.2421875 52.865856 24.87805 77.13415	
2022-08-21-19:38:23-248 0.34472656 0.13378906 -1.1948242 -21.463415 23.963415 47.865856	
2022-08-21-19:38:23-251 0.34326172 -0.28222656 -1.0629883 -41.646343 -0.91463417 2.6219513	
2022-08-21-19:38:23-254 0.6826172 -0.3642578 -1.1508789 -16.341463 -24.024391 -26.341463	
2022-08-21-19:38:23-256 0.94677734 -0.33935547 -1.2119141 -0.6097561 -10.426829 -44.02439	
2022-08-21-19:38:23-260 1.269043 -0.19824219 -1.2021484 11.52439 4.3292685 -49.573174	
2022-08-21-19:38:23-263 1.5927734 -0.14550781 -1.2226562 3.1707318 25.060976 -54.7561	
2022-08-21-19:38:23-586 1.8413086 -0.35009766 -1.1489258 -3.0487804 53.963417 -47.5	
2022-08-21-19:38:23-591 1.9785156 -0.3486328 -1.1274414 17.621952 92.98781 -18.59756	
2022-08-21-19:38:23-597 1.984375 -0.088378906 -1.1435547 36.890244 135.42683 6.280488	
2022-08-21-19:38:23-601 1.9106445 0.19580078 -1.2080078 26.646341 169.81708 13.780488	
2022-08-21-19:38:23-605 1.7329102 0.037109375 -1.1713867 9.146341 208.71951 4.5731707	
2022-08-21-19:38:23-609 1.5058594 0.01953125 -1.1049805 13.963415 238.23172 -7.7439027	
2022-08-21-19:38:23-613 1.3833008 0.045410156 -1.0307617 16.158537 256.4634 -23.841463	
2022-08-21-19:38:23-618 1.2011719 0.25097656 -0.90966797 6.585366 263.7195 -35.243904	
2022-08-21-19:38:23-622 1.1435547 0.040527344 -0.62841797 -31.707317 254.87805 -23.719513	
2022-08-21-19:38:23-628 1.0522461 -0.26367188 -0.58496094 -12.987805 273.10977 5.182927	
2022-08-21-19:38:23-632 0.3383789 -0.6245117 -0.5854492 -10.121951 282.80487 18.780489	
2022-08-21-19:38:23-637 -1.7114258 -0.31298828 -0.5029297 14.207317 234.39024 -20.853659	
2022-08-21-19:38:23-641 -3.1137695 0.87890625 -0.41308594 37.012196 124.32927 8.109756	
2022-08-21-19:38:23-646 -3.1118164 1.4003906 -0.6591797 4.2073174 30.731709 45.365856	
2022-08-21-19:38:23-653 -3.0893555 1.6474609 -1.0097656 -19.634148 -18.04878 41.768295	
2022-08-21-19:38:23-656 -3.4697266 1.2709961 -1.1000977 -88.597565 -85.36585 39.817074	
2022-08-21-19:38:23-898 0.6586914 -1.5644531 -2.4516602 -90.914635 -177.2561 39.45122	
2022-08-21-19:38:23-902 4.165039 -2.8364258 0.9350586 51.890244 -308.23172 116.585365	
2022-08-21-19:38:23-906 -3.7675781 -1.6987305 -6.367676 -263.7195 -1023.0488 -51.52439	
2022-08-21-19:38:23-909 -1.1044922 2.8310547 -6.928711 359.93903 -1206.2195 -508.2927	
2022-08-21-19:38:23-913 -2.211914 -1.3696289 -2.944336 1.402439 112.926834 21.463415	
2022-08-21-19:38:23-920 2.2231445 0.5307617 0.09814453 -108.29269 -56.707317 0.12195122	
2022-08-21-19:38:23-925 -0.1694336 0.0625 -0.7006836 17.987804 -85.914635 -14.146341	
2022-08-21-19:38:23-928 -0.14453125 -0.17041016 -1.2041016 -9.02439 -41.09756 0.5487805	
2022-08-21-19:38:23-932 -0.04296875 0.1538086 -0.6738281 28.59756 -1.097561 -1.402439	
2022-08-21-19:38:23-937 9.765625E-4 -0.011230469 -1.2167969 80.914635 -14.878049 -10.060976	
2022-08-21-19:38:23-941 0.013183594 -0.03173828 -1.2827148 79.32927 -76.15854 -10.792684	
2022-08-21-19:38:23-946 -0.020019531 0.12158203 -0.9448242 95.121956 -77.07317 -27.195122	
2022-08-21-19:38:23-951 -0.1381836 -0.36035156 -0.69091797 95.18293 -51.28049 -49.69512	
2022-08-21-19:38:23-956 -0.1303711 -0.4194336 -0.50634766 11.036586 37.378048 -11.402439	
2022-08-21-19:38:23-960 -0.028320312 -0.12158203 -1.2939453 -83.47561 61.82927 16.95122	
2022-08-21-19:38:23-964 0.005859375 0.06689453 -1.1503906 -33.048782 -4.085366 8.780488	
2022-08-21-19:38:24-258 -0.05517578 -0.11279297 -0.93652344 16.40244 -15.792684 -4.6951222	
2022-08-21-19:38:24-263 -0.068847656 -0.1694336 -0.8779297 11.341464 -3.9634147 -3.1097562	
2022-08-21-19:38:24-267 -0.0546875 -0.17333984 -0.94433594 -12.5 17.682928 0.6097561	
2022-08-21-19:38:24-271 -0.034179688 -0.1171875 -1.0864258 -39.512196 2.1341465 7.0731707	
2022-08-21-19:38:24-275 -0.07714844 -0.15527344 -0.89990234 -62.621952 6.768293 9.878049	
2022-08-21-19:38:24-280 -0.028320312 -0.020507812 -0.9790039 -76.82927 6.2195125 14.02439	
2022-08-21-19:38:24-285 9.765625E-4 0.07861328 -1.0292969 -26.95122 -6.3414636 4.878049	
2022-08-21-19:38:24-289 -0.049316406 -0.051757812 -0.91845703 -4.02439 -11.646341 -1.2195122	
2022-08-21-19:38:24-294 -0.055664062 -0.034179688 -0.9379883 -4.878049 -8.902439 1.1585366	
2022-08-21-19:38:24-298 -0.05078125 -0.018554688 -1.0014648 -1.5853659 -7.4390244 -0.24390244	
2022-08-21-19:38:24-302 -0.059570312 -0.030761719 -0.94189453 -2.1341465 -5.5487804 -0.36585367	
2022-08-21-19:38:24-305 -0.04736328 -0.021972656 -0.9765625 -4.5731707 -3.8414636 0.36585367	
2022-08-21-19:38:24-309 -0.04345703 0.016113281 -1.0087891 3.3536587 -7.378049 -1.2195122	
2022-08-21-19:38:24-313 -0.045410156 -0.0087890625 -0.9838867 18.414635 -7.378049 -4.02439	
2022-08-21-19:38:24-319 -0.084472656 -0.047851562 -0.87890625 21.82927 0.91463417 -4.878049	
2022-08-21-19:38:24-324 -0.09277344 -0.07470703 -0.9160156 10.304878 21.219513 -2.4390244	
2022-08-21-19:38:24-526 -0.061035156 -0.05126953 -0.8676758 6.768293 50.670734 -0.73170733	
2022-08-21-19:38:24-533 -0.027832031 -0.04345703 -1.0224609 23.59756 91.768295 -2.987805	
2022-08-21-19:38:24-536 0.122558594 -0.14111328 -1.2446289 27.256098 95.60976 -3.4756098	
2022-08-21-19:38:24-540 0.5073242 -0.07861328 -1.2143555 1.7682927 71.768295 -2.378049	
2022-08-21-19:38:24-545 -0.5097656 -0.061035156 -1.4936523 -21.890244 52.743904 7.012195	
2022-08-21-19:38:24-550 -0.38183594 -0.14160156 -2.5175781 -40.85366 422.37805 -2.4390244	
2022-08-21-19:38:24-553 -0.7758789 -0.18310547 -3.1582031 -45.243904 576.46344 -15.6707325	
2022-08-21-19:38:24-559 -1.0805664 0.43115234 -3.0454102 -131.5244 554.87805 52.2561	
2022-08-21-19:38:24-564 -0.68310547 1.5170898 -0.027832031 105.97561 383.84146 84.451225	
2022-08-21-19:38:24-567 -9.016602 -2.0097656 1.3320312 -6.0365853 111.52439 197.62195	
2022-08-21-19:38:24-570 1.9023438 1.7299805 -3.1850586 94.939026 -531.40247 195.0	
2022-08-21-19:38:24-574 2.182129 -0.13183594 -1.4624023 12.560976 -47.743904 -112.621956	
2022-08-21-19:38:24-579 -2.3081055 0.5708008 -2.112793 -315.5488 -290.5488 -203.17073	
2022-08-21-19:38:24-584 -0.3828125 -1.4829102 -1.8569336 -162.43903 -471.15854 -201.7683	
2022-08-21-19:38:24-589 0.4296875 -0.26904297 -1.6508789 48.414635 -460.97562 -103.71951	
2022-08-21-19:38:24-593 1.2758789 -0.56152344 -1.4267578 22.37805 -446.46344 -28.841465	
2022-08-21-19:38:24-866 1.8198242 -0.2524414 -1.3916016 58.841465 -349.2683 36.646343	
2022-08-21-19:38:24-868 1.7001953 0.10644531 -1.0678711 38.90244 -264.57318 55.670734	
2022-08-21-19:38:24-874 1.2524414 -0.08642578 -0.7763672 -3.4756098 -252.98781 41.585365	
2022-08-21-19:38:24-876 2.2011719 -0.6557617 -0.73291016 20.42683 -298.5366 19.207317	
2022-08-21-19:38:24-880 4.427246 0.099121094 -2.987793 141.21951 49.7561 60.792683	
2022-08-21-19:38:24-884 2.7998047 0.2607422 -1.496582 -19.268293 157.86586 33.414635	
2022-08-21-19:38:24-886 -0.8466797 0.49902344 -1.8540039 87.926834 240.73172 10.365854	
2022-08-21-19:38:24-888 -0.022949219 -0.17285156 -1.5942383 16.09756 187.43903 -16.40244	
2022-08-21-19:38:24-891 -0.18115234 -0.12402344 -1.0966797 17.743902 151.5244 -14.817074	
2022-08-21-19:38:24-894 -0.08886719 -0.083496094 -1.3588867 4.2073174 137.2561 -0.85365856	
2022-08-21-19:38:24-895 -0.040527344 -0.041503906 -1.355957 -18.353659 84.32927 6.8292685	
2022-08-21-19:38:24-897 -0.03125 -0.067871094 -1.137207 -13.231708 3.2317073 2.7439024	
2022-08-21-19:38:24-899 -0.055664062 0.06542969 -1.0507812 -12.378049 -0.5487805 12.439025	
2022-08-21-19:38:24-901 -0.083496094 0.019042969 -0.9296875 -17.195122 -4.3292685 1.6463414	
2022-08-21-19:38:24-903 -0.08544922 -0.0048828125 -0.92822266 -19.207317 5.2439027 -0.06097561	
2022-08-21-19:38:24-905 -0.07714844 0.012207031 -0.93896484 -25.487806 12.865854 1.2804878	
2022-08-21-19:38:24-944 0 0 0 0 0 1000	
2022-08-21-19:38:25-983 0 0 0 0 0 1000	
2022-08-21-19:38:26-101 -0.057128906 -0.0014648438 -0.9838867 -0.9756098 2.682927 -0.36585367	
2022-08-21-19:38:26-104 -0.053222656 -0.0014648438 -0.99609375 -0.24390244 2.317073 -0.42682928	
2022-08-21-19:38:26-106 -0.049316406 -0.0034179688 -0.96484375 -0.30487806 2.804878 -0.36585367	
2022-08-21-19:38:26-109 -0.05810547 -0.0029296875 -0.98828125 -1.2195122 5.2439027 -0.06097561	
2022-08-21-19:38:26-114 -0.0546875 0.0029296875 -0.99560547 -1.097561 5.182927 0.06097561	
2022-08-21-19:38:26-117 -0.045898438 0.0024414062 -0.9941406 -0.24390244 3.6585367 -0.18292683	
2022-08-21-19:38:26-120 -0.046875 0.0024414062 -0.9975586 -0.18292683 1.5243902 -0.18292683	
2022-08-21-19:38:26-122 -0.05029297 0.0068359375 -0.99853516 -0.4878049 -0.42682928 -0.18292683	
2022-08-21-19:38:26-126 -0.052246094 -0.001953125 -1.0014648 -0.5487805 -2.804878 -0.30487806	
2022-08-21-19:38:26-128 -0.048828125 0.0034179688 -1.012207 1.097561 -8.780488 -0.42682928	
2022-08-21-19:38:26-130 -0.052734375 0.01953125 -1.0004883 9.817074 -10.914635 -2.2560976	
2022-08-21-19:38:26-132 -0.114746094 -0.0107421875 -0.8935547 2.378049 -13.719513 -2.9268293	
2022-08-21-19:38:26-134 -0.0146484375 -0.06591797 -1.0507812 -6.3414636 -9.085366 2.012195	
2022-08-21-19:38:26-136 -0.04345703 -0.06738281 -1.0258789 -2.682927 -21.280489 13.414635	
2022-08-21-19:38:26-139 -0.03515625 -0.049804688 -1.0693359 -6.402439 -26.95122 20.792683	
2022-08-21-19:38:26-141 0.053710938 -0.12841797 -1.0249023 -12.073171 -31.82927 23.109756	
2022-08-21-19:38:26-421 0.5317383 -0.15673828 -1.0200195 -1.0365853 -22.317074 25.182928	
2022-08-21-19:38:26-427 0.5126953 -0.04736328 -1.1005859 11.707317 13.780488 -7.804878	
2022-08-21-19:38:26-431 0.34423828 -0.099609375 -1.0541992 -5.182927 11.463415 -32.317074	
2022-08-21-19:38:26-435 0.5209961 0.013671875 -1.1704102 7.012195 -4.2073174 -21.768293	
2022-08-21-19:38:26-440 0.8027344 0.037109375 -1.300293 -3.8414636 4.9390244 -9.756098	
2022-08-21-19:38:26-445 0.98095703 0.103027344 -1.3686523 -9.939025 28.170732 -14.939025	
2022-08-21-19:38:26-448 1.1879883 -0.036621094 -1.3583984 -27.743902 39.268295 -43.23171	
2022-08-21-19:38:26-454 1.5161133 -0.2290039 -1.2827148 -27.560976 54.146343 -63.536587	
2022-08-21-19:38:26-459 1.7182617 -0.29638672 -1.2558594 -18.59756 80.30488 -59.390244	
2022-08-21-19:38:26-463 1.9047852 -0.21826172 -1.1757812 -10.304878 114.268295 -51.82927	
2022-08-21-19:38:26-467 1.984375 -0.15039062 -1.0805664 -10.54878 147.92683 -45.792683	
2022-08-21-19:38:26-471 1.9506836 -0.15185547 -1.0537109 -13.292684 181.34146 -30.060976	
2022-08-21-19:38:26-476 1.8461914 -0.030761719 -1.0654297 -4.5731707 213.59756 -12.987805	
2022-08-21-19:38:26-482 1.7680664 0.10205078 -1.0668945 5.7317076 237.92683 0.9756098	
2022-08-21-19:38:26-488 1.5097656 0.54589844 -1.0400391 8.597561 271.0366 9.3902445	
2022-08-21-19:38:26-491 1.3310547 0.75097656 -0.79296875 -21.463415 287.86588 25.365854	
2022-08-21-19:38:26-776 1.230957 0.7270508 -0.59716797 -43.292683 286.09756 36.768295	
2022-08-21-19:38:26-782 1.5629883 0.056152344 -0.16503906 -81.097565 264.57318 56.707317	
2022-08-21-19:38:26-789 0.8852539 -0.88671875 -0.69970703 -47.19512 296.34146 -42.5	
2022-08-21-19:38:26-795 -1.7158203 -0.8461914 -1.3178711 75.914635 336.7683 -164.51219	
2022-08-21-19:38:26-799 -4.2021484 0.2939453 -1.5908203 68.35366 254.08537 -103.84147	
2022-08-21-19:38:26-803 -5.357422 0.45654297 -1.637207 22.865854 91.40244 20.243902	
2022-08-21-19:38:26-807 -5.2753906 0.3022461 -1.4121094 -2.2560976 -61.95122 65.67073	
2022-08-21-19:38:26-810 -1.2617188 0.5 -2.1484375 -19.87805 -199.2683 48.65854	
2022-08-21-19:38:26-816 7.0898438 -0.98046875 0.80126953 49.512196 -247.2561 61.036587	
2022-08-21-19:38:26-820 -4.6987305 -1.0830078 -5.3759766 -107.621956 -1315.7317 -61.15854	
2022-08-21-19:38:26-825 -1.1318359 1.6040039 -5.3754883 385.0 -783.90247 -250.91464	
2022-08-21-19:38:26-828 -0.5654297 -1.3901367 -2.9892578 -16.40244 46.40244 2.5609756	
2022-08-21-19:38:26-832 1.0981445 0.8046875 0.2626953 -42.012196 -55.30488 5.487805	
2022-08-21-19:38:26-836 -0.57714844 -0.44140625 -0.30859375 96.34147 -86.52439 -11.280488	
2022-08-21-19:38:26-841 0.14501953 0.12158203 -1.4921875 51.707317 -55.975613 1.3414634	
2022-08-21-19:38:26-845 -0.12109375 -0.16015625 -0.82910156 90.121956 -26.768293 -6.3414636	
2022-08-21-19:38:27-046 -0.0234375 -0.17529297 -1.0356445 55.792683 -3.292683 -4.6951222	
2022-08-21-19:38:27-052 -0.04345703 -0.12402344 -0.9321289 28.780489 4.9390244 -1.9512196	
2022-08-21-19:38:27-057 0.014160156 -0.099609375 -1.0146484 38.536587 -7.0731707 -5.792683	
2022-08-21-19:38:27-063 -0.041992188 -0.29052734 -0.97802734 30.365854 -20.243902 -6.158537	
2022-08-21-19:38:27-066 -0.038085938 -0.3383789 -0.9272461 -58.109756 -17.743902 8.841464	
2022-08-21-19:38:27-070 -0.08300781 -0.111816406 -0.95996094 -111.768295 -7.865854 23.963415	
2022-08-21-19:38:27-074 9.765625E-4 0.14355469 -1.0327148 -60.18293 -3.9634147 15.182927	
2022-08-21-19:38:27-079 -0.024902344 -0.05126953 -0.97753906 -6.2195125 -2.378049 -2.1341465	
2022-08-21-19:38:27-084 -0.047851562 -0.087890625 -0.89160156 -3.7195122 -12.682927 -1.8292683	
2022-08-21-19:38:27-089 -0.061035156 -0.0546875 -0.9165039 0.18292683 -4.5731707 -0.6707317	
2022-08-21-19:38:27-094 -0.048828125 -0.030273438 -0.9790039 9.512196 2.317073 -1.5243902	
2022-08-21-19:38:27-098 -0.041992188 -0.0625 -0.95947266 26.09756 0.18292683 -4.756098	
2022-08-21-19:38:27-102 -0.0390625 -0.076660156 -1.0327148 32.439026 -6.0365853 -6.402439	
2022-08-21-19:38:27-107 -0.038085938 -0.16845703 -1.0307617 22.012196 -16.890244 -6.7073174	
2022-08-21-19:38:27-111 -0.06347656 -0.13964844 -0.95458984 -3.5975611 -21.585367 -0.9756098	
2022-08-21-19:38:27-117 -0.048339844 -0.0625 -1.0102539 -6.3414636 -20.182928 0.73170733	
2022-08-21-19:38:27-362 -0.053222656 0.0014648438 -1.0683594 24.756098 -28.292683 -5.182927	
2022-08-21-19:38:27-366 -0.09814453 -0.05029297 -1.0820312 62.5 -46.646343 -19.939024	
2022-08-21-19:38:27-370 -0.09277344 -0.09667969 -0.92529297 59.207317 -48.963417 -29.390245	
2022-08-21-19:38:27-373 -0.10888672 -0.22216797 -0.859375 36.219513 -39.390244 -30.914635	
2022-08-21-19:38:27-379 -0.14648438 -0.3071289 -0.6899414 -10.121951 -10.243902 -8.658537	
2022-08-21-19:38:27-384 -0.10253906 -0.11621094 -0.9165039 -23.658537 19.390244 6.646342	
2022-08-21-19:38:27-388 -0.10546875 -0.10253906 -0.89941406 -20.609756 27.256098 3.4756098	
2022-08-21-19:38:27-392 -0.103515625 -0.13330078 -0.9223633 -35.30488 47.621952 0.42682928	
2022-08-21-19:38:27-396 -0.1274414 -0.1640625 -0.8022461 -58.109756 81.21951 3.1097562	
2022-08-21-19:38:27-400 -0.032714844 -0.06933594 -1.2275391 -41.40244 107.80488 3.902439	
2022-08-21-19:38:27-404 0.0107421875 -0.041503906 -1.2661133 -30.609756 107.926834 -1.8292683	
2022-08-21-19:38:27-408 -0.72021484 -0.19335938 -1.4858398 -77.13415 68.47561 -20.243902	
2022-08-21-19:38:27-412 -0.12207031 -0.4116211 -2.5585938 -84.451225 356.40244 -88.53659	
2022-08-21-19:38:27-418 -1.0009766 -0.60302734 -3.1621094 -147.80489 590.1829 -67.560974	
2022-08-21-19:38:27-423 -0.70947266 -0.32128906 -3.6708984 -236.89024 592.3171 -77.256096	
2022-08-21-19:38:27-426 -1.0424805 1.5595703 -0.3803711 -196.5244 407.37805 -75.0	
2022-08-21-19:38:27-677 -9.298828 -4.3999023 1.5302734 -142.68294 156.70732 120.79269	
2022-08-21-19:38:27-682 -3.1953125 1.5722656 -2.6782227 468.41464 -514.8171 275.36588	
2022-08-21-19:38:27-688 -1.2993164 2.6367188 -3.7050781 32.439026 -351.4634 82.31708	
2022-08-21-19:38:27-692 -1.0263672 -1.1123047 -2.366211 -235.73172 -402.68292 -82.07317	
2022-08-21-19:38:27-696 0.3017578 -1.1416016 -1.8251953 -4.9390244 -489.32928 -22.439024	
2022-08-21-19:38:27-701 1.2587891 -0.2368164 -1.7446289 27.804878 -530.60974 105.30488	
2022-08-21-19:38:27-705 1.5737305 -0.18603516 -1.3994141 -67.256096 -527.13416 128.41464	
2022-08-21-19:38:27-709 1.8461914 -0.28076172 -1.140625 -39.32927 -534.8171 82.31708	
2022-08-21-19:38:27-713 4.6376953 -1.8041992 -1.1904297 66.585365 -501.2805 6.890244	
2022-08-21-19:38:27-724 4.072754 1.7285156 -2.2558594 251.34148 209.7561 62.68293	
2022-08-21-19:38:27-728 4.7788086 -0.42333984 -3.503418 -123.04878 215.12196 -43.719513	
2022-08-21-19:38:27-731 -1.2314453 0.63720703 -2.1782227 153.41464 285.67075 -22.134148	
2022-08-21-19:38:27-735 -0.029785156 -0.52734375 -1.449707 81.95122 224.57318 -53.841465	
2022-08-21-19:38:27-741 -0.2578125 -0.40185547 -1.2211914 51.95122 212.86586 -26.82927	
2022-08-21-19:38:27-745 0.021484375 -0.08544922 -1.5322266 19.756098 166.15854 15.0	
2022-08-21-19:38:27-749 4.8828125E-4 -0.026855469 -1.6450195 -41.15854 45.42683 16.768293	
2022-08-21-19:38:27-961 0 0 0 0 0 1000	
