2022-08-19-15:39:17-601 0 0 0 0 0 1000	
2022-08-19-15:39:20-331 0 0 0 0 0 1000	
2022-08-19-15:39:30-384 0 0 0 0 0 1000	
2022-08-19-15:39:32-292 0 0 0 0 0 1000	
2022-08-19-15:39:43-220 0 0 0 0 0 1000	
2022-08-19-15:39:45-664 0 0 0 0 0 1000	
2022-08-19-15:39:55-338 0 0 0 0 0 1000	
2022-08-19-15:39:58-344 0 0 0 0 0 1000	
2022-08-19-15:40:08-118 0 0 0 0 0 1000	
2022-08-19-15:40:10-374 0 0 0 0 0 1000	
2022-08-19-15:40:20-225 0 0 0 0 0 1000	
2022-08-19-15:40:22-764 0 0 0 0 0 1000	
2022-08-19-15:40:32-926 0 0 0 0 0 1000	
2022-08-19-15:40:35-113 0 0 0 0 0 1000	
2022-08-19-15:40:45-839 0 0 0 0 0 1000	
2022-08-19-15:40:48-087 0 0 0 0 0 1000	
2022-08-19-15:40:58-063 0 0 0 0 0 1000	
2022-08-19-15:41:00-098 0 0 0 0 0 1000	
2022-08-19-15:41:11-021 0 0 0 0 0 1000	
2022-08-19-15:41:13-451 0 0 0 0 0 1000	
