2022-08-19-15:34:16-312 0 0 0 0 0 1000	
2022-08-19-15:34:20-779 0 0 0 0 0 1000	
2022-08-19-15:34:33-654 0 0 0 0 0 1000	
2022-08-19-15:34:35-307 0 0 0 0 0 1000	
2022-08-19-15:34:46-544 0 0 0 0 0 1000	
2022-08-19-15:34:48-783 0 0 0 0 0 1000	
2022-08-19-15:34:51-098 0 0 0 0 0 1000	
2022-08-19-15:34:53-728 0 0 0 0 0 1000	
2022-08-19-15:34:55-886 0 0 0 0 0 1000	
2022-08-19-15:34:58-869 0 0 0 0 0 1000	
2022-08-19-15:35:01-021 0 0 0 0 0 1000	
2022-08-19-15:35:03-504 0 0 0 0 0 1000	
2022-08-19-15:35:06-270 0 0 0 0 0 1000	
2022-08-19-15:35:08-661 0 0 0 0 0 1000	
2022-08-19-15:35:11-784 0 0 0 0 0 1000	
2022-08-19-15:35:13-771 0 0 0 0 0 1000	
2022-08-19-15:35:16-804 0 0 0 0 0 1000	
2022-08-19-15:35:19-410 0 0 0 0 0 1000	
2022-08-19-15:35:38-234 0 0 0 0 0 1000	
2022-08-19-15:35:40-010 0 0 0 0 0 1000	
