2022-08-19-15:48:45-621 0 0 0 0 0 1000	
2022-08-19-15:48:48-156 -0.08251953 0.028808594 -1.012207 1.3414634 -2.1341465 0.5487805	
2022-08-19-15:48:48-159 -0.08935547 0.028320312 -1.0053711 0.6707317 -4.268293 0.6097561	
2022-08-19-15:48:48-164 -0.088378906 0.025878906 -1.0039062 0.6097561 -5.487805 0.73170733	
2022-08-19-15:48:48-166 -0.09472656 0.026855469 -0.99902344 0.6707317 -6.2195125 0.85365856	
2022-08-19-15:48:48-170 -0.09277344 0.02734375 -0.9916992 0.4878049 -4.9390244 0.91463417	
2022-08-19-15:48:48-173 -0.09765625 0.027832031 -0.9941406 0.24390244 -3.2317073 0.6707317	
2022-08-19-15:48:48-178 -0.09863281 0.02734375 -0.9946289 -0.12195122 -1.2804878 0.30487806	
2022-08-19-15:48:48-185 -0.09326172 0.023925781 -0.9975586 -0.30487806 -0.24390244 0.24390244	
2022-08-19-15:48:48-190 -0.09472656 0.025878906 -1.0019531 -0.79268295 -1.6463414 0.42682928	
2022-08-19-15:48:48-194 -0.09765625 0.017578125 -1.0029297 -1.3414634 -3.1707318 0.79268295	
2022-08-19-15:48:48-197 -0.1015625 0.025390625 -0.9980469 -0.85365856 -3.4756098 2.8658538	
2022-08-19-15:48:48-200 -0.104003906 0.037597656 -0.99560547 -1.402439 -2.5609756 2.378049	
2022-08-19-15:48:48-207 -0.100097656 0.03125 -0.98876953 -2.0731707 -0.30487806 1.0365853	
2022-08-19-15:48:48-212 -0.099121094 0.030761719 -0.9892578 -2.012195 2.012195 0.18292683	
2022-08-19-15:48:48-218 -0.09472656 0.026855469 -0.9970703 -1.402439 3.4146342 -0.12195122	
2022-08-19-15:48:48-222 -0.09423828 0.026855469 -1.0029297 -1.0365853 2.682927 -0.6097561	
2022-08-19-15:48:48-726 0 0 0 0 0 1000	
2022-08-19-15:49:18-351 0 0 0 0 0 1000	
2022-08-19-15:49:20-403 0 0 0 0 0 1000	
2022-08-19-15:49:29-854 0 0 0 0 0 1000	
2022-08-19-15:49:31-856 0 0 0 0 0 1000	
2022-08-19-15:49:37-250 0 0 0 0 0 1000	
2022-08-19-15:49:39-770 0 0 0 0 0 1000	
2022-08-19-15:49:43-556 0 0 0 0 0 1000	
2022-08-19-15:49:45-756 0 0 0 0 0 1000	
2022-08-19-15:49:49-108 0 0 0 0 0 1000	
2022-08-19-15:49:51-243 0 0 0 0 0 1000	
2022-08-19-15:49:53-991 0 0 0 0 0 1000	
2022-08-19-15:49:56-525 0 0 0 0 0 1000	
2022-08-19-15:49:59-254 0 0 0 0 0 1000	
2022-08-19-15:50:01-135 0 0 0 0 0 1000	
2022-08-19-15:50:03-597 0 0 0 0 0 1000	
2022-08-19-15:50:05-833 0 0 0 0 0 1000	
2022-08-19-15:50:08-645 0 0 0 0 0 1000	
2022-08-19-15:50:10-980 0 0 0 0 0 1000	
2022-08-19-15:50:14-060 0 0 0 0 0 1000	
2022-08-19-15:50:16-289 0 0 0 0 0 1000	
2022-08-19-15:50:18-924 0 0 0 0 0 1000	
2022-08-19-15:50:21-422 0 0 0 0 0 1000	
