2022-08-21-19:54:39-031 0 0 0 0 0 1000	
2022-08-21-19:54:39-723 -0.88183594 0.5151367 0.072753906 -1.2195122 2.317073 -6.585366	
2022-08-21-19:54:39-727 -0.87353516 0.51953125 0.07324219 -0.5487805 -5.7317076 -6.52439	
2022-08-21-19:54:39-733 -0.8491211 0.5332031 0.047851562 -0.4878049 -9.573171 -6.3414636	
2022-08-21-19:54:39-738 -0.8388672 0.52197266 0.06298828 -0.42682928 -8.292683 -6.7073174	
2022-08-21-19:54:39-742 -0.8364258 0.51953125 0.046875 0.0 -1.3414634 -6.280488	
2022-08-21-19:54:39-746 -0.8354492 0.50097656 0.05859375 -0.79268295 2.1341465 -6.646342	
2022-08-21-19:54:39-751 -0.82421875 0.4868164 0.05859375 -0.9756098 2.195122 -6.8292685	
2022-08-21-19:54:39-754 -0.80126953 0.49609375 0.061523438 -1.1585366 -3.5365853 -7.865854	
2022-08-21-19:54:39-757 -0.7553711 0.52001953 0.064941406 -3.1097562 -7.5 -7.865854	
2022-08-21-19:54:39-760 -0.68066406 0.5493164 0.088378906 -5.670732 -10.182927 -7.804878	
2022-08-21-19:54:39-763 -0.58203125 0.5576172 0.122558594 -7.1341467 -6.8292685 -7.5	
2022-08-21-19:54:39-766 -0.546875 0.55859375 0.14111328 -8.231708 -3.2317073 -7.1951222	
2022-08-21-19:54:39-768 -0.48095703 0.5493164 0.13330078 -9.756098 -2.9268293 -5.670732	
2022-08-21-19:54:39-771 -0.38623047 0.54248047 0.10888672 -11.036586 -12.195122 -5.121951	
2022-08-21-19:54:39-774 -0.32763672 0.5625 0.056152344 -16.95122 -19.573172 -2.012195	
2022-08-21-19:54:39-777 -0.2866211 0.57421875 0.010253906 -27.134148 -20.670732 3.1707318	
2022-08-21-19:54:39-838 -0.29833984 0.59472656 -0.0234375 -44.573174 -4.6951222 10.792684	
2022-08-21-19:54:39-841 -0.2626953 0.6010742 -0.04638672 -58.475613 31.768293 13.231708	
2022-08-21-19:54:39-845 -0.4501953 0.76464844 0.030273438 -87.31708 53.475613 7.378049	
2022-08-21-19:54:39-849 -0.86279297 1.1181641 0.25878906 -135.91464 37.865856 -9.3902445	
2022-08-21-19:54:39-854 -1.1826172 1.5424805 0.6533203 -201.09756 3.3536587 -10.97561	
2022-08-21-19:54:39-859 -1.6767578 1.4443359 1.4829102 -264.39026 -26.158537 -18.963415	
2022-08-21-19:54:39-862 -1.8837891 1.5810547 1.972168 -229.20732 -108.17073 -33.048782	
2022-08-21-19:54:39-866 -1.8637695 1.7070312 2.1865234 -158.04878 -144.39024 -25.792683	
2022-08-21-19:54:39-873 -1.8916016 1.8525391 2.1220703 -107.07317 -114.81708 -4.268293	
2022-08-21-19:54:39-880 -1.4575195 2.2080078 2.2045898 -77.13415 -3.0487804 12.560976	
2022-08-21-19:54:39-887 -0.953125 2.4545898 2.3920898 -60.0 -2.682927 0.6097561	
2022-08-21-19:54:39-893 -0.83154297 2.3051758 2.371582 -31.341465 -121.82927 -30.304878	
2022-08-21-19:54:39-896 -1.3759766 2.0039062 2.1455078 1.7682927 -164.08537 -63.23171	
2022-08-21-19:54:39-901 -1.5751953 1.3896484 2.040039 79.939026 -210.7317 -105.121956	
2022-08-21-19:54:39-905 -0.95947266 0.78515625 1.8935547 168.71951 -323.23172 -130.79268	
2022-08-21-19:54:39-913 -1.4926758 -0.7895508 1.6005859 261.7683 -321.95123 -194.87805	
2022-08-21-19:54:39-992 -1.0654297 -4.501465 1.5688477 398.65854 -160.12195 -254.08537	
2022-08-21-19:54:39-995 1.3198242 -4.982422 -4.9106445 570.8537 114.63415 -79.81708	
2022-08-21-19:54:40-001 0.5180664 -7.800293 -1.0854492 228.65854 741.95123 25.42683	
2022-08-21-19:54:40-007 -2.7094727 3.927246 -4.5498047 599.14636 447.07318 -254.20732	
2022-08-21-19:54:40-010 -0.30029297 1.0180664 -0.9291992 -358.2927 -112.80488 173.10976	
2022-08-21-19:54:40-020 1.2397461 -0.09082031 -0.02734375 -73.597565 -495.91464 126.70732	
2022-08-21-19:54:40-024 2.387207 0.21484375 2.4101562 75.73171 -598.8415 48.90244	
2022-08-21-19:54:40-027 0.9824219 3.0756836 -1.5620117 196.89024 -184.69513 -76.89024	
2022-08-21-19:54:40-029 1.4848633 1.2514648 0.35546875 -138.41464 140.91464 -122.926834	
2022-08-21-19:54:40-039 -1.2783203 1.4375 -0.7265625 -23.841463 225.60976 -97.19512	
2022-08-21-19:54:40-054 -1.3686523 -0.16064453 0.029785156 -110.121956 2.195122 13.658537	
2022-08-21-19:54:40-060 -0.37841797 -0.15527344 -0.9692383 11.036586 -226.82927 11.097561	
2022-08-21-19:54:40-064 -0.05126953 -0.33496094 -2.2597656 -141.09756 -394.57318 25.97561	
2022-08-21-19:54:40-066 0.7763672 -0.2631836 -2.2939453 -159.32927 -418.7195 24.024391	
2022-08-21-19:54:40-069 0.75878906 -1.5556641 -2.4501953 -366.70734 -328.90244 149.20732	
2022-08-21-19:54:40-074 1.215332 -3.2924805 -1.0576172 -404.69513 -87.256096 280.18292	
2022-08-21-19:54:40-143 -0.32861328 -5.3032227 -0.45166016 -377.13416 -151.70732 317.7439	
2022-08-21-19:54:40-148 2.3530273 -5.5927734 2.366211 -256.2195 -166.46342 350.12195	
2022-08-21-19:54:40-154 -0.045410156 -4.9799805 2.979004 -194.08537 256.70734 420.91464	
2022-08-21-19:54:40-157 -0.2890625 -3.3442383 4.7817383 -137.56097 172.68294 326.4634	
2022-08-21-19:54:40-160 0.10058594 -0.5551758 3.0302734 -43.170734 153.04878 263.17075	
2022-08-21-19:54:40-162 -0.8486328 0.28027344 2.5634766 -35.060978 182.86586 187.68294	
2022-08-21-19:54:40-172 -1.3027344 0.6220703 1.7871094 -75.121956 349.45123 134.7561	
2022-08-21-19:54:40-175 -1.9291992 1.2197266 1.4838867 9.02439 344.45123 65.0	
2022-08-21-19:54:40-178 -1.293457 1.9584961 0.8779297 27.5 299.14636 32.80488	
2022-08-21-19:54:40-182 -0.9682617 2.0039062 1.0 -8.353659 416.40244 -19.085367	
2022-08-21-19:54:40-185 -1.3261719 1.3647461 0.4404297 38.23171 411.7683 -41.768295	
2022-08-21-19:54:40-188 -1.8735352 0.64746094 1.0625 34.512196 189.69513 13.414635	
2022-08-21-19:54:40-190 -1.5698242 0.390625 1.5854492 100.30488 -87.07317 21.585367	
2022-08-21-19:54:40-194 -0.16748047 0.3383789 0.5439453 157.56097 -180.54878 25.487806	
2022-08-21-19:54:40-197 0.7128906 0.625 0.5830078 184.63416 -14.02439 -33.536587	
2022-08-21-19:54:40-199 0.81933594 0.68652344 0.6015625 156.15854 301.2195 -65.121956	
2022-08-21-19:54:40-436 -1.074707 0.48095703 0.41552734 135.18292 391.5854 -72.256096	
2022-08-21-19:54:40-441 -0.8378906 0.5307617 0.76464844 147.13416 135.36586 -37.317074	
2022-08-21-19:54:40-445 0.23095703 0.7348633 0.25878906 152.62195 -1.9512196 -30.670732	
2022-08-21-19:54:40-448 0.2241211 1.3134766 -0.084472656 120.48781 50.30488 -11.585366	
2022-08-21-19:54:40-451 -0.5493164 1.5478516 -0.083984375 42.621952 262.56097 -46.15854	
2022-08-21-19:54:40-458 -3.144043 1.8720703 -0.3798828 -15.365854 332.13416 2.9268293	
2022-08-21-19:54:40-462 -4.2124023 1.5888672 -0.0014648438 -47.439026 -95.0 -113.10976	
2022-08-21-19:54:40-465 -3.4936523 0.29736328 0.088378906 -63.475613 -264.20734 -115.426834	
2022-08-21-19:54:40-467 -2.7749023 -0.096191406 0.067871094 -46.036587 -219.93903 -56.768295	
2022-08-21-19:54:40-473 -1.5454102 -0.111816406 0.18017578 -65.79269 -155.91464 -32.621952	
2022-08-21-19:54:40-478 -1.3081055 0.07519531 -0.11328125 -90.97561 -30.54878 -25.609756	
2022-08-21-19:54:40-481 -0.64941406 -0.09716797 -0.23291016 -136.7683 -42.317074 -80.30488	
2022-08-21-19:54:40-485 -0.118652344 -0.2685547 -0.19970703 -170.54878 -107.31708 -149.14635	
2022-08-21-19:54:40-488 0.021484375 -0.5703125 -0.049316406 -169.39024 -134.14635 -180.97562	
2022-08-21-19:54:40-492 0.034179688 -0.4975586 0.05029297 -190.12195 -82.621956 -178.96342	
2022-08-21-19:54:40-495 0.05029297 -0.52734375 0.12792969 -195.97562 -28.47561 -191.7683	
2022-08-21-19:54:40-660 0 0 0 0 0 1000	
2022-08-21-19:54:49-576 0 0 0 0 0 1000	
2022-08-21-19:54:49-615 -0.87353516 0.71484375 0.11425781 1.5243902 71.52439 10.182927	
2022-08-21-19:54:49-619 -0.96777344 0.6357422 0.118652344 -0.85365856 52.92683 -2.5609756	
2022-08-21-19:54:49-621 -0.9790039 0.61865234 0.016113281 2.682927 -12.987805 -21.585367	
2022-08-21-19:54:49-623 -1.0117188 0.65625 0.0063476562 2.9268293 -39.69512 -30.0	
2022-08-21-19:54:49-625 -0.95214844 0.66748047 -9.765625E-4 3.8414636 -3.292683 -29.87805	
2022-08-21-19:54:49-627 -0.9160156 0.6357422 -0.030761719 1.9512196 31.40244 -27.195122	
2022-08-21-19:54:49-629 -0.90722656 0.57421875 0.0048828125 2.804878 24.390244 -23.292683	
2022-08-21-19:54:49-631 -0.88671875 0.59033203 0.038085938 3.1097562 -6.646342 -21.585367	
2022-08-21-19:54:49-633 -0.7788086 0.63134766 0.08544922 2.317073 -20.609756 -18.963415	
2022-08-21-19:54:49-635 -0.6928711 0.6430664 0.10595703 1.8292683 -18.353659 -15.304878	
2022-08-21-19:54:49-638 -0.6435547 0.6381836 0.13916016 3.1707318 -13.841464 -10.426829	
2022-08-21-19:54:49-641 -0.6352539 0.6269531 0.10888672 4.878049 -9.268292 -3.2317073	
2022-08-21-19:54:49-645 -0.66845703 0.6098633 0.08496094 4.512195 -8.292683 3.2317073	
2022-08-21-19:54:49-647 -0.6972656 0.57373047 0.032714844 1.7073171 -13.902439 6.7073174	
2022-08-21-19:54:49-649 -0.66845703 0.546875 0.0126953125 -1.8902439 -13.47561 7.804878	
2022-08-21-19:54:49-652 -0.6611328 0.55126953 0.010253906 -4.634146 0.79268295 7.6219516	
2022-08-21-19:54:50-004 -0.72802734 0.54589844 0.0107421875 -5.121951 11.768293 2.7439024	
2022-08-21-19:54:50-011 -0.8183594 0.55078125 0.018066406 -7.1341467 -2.5609756 -8.597561	
2022-08-21-19:54:50-016 -0.82910156 0.5996094 0.04248047 -8.658537 -22.682928 -17.987804	
2022-08-21-19:54:50-020 -0.83496094 0.64453125 0.0703125 -9.878049 -22.5 -19.573172	
2022-08-21-19:54:50-024 -0.8222656 0.62109375 0.110839844 -10.304878 -1.402439 -17.804878	
2022-08-21-19:54:50-028 -0.8286133 0.6152344 0.12988281 -11.463415 16.585365 -13.841464	
2022-08-21-19:54:50-031 -0.79345703 0.6088867 0.18701172 -11.463415 9.45122 -11.95122	
2022-08-21-19:54:50-035 -0.69140625 0.63916016 0.1772461 -10.121951 -16.158537 -12.743903	
2022-08-21-19:54:50-040 -0.5522461 0.66845703 0.1586914 -10.365854 -24.268293 -13.841464	
2022-08-21-19:54:50-046 -0.453125 0.69189453 0.10449219 -13.04878 -10.060976 -13.353659	
2022-08-21-19:54:50-049 -0.4350586 0.7109375 0.10595703 -19.146341 1.2804878 -13.353659	
2022-08-21-19:54:50-054 -0.48828125 0.7397461 0.13964844 -28.841465 -1.1585366 -12.073171	
2022-08-21-19:54:50-060 -0.4921875 0.75390625 0.1665039 -40.42683 -15.6707325 -9.939025	
2022-08-21-19:54:50-064 -0.484375 0.78222656 0.1743164 -55.73171 -9.634147 -0.91463417	
2022-08-21-19:54:50-067 -0.55371094 0.9580078 0.09863281 -75.121956 24.390244 15.182927	
2022-08-21-19:54:50-071 -0.64697266 1.4086914 0.15478516 -112.68293 77.560974 34.085365	
2022-08-21-19:54:50-322 -0.97314453 1.8769531 0.49316406 -183.90245 102.07317 26.40244	
2022-08-21-19:54:50-327 -1.3388672 1.7426758 1.2265625 -283.65854 49.32927 -12.378049	
2022-08-21-19:54:50-330 -1.2856445 1.7246094 1.909668 -261.89026 -64.14634 -45.548782	
2022-08-21-19:54:50-334 -1.0610352 1.972168 2.3476562 -196.64635 -91.21951 -60.060978	
2022-08-21-19:54:50-338 -1.4282227 2.3115234 2.3076172 -112.0122 -6.7073174 -59.45122	
2022-08-21-19:54:50-344 -1.4584961 2.2783203 2.2163086 -18.109756 3.8414636 -106.768295	
2022-08-21-19:54:50-348 -1.3447266 1.3916016 2.2368164 103.23171 -159.7561 -176.40245	
2022-08-21-19:54:50-351 -1.0356445 0.19482422 2.4067383 206.89024 -308.84146 -219.93903	
2022-08-21-19:54:50-356 -1.4291992 -1.7646484 1.9345703 452.86588 -278.5366 -258.2927	
2022-08-21-19:54:50-360 -1.0551758 -4.112793 -0.50341797 563.8415 -93.597565 -195.60976	
2022-08-21-19:54:50-365 1.4487305 -2.315918 -1.7241211 596.89026 158.04878 -230.06097	
2022-08-21-19:54:50-368 -0.036132812 2.9472656 -3.4970703 462.37805 679.63416 -105.48781	
2022-08-21-19:54:50-374 -1.2519531 4.657715 -3.4926758 -122.80488 340.42685 48.475613	
2022-08-21-19:54:50-380 0.079589844 -3.2226562 1.0717773 -398.23172 -176.21951 83.53659	
2022-08-21-19:54:50-384 -0.12109375 -0.6850586 0.1899414 -137.31708 -619.45123 41.52439	
2022-08-21-19:54:50-389 2.8989258 0.3671875 1.8598633 47.012196 -577.9268 -36.40244	
2022-08-21-19:54:50-642 0.41503906 1.2680664 -0.4321289 -74.57317 -25.54878 33.90244	
2022-08-21-19:54:50-649 0.09814453 -0.75683594 1.3828125 -91.46342 191.70732 43.841465	
2022-08-21-19:54:50-655 -2.0805664 0.88427734 -0.44140625 -6.7073174 57.134148 46.82927	
2022-08-21-19:54:50-660 -1.0820312 0.16894531 1.1738281 -53.841465 -334.0854 -9.939025	
2022-08-21-19:54:50-664 -0.1796875 1.4331055 0.28710938 -8.231708 -410.85367 -32.682926	
2022-08-21-19:54:50-668 -0.26513672 0.5991211 0.8959961 -85.73171 -160.12195 -29.512196	
2022-08-21-19:54:50-672 -0.71533203 0.34814453 0.29882812 7.682927 88.597565 -27.073172	
2022-08-21-19:54:50-677 -1.1567383 1.0419922 -0.49414062 36.15854 -32.743904 -57.743904	
2022-08-21-19:54:50-682 -1.1479492 1.331543 -0.36816406 -16.707317 -138.2317 -47.92683	
2022-08-21-19:54:50-687 -0.9003906 1.0400391 -0.8457031 -82.80488 -323.0488 -15.853659	
2022-08-21-19:54:50-690 -0.19238281 -0.20751953 -1.4008789 -127.926834 -336.7683 69.69512	
2022-08-21-19:54:50-694 0.047851562 -0.6850586 -1.7749023 -230.12196 -121.64635 165.0	
2022-08-21-19:54:50-697 -0.8022461 -0.93847656 -1.9833984 -263.23172 -32.80488 221.21951	
2022-08-21-19:54:50-701 -0.63134766 -2.5786133 -1.3974609 -225.97562 -349.57318 204.57318	
2022-08-21-19:54:50-707 2.2045898 -3.21875 -0.9628906 -122.926834 -387.62195 258.41464	
2022-08-21-19:54:50-710 1.5029297 -3.4101562 -0.92626953 -177.13416 -8.902439 333.7805	
2022-08-21-19:54:50-956 0.43066406 -4.4057617 0.5673828 -113.65854 235.42683 316.7683	
2022-08-21-19:54:50-960 -0.2602539 -4.8671875 2.211914 -77.19512 274.20734 336.4634	
2022-08-21-19:54:50-965 -1.3452148 -3.8359375 2.8676758 -88.04878 190.54878 323.17075	
2022-08-21-19:54:50-968 -0.85009766 -2.354004 3.7421875 -80.67073 104.39024 283.41464	
2022-08-21-19:54:50-974 -0.1743164 -0.9897461 3.0957031 -83.597565 166.64635 237.2561	
2022-08-21-19:54:50-979 -0.9550781 0.36376953 2.6391602 -116.40244 200.97562 166.58537	
2022-08-21-19:54:50-984 -0.13134766 1.125 2.9482422 -109.20732 202.86586 96.951225	
2022-08-21-19:54:50-990 -0.6904297 2.7304688 1.8237305 -4.085366 334.7561 -27.134148	
2022-08-21-19:54:50-993 -0.9707031 1.2900391 1.9384766 1.0365853 347.8049 -108.23171	
2022-08-21-19:54:50-997 -0.7871094 2.309082 1.5458984 172.74391 531.7683 -115.67073	
2022-08-21-19:54:51-003 -0.4946289 1.465332 1.0317383 145.97562 479.57318 -70.914635	
2022-08-21-19:54:51-009 -0.28466797 1.4370117 0.36132812 170.97562 423.7805 -59.939026	
2022-08-21-19:54:51-013 -0.9746094 0.13183594 0.6567383 154.57318 264.5122 -68.29269	
2022-08-21-19:54:51-016 -0.6308594 -0.2265625 0.6660156 195.0 116.15854 -55.792683	
2022-08-21-19:54:51-020 -0.91748047 -0.10595703 0.6230469 194.63416 122.2561 -16.036585	
2022-08-21-19:54:51-025 -0.2788086 1.1694336 0.54052734 195.7927 89.756096 -22.317074	
2022-08-21-19:54:51-234 -0.578125 1.0664062 0.49560547 126.46342 166.70732 -36.585365	
2022-08-21-19:54:51-241 -1.3686523 0.87060547 0.49121094 84.81708 181.89024 -5.914634	
2022-08-21-19:54:51-247 -1.6694336 0.5859375 0.671875 36.52439 56.28049 37.439026	
2022-08-21-19:54:51-252 -0.90966797 0.6074219 0.65722656 24.695122 -74.32927 56.28049	
2022-08-21-19:54:51-257 -1.0917969 0.8989258 0.41796875 3.9634147 -80.914635 102.31708	
2022-08-21-19:54:51-261 -1.5634766 0.93652344 0.46044922 -28.170732 -99.32927 119.5122	
2022-08-21-19:54:51-265 -2.8310547 1.8476562 0.26611328 -23.109756 -125.243904 16.646341	
2022-08-21-19:54:51-268 -3.0864258 0.71240234 0.671875 -77.743904 -258.23172 -110.914635	
2022-08-21-19:54:51-274 -3.0776367 -0.6015625 0.39013672 -34.817074 -287.07318 -73.17073	
2022-08-21-19:54:51-280 -1.5405273 -0.2421875 0.23339844 -4.634146 -319.0854 -51.646343	
2022-08-21-19:54:51-283 -1.5092773 4.8828125E-4 0.43310547 -12.987805 -147.13416 -43.780487	
2022-08-21-19:54:51-290 -0.8276367 0.0146484375 0.115722656 -37.134148 -47.2561 -76.64635	
2022-08-21-19:54:51-293 -0.31445312 -0.20410156 -0.24511719 -46.95122 57.865856 -113.53659	
2022-08-21-19:54:51-304 -0.42529297 -0.23925781 -0.18359375 -24.87805 81.70732 -157.74391	
2022-08-21-19:54:51-311 -0.079589844 -0.26416016 -0.20019531 -38.963417 75.36585 -189.5122	
2022-08-21-19:54:51-316 -0.23876953 -0.25634766 -0.25146484 -46.463417 81.89024 -207.62196	
2022-08-21-19:54:51-464 0 0 0 0 0 1000	
2022-08-21-19:55:00-829 0 0 0 0 0 1000	
2022-08-21-19:55:01-092 -0.32177734 0.6850586 0.067871094 -67.86585 2.8658538 9.207317	
2022-08-21-19:55:01-095 -0.39941406 0.8486328 0.09082031 -94.81708 25.060976 12.804878	
2022-08-21-19:55:01-096 -0.68896484 1.2094727 0.39697266 -132.98781 51.341465 8.414635	
2022-08-21-19:55:01-099 -0.88427734 1.6386719 0.8046875 -185.06097 58.414635 -6.2195125	
2022-08-21-19:55:01-102 -1.1308594 1.6708984 1.3671875 -241.70732 44.817074 -28.841465	
2022-08-21-19:55:01-104 -1.4882812 1.5859375 2.0083008 -244.32927 -47.987804 -61.95122	
2022-08-21-19:55:01-108 -1.3862305 1.6293945 2.3374023 -188.04878 -109.268295 -69.756096	
2022-08-21-19:55:01-111 -1.5795898 1.8242188 2.2011719 -122.621956 -1.8292683 -28.841465	
2022-08-21-19:55:01-115 -1.3007812 1.9677734 2.2773438 -84.756096 73.04878 -14.02439	
2022-08-21-19:55:01-118 -0.8647461 2.0664062 2.3476562 -50.73171 -27.012196 -42.92683	
2022-08-21-19:55:01-120 -0.60498047 2.1958008 2.852539 -12.317074 -172.43903 -99.7561	
2022-08-21-19:55:01-123 -0.6064453 2.0112305 3.1245117 57.92683 -210.67073 -150.54878	
2022-08-21-19:55:01-125 -0.70410156 1.2216797 2.7519531 169.39024 -190.30489 -176.28049	
2022-08-21-19:55:01-127 -0.9038086 -0.8413086 1.9946289 342.62195 -127.07317 -216.82927	
2022-08-21-19:55:01-129 -1.1533203 -4.625 0.088378906 530.97565 -55.487804 -250.36586	
2022-08-21-19:55:01-132 -0.26757812 -6.538086 -2.8481445 553.3537 106.21951 -108.17073	
2022-08-21-19:55:01-435 0.71191406 -2.3393555 -4.166992 478.10977 646.70734 -67.621956	
2022-08-21-19:55:01-441 -2.4604492 3.4072266 -3.8774414 250.91464 185.91464 -91.03659	
2022-08-21-19:55:01-446 0.75878906 -0.43701172 -0.29248047 -264.45123 -287.31708 82.80488	
2022-08-21-19:55:01-450 -0.28955078 0.059570312 -1.2719727 -183.78049 -620.60974 73.53659	
2022-08-21-19:55:01-456 3.4013672 -0.4140625 1.7036133 19.634148 -714.39026 -17.92683	
2022-08-21-19:55:01-459 1.3203125 2.661621 -1.3769531 1.6463414 -113.47561 -40.42683	
2022-08-21-19:55:01-462 0.97998047 -0.20410156 1.3417969 -119.02439 268.2927 -35.060978	
2022-08-21-19:55:01-467 -2.137207 1.512207 -0.9868164 8.780488 237.13416 -36.890244	
2022-08-21-19:55:01-470 -0.9116211 0.6435547 0.6503906 -81.52439 -110.426834 -33.90244	
2022-08-21-19:55:01-475 -0.32080078 1.2407227 -0.48486328 -62.37805 -273.47562 -38.414635	
2022-08-21-19:55:01-479 0.29248047 -0.42138672 -0.5253906 -167.74391 -381.40244 -36.95122	
2022-08-21-19:55:01-484 0.3696289 -0.79785156 -1.0366211 -143.53659 -300.67075 -13.414635	
2022-08-21-19:55:01-488 0.32763672 0.29589844 -1.6005859 -177.74391 -293.59756 34.207317	
2022-08-21-19:55:01-493 1.2094727 -1.5209961 -1.2353516 -275.06097 -237.19513 163.41464	
2022-08-21-19:55:01-496 1.5507812 -2.3701172 -1.2016602 -291.64636 -142.07318 238.71951	
2022-08-21-19:55:01-500 0.83935547 -3.0830078 -0.7753906 -336.70734 -28.47561 222.80489	
2022-08-21-19:55:01-753 1.2915039 -4.3339844 0.9926758 -327.43903 -54.939026 181.03659	
2022-08-21-19:55:01-757 0.1538086 -5.1870117 2.6166992 -302.80487 99.69512 274.7561	
2022-08-21-19:55:01-763 -1.0693359 -4.432617 3.1044922 -258.17075 43.59756 302.37805	
2022-08-21-19:55:01-768 -1.722168 -3.7998047 3.5078125 -151.58537 -92.37805 308.23172	
2022-08-21-19:55:01-771 -0.86083984 -1.9453125 2.7182617 -57.012196 -43.048782 281.82928	
2022-08-21-19:55:01-776 -1.4018555 -0.6455078 1.5371094 -37.317074 187.56097 300.60977	
2022-08-21-19:55:01-783 -1.2749023 -0.13183594 2.0239258 -67.560974 240.67073 224.5122	
2022-08-21-19:55:01-788 -0.18066406 1.4946289 1.1860352 -27.134148 302.43903 185.36586	
2022-08-21-19:55:01-790 -0.8588867 1.4375 1.7109375 5.121951 335.30487 129.14635	
2022-08-21-19:55:01-794 -0.7207031 1.7182617 1.3554688 63.90244 306.09756 73.17073	
2022-08-21-19:55:01-796 -0.2055664 1.1069336 1.0844727 55.0 310.30487 22.92683	
2022-08-21-19:55:01-801 0.20703125 0.53515625 0.94628906 75.121956 342.68292 -19.817074	
2022-08-21-19:55:01-806 -1.0151367 0.30664062 0.9506836 100.36585 308.0488 -36.890244	
2022-08-21-19:55:01-810 -1.2026367 -0.05029297 1.0014648 155.54878 169.51219 -47.134148	
2022-08-21-19:55:01-816 -0.12646484 -0.4477539 0.42626953 180.06097 54.390244 -40.670734	
2022-08-21-19:55:01-821 -0.84277344 0.13574219 0.29638672 212.31708 140.42683 -55.670734	
2022-08-21-19:55:02-081 -0.96777344 0.6635742 0.18310547 219.2683 188.53659 -30.121952	
2022-08-21-19:55:02-086 -0.8911133 0.51220703 0.25195312 199.5122 246.5244 -41.341465	
2022-08-21-19:55:02-089 -0.53808594 0.69628906 0.17089844 197.62195 172.43903 -29.87805	
2022-08-21-19:55:02-092 -0.54833984 1.1196289 0.064453125 172.13416 136.21951 -4.268293	
2022-08-21-19:55:02-096 -0.84033203 1.4355469 0.2084961 146.09756 130.60976 34.45122	
2022-08-21-19:55:02-101 -0.9560547 0.99609375 0.19384766 95.48781 118.414635 58.963417	
2022-08-21-19:55:02-106 -1.6967773 1.2001953 0.18408203 64.20732 54.634148 81.52439	
2022-08-21-19:55:02-110 -2.40625 1.3139648 -0.04736328 22.743902 -59.02439 35.243904	
2022-08-21-19:55:02-115 -3.4545898 0.82958984 -0.32910156 -17.195122 -120.79269 -54.512196	
2022-08-21-19:55:02-120 -3.2944336 -0.5336914 -0.45458984 -8.780488 -162.13416 -75.67073	
2022-08-21-19:55:02-123 -1.9619141 -0.8535156 -0.052246094 -11.768293 -164.0244 -22.317074	
2022-08-21-19:55:02-126 -1.8647461 -0.21533203 -0.22802734 -54.085365 -29.146341 0.5487805	
2022-08-21-19:55:02-129 -1.7739258 -0.09667969 -0.29785156 -55.975613 -17.317074 -18.780489	
2022-08-21-19:55:02-133 -1.0922852 -0.10058594 -0.17089844 -79.63415 -85.36585 -77.86585	
2022-08-21-19:55:02-137 -0.15673828 -0.09667969 -0.09863281 -62.012196 -153.90244 -123.65854	
2022-08-21-19:55:02-142 0.083984375 -0.01171875 -0.049316406 -75.85366 -109.69512 -124.268295	
2022-08-21-19:55:02-388 -0.10107422 -0.096191406 -0.052246094 -79.268295 -26.463415 -133.71951	
2022-08-21-19:55:02-391 -0.21826172 -0.21826172 -0.019042969 -83.17073 -22.743902 -142.5	
2022-08-21-19:55:02-395 0.15185547 -0.21142578 -0.11279297 -85.60976 -36.585365 -136.82927	
2022-08-21-19:55:02-399 0.14355469 -0.075683594 -0.30517578 -88.78049 -0.85365856 -125.73171	
2022-08-21-19:55:02-404 -0.080078125 -0.06591797 -0.34228516 -96.768295 21.707317 -120.48781	
2022-08-21-19:55:02-408 -0.26416016 -0.24072266 -0.2084961 -92.743904 -33.17073 -123.04878	
2022-08-21-19:55:02-415 0.019042969 -0.5419922 0.06640625 -54.939026 -127.31708 -121.46342	
2022-08-21-19:55:02-420 0.099609375 -0.44628906 0.21875 -25.792683 -119.268295 -99.63415	
2022-08-21-19:55:02-424 0.12060547 -0.34814453 -0.03173828 17.560976 -39.939026 -54.45122	
2022-08-21-19:55:02-427 -0.034179688 -0.33789062 -0.14453125 53.78049 -25.365854 -26.40244	
2022-08-21-19:55:02-430 -0.22851562 -0.5698242 -0.16699219 78.29269 -36.036587 -15.853659	
2022-08-21-19:55:02-434 -0.2529297 -0.81640625 0.018066406 116.52439 -32.865856 1.4634147	
2022-08-21-19:55:02-440 -0.6923828 -1.2792969 -0.34423828 196.82927 35.792683 -9.756098	
2022-08-21-19:55:02-445 -1.3955078 -2.102539 -1.0458984 256.89026 263.47562 -45.30488	
2022-08-21-19:55:02-450 -3.0913086 -2.3344727 -1.9819336 236.09756 327.92685 -109.39024	
2022-08-21-19:55:02-454 -3.177246 -4.182617 -0.46777344 182.86586 352.68292 -69.57317	
2022-08-21-19:55:02-709 -2.737793 -2.7026367 -0.78515625 208.04878 423.65854 32.19512	
2022-08-21-19:55:02-715 -2.040039 -2.1748047 -0.7939453 118.414635 284.57318 92.0122	
2022-08-21-19:55:02-718 -1.9692383 -1.1137695 0.0703125 108.96342 2.378049 108.90244	
2022-08-21-19:55:02-722 -0.7626953 -0.9501953 0.15039062 140.67073 -137.19513 72.68293	
2022-08-21-19:55:02-724 -0.6933594 -0.37890625 0.032714844 140.97562 -234.08537 22.195122	
2022-08-21-19:55:02-726 -0.24707031 -0.111816406 0.34814453 150.0 -196.7683 -20.487804	
2022-08-21-19:55:02-728 -0.31347656 0.0859375 0.2368164 137.80489 -117.80488 -34.268295	
2022-08-21-19:55:02-730 0.063964844 0.119140625 0.48339844 142.98781 -35.97561 -27.317074	
2022-08-21-19:55:02-732 -0.001953125 0.08105469 0.31201172 142.62195 30.609756 -20.54878	
2022-08-21-19:55:02-734 -0.1484375 0.30810547 0.43164062 144.69513 82.439026 5.487805	
2022-08-21-19:55:02-737 -0.2626953 0.32080078 0.46142578 128.90244 101.52439 35.182926	
2022-08-21-19:55:02-740 -0.24121094 0.50439453 0.50439453 120.48781 70.54878 77.0122	
2022-08-21-19:55:02-742 -0.25585938 0.8256836 0.12402344 109.87805 -50.609756 70.243904	
2022-08-21-19:55:02-746 -0.12646484 0.6567383 0.1015625 82.256096 -134.57318 74.268295	
2022-08-21-19:55:02-748 0.048339844 0.90185547 -0.1977539 69.939026 -138.65854 103.71951	
2022-08-21-19:55:02-752 0.10107422 1.0908203 -0.29492188 38.23171 -109.939026 135.60976	
2022-08-21-19:55:02-826 0 0 0 0 0 1000	
2022-08-21-19:55:11-373 0 0 0 0 0 1000	
2022-08-21-19:55:11-599 -0.69628906 0.8154297 0.3095703 0.36585367 -0.6097561 -17.134148	
2022-08-21-19:55:11-602 -0.6435547 0.83251953 0.2890625 5.97561 2.6219513 -15.304878	
2022-08-21-19:55:11-606 -0.6616211 0.80566406 0.28955078 9.512196 3.1707318 -10.609756	
2022-08-21-19:55:11-609 -0.6333008 0.7734375 0.23339844 9.756098 -19.939024 -9.939025	
2022-08-21-19:55:11-612 -0.43164062 0.6923828 0.1328125 7.378049 -26.95122 -13.04878	
2022-08-21-19:55:11-617 -0.30859375 0.5961914 0.087402344 4.1463413 1.9512196 -13.719513	
2022-08-21-19:55:11-620 -0.3256836 0.5102539 0.03173828 -0.6707317 14.573171 -14.878049	
2022-08-21-19:55:11-622 -0.23291016 0.4482422 0.060058594 -11.402439 -13.292684 -15.97561	
2022-08-21-19:55:11-626 -0.12109375 0.44140625 0.045898438 -22.439024 -42.134148 -12.012196	
2022-08-21-19:55:11-628 -0.11767578 0.453125 -0.0014648438 -39.817074 -37.2561 1.5243902	
2022-08-21-19:55:11-633 -0.07910156 0.42333984 0.025390625 -58.170734 7.3170733 20.121952	
2022-08-21-19:55:11-636 -0.20947266 0.5024414 -0.02734375 -72.439026 51.341465 34.634148	
2022-08-21-19:55:11-639 -0.48046875 0.671875 0.045898438 -89.268295 24.024391 30.731709	
2022-08-21-19:55:11-644 -0.66015625 1.0571289 0.20166016 -121.64635 -18.292683 14.634147	
2022-08-21-19:55:11-647 -0.88134766 1.4458008 0.6376953 -180.91464 -14.878049 5.8536587	
2022-08-21-19:55:11-649 -1.1489258 1.5893555 1.293457 -218.04878 25.182928 4.9390244	
2022-08-21-19:55:11-926 -1.4663086 1.8930664 1.699707 -197.07318 -12.926829 -28.536587	
2022-08-21-19:55:11-930 -1.4174805 2.203125 1.8442383 -156.70732 -83.84147 -56.463417	
2022-08-21-19:55:11-933 -1.6962891 2.2983398 1.8754883 -132.68292 14.207317 -22.195122	
2022-08-21-19:55:11-937 -1.7998047 2.3134766 2.0913086 -119.39024 152.13416 22.865854	
2022-08-21-19:55:11-942 -0.6171875 2.4575195 2.584961 -102.13415 69.81708 18.658537	
2022-08-21-19:55:11-947 -0.28515625 2.6123047 2.9868164 -72.13415 -71.15854 -37.987804	
2022-08-21-19:55:11-950 -0.7553711 2.2949219 3.178711 -5.97561 -87.13415 -92.37805	
2022-08-21-19:55:11-954 -0.67041016 1.8183594 2.7016602 82.86585 -91.03659 -147.80489	
2022-08-21-19:55:11-958 -0.48632812 0.9423828 2.178711 176.03659 -200.91464 -200.24391	
2022-08-21-19:55:11-962 -1.2255859 -1.1225586 1.8022461 279.63416 -257.5 -254.32927	
2022-08-21-19:55:11-965 -1.5288086 -6.177246 -0.34960938 439.81708 -221.82927 -285.42685	
2022-08-21-19:55:11-968 -1.5234375 -7.0585938 -5.1464844 626.8293 -66.89024 -186.70732	
2022-08-21-19:55:11-972 1.5654297 -3.465332 -3.5981445 513.3537 486.70734 -131.03659	
2022-08-21-19:55:11-979 -2.524414 7.0805664 -6.269043 360.91464 304.39026 -167.13416	
2022-08-21-19:55:11-984 -1.2250977 -3.3427734 1.4458008 -587.439 -310.60977 161.7683	
2022-08-21-19:55:11-988 0.83935547 0.5942383 -1.3579102 -90.85366 -852.98785 24.390244	
2022-08-21-19:55:12-275 4.2421875 0.5439453 2.125 101.585365 -660.12195 -32.012196	
2022-08-21-19:55:12-279 -0.15917969 2.850586 -1.9296875 50.243904 207.74391 -17.439024	
2022-08-21-19:55:12-283 1.0009766 -0.18359375 2.0029297 -122.926834 306.2195 -59.573174	
2022-08-21-19:55:12-289 -1.9448242 1.7675781 -1.003418 48.414635 246.28049 -36.585365	
2022-08-21-19:55:12-293 -1.1962891 0.40722656 1.1669922 -58.048782 -121.52439 -40.792683	
2022-08-21-19:55:12-297 0.043945312 1.3662109 -0.6855469 6.0365853 -331.64636 -70.85366	
2022-08-21-19:55:12-302 0.40966797 -0.0126953125 -0.07470703 -119.69512 -264.57318 -31.036587	
2022-08-21-19:55:12-307 0.7402344 -0.5234375 -0.64501953 -118.35366 -134.57318 -7.5	
2022-08-21-19:55:12-312 0.115234375 1.0053711 -1.3422852 -118.84147 -159.14635 19.085367	
2022-08-21-19:55:12-316 0.51464844 -1.0458984 -0.56103516 -284.20734 -231.58537 89.69512	
2022-08-21-19:55:12-320 0.21142578 -2.6918945 -0.9926758 -320.60977 -322.19513 160.48781	
2022-08-21-19:55:12-324 0.12695312 -2.506836 -0.92578125 -339.63416 -391.7683 217.5	
2022-08-21-19:55:12-327 0.3852539 -4.676758 0.6894531 -412.37805 -465.85367 275.97562	
2022-08-21-19:55:12-331 1.3046875 -4.751953 1.5878906 -302.56097 -431.64636 339.20734	
2022-08-21-19:55:12-334 1.0166016 -3.5942383 3.0683594 -195.91464 -437.8049 340.42685	
2022-08-21-19:55:12-339 2.5170898 -1.918457 3.1020508 -95.060974 -360.7927 322.56097	
2022-08-21-19:55:12-560 2.0927734 -1.1796875 2.1523438 -23.47561 2.1341465 320.48782	
2022-08-21-19:55:12-564 1.2050781 -0.5292969 1.7436523 25.97561 130.85367 262.37805	
2022-08-21-19:55:12-568 0.8339844 0.38232422 0.5957031 59.268295 51.707317 208.35367	
2022-08-21-19:55:12-572 0.42138672 0.66259766 0.62841797 74.14634 137.07318 119.69512	
2022-08-21-19:55:12-578 0.0053710938 1.081543 0.55810547 90.30488 250.30489 90.73171	
2022-08-21-19:55:12-583 -1.934082 0.7236328 -0.033691406 68.84147 439.81708 89.268295	
2022-08-21-19:55:12-588 -1.4501953 0.12841797 0.21435547 77.439026 441.0366 57.012196	
2022-08-21-19:55:12-590 -1.0996094 0.24560547 -0.18066406 60.487804 463.35367 54.207317	
2022-08-21-19:55:12-594 -1.1967773 -0.075683594 0.14648438 43.35366 476.2195 67.86585	
2022-08-21-19:55:12-597 -0.87646484 -0.4970703 0.6430664 68.78049 392.19513 68.84147	
2022-08-21-19:55:12-603 -0.7402344 -0.20947266 0.72216797 105.85366 367.13416 22.92683	
2022-08-21-19:55:12-609 -0.29785156 0.19042969 1.3037109 146.82927 342.68292 -5.8536587	
2022-08-21-19:55:12-614 -0.9272461 0.69140625 1.2661133 187.19513 430.48782 -10.243902	
2022-08-21-19:55:12-618 -1.3544922 1.0947266 1.4003906 197.56097 345.7927 -25.182928	
2022-08-21-19:55:12-622 -1.8979492 1.7978516 1.0361328 203.71951 277.62195 -18.963415	
2022-08-21-19:55:12-628 -2.6723633 1.4936523 0.90234375 162.86586 174.14635 7.012195	
2022-08-21-19:55:12-862 -2.9189453 1.0561523 0.73779297 111.46342 104.57317 32.2561	
2022-08-21-19:55:12-866 -3.2182617 1.0566406 0.7402344 46.768295 64.268295 0.4878049	
2022-08-21-19:55:12-869 -3.4199219 0.28027344 0.8984375 11.585366 106.46342 18.109756	
2022-08-21-19:55:12-875 -3.0297852 -0.18359375 0.65185547 -5.609756 102.80488 30.487806	
2022-08-21-19:55:12-881 -2.0449219 -0.40673828 0.41552734 -14.573171 31.40244 60.060978	
2022-08-21-19:55:12-885 -1.2021484 -0.08154297 0.06201172 -14.695123 -20.121952 29.939026	
2022-08-21-19:55:12-889 -0.6669922 -0.11376953 0.0390625 -38.65854 -42.92683 -12.865854	
2022-08-21-19:55:12-892 0.11279297 -0.19238281 0.15722656 -41.219513 -61.768295 -82.439026	
2022-08-21-19:55:12-896 0.1694336 -0.18066406 0.072265625 -39.69512 -35.670734 -130.7317	
2022-08-21-19:55:12-900 0.19433594 -0.14160156 -0.022460938 -40.121952 -17.256098 -168.17073	
2022-08-21-19:55:12-904 -0.029296875 -0.13916016 0.088378906 -70.48781 -49.207317 -189.93903	
2022-08-21-19:55:12-911 0.22949219 -0.22216797 0.16894531 -92.68293 -117.5 -191.95122	
2022-08-21-19:55:12-915 0.099609375 -0.028808594 0.07470703 -102.0122 -167.31708 -184.81708	
2022-08-21-19:55:12-920 -0.12060547 -0.055664062 0.16210938 -112.86586 -230.0 -180.48781	
2022-08-21-19:55:12-924 -0.14648438 -0.14892578 0.12841797 -117.439026 -294.02438 -172.98781	
2022-08-21-19:55:12-926 -0.19873047 -0.010253906 0.16894531 -118.04878 -259.39026 -157.37805	
2022-08-21-19:55:13-188 -0.119140625 -0.1381836 0.359375 -107.2561 -146.21951 -126.70732	
2022-08-21-19:55:13-192 -0.1274414 -0.43115234 0.43798828 -79.20732 -67.5 -113.78049	
2022-08-21-19:55:13-195 -0.1381836 -0.79345703 0.55908203 -27.682928 -65.18293 -109.451225	
2022-08-21-19:55:13-199 -0.2836914 -1.1811523 -0.0068359375 83.414635 -45.73171 -96.64635	
2022-08-21-19:55:13-203 0.15771484 -1.4355469 -0.546875 178.90245 88.23171 -37.134148	
2022-08-21-19:55:13-211 -0.77441406 -1.6865234 -1.2827148 307.43903 343.23172 7.865854	
2022-08-21-19:55:13-216 -2.7250977 -2.6948242 -1.8652344 306.2195 405.5488 -18.841463	
2022-08-21-19:55:13-221 -4.265625 -4.460449 -0.46142578 369.45123 450.48782 12.439025	
2022-08-21-19:55:13-225 -1.3300781 -1.6396484 -2.9038086 268.0488 611.40247 45.060978	
2022-08-21-19:55:13-228 -2.6816406 -1.9003906 -2.0449219 37.92683 429.93903 129.0244	
2022-08-21-19:55:13-236 -2.3813477 -2.0078125 -0.0859375 95.121956 -174.87805 86.34147	
2022-08-21-19:55:13-242 -1.7070312 -1.2050781 -0.15576172 120.0 -356.09756 63.78049	
2022-08-21-19:55:13-245 -0.13867188 -0.05517578 0.03857422 152.98781 -502.0122 29.87805	
2022-08-21-19:55:13-247 -0.15185547 -0.1743164 0.14013672 154.93903 -292.07318 12.012196	
2022-08-21-19:55:13-250 -0.1538086 0.27001953 0.49951172 142.43903 -187.92683 -11.829268	
2022-08-21-19:55:13-254 0.31982422 0.044433594 0.26513672 119.268295 -55.548782 -40.548782	
2022-08-21-19:55:13-387 0 0 0 0 0 1000	
2022-08-21-19:55:22-168 0 0 0 0 0 1000	
2022-08-21-19:55:22-399 -0.69873047 0.71484375 0.12451172 -0.12195122 -2.012195 -15.914635	
2022-08-21-19:55:22-402 -0.5942383 0.6533203 0.13232422 -2.1341465 -27.134148 -11.402439	
2022-08-21-19:55:22-406 -0.47314453 0.6035156 0.080566406 -2.6219513 -33.292683 -4.3292685	
2022-08-21-19:55:22-411 -0.47216797 0.55078125 0.037109375 -4.512195 -16.524391 0.73170733	
2022-08-21-19:55:22-414 -0.36767578 0.5263672 0.0014648438 -9.756098 9.878049 4.9390244	
2022-08-21-19:55:22-416 -0.34228516 0.5131836 -0.0146484375 -17.865854 26.158537 7.1951222	
2022-08-21-19:55:22-420 -0.40576172 0.50634766 0.017089844 -27.560976 -2.317073 9.207317	
2022-08-21-19:55:22-424 -0.3227539 0.54589844 0.0029296875 -40.85366 -21.707317 13.231708	
2022-08-21-19:55:22-426 -0.29492188 0.6010742 -0.00390625 -60.365856 2.804878 17.987804	
2022-08-21-19:55:22-427 -0.35302734 0.7680664 -0.04248047 -80.426834 20.487804 14.573171	
2022-08-21-19:55:22-429 -0.53515625 1.1938477 0.05078125 -124.7561 13.963415 5.7317076	
2022-08-21-19:55:22-431 -0.7993164 1.6733398 0.36376953 -199.5122 20.304878 -2.2560976	
2022-08-21-19:55:22-433 -1.4638672 1.7861328 1.2050781 -286.64636 54.207317 -25.609756	
2022-08-21-19:55:22-436 -1.9428711 1.9057617 1.8125 -315.2439 15.060976 -58.719513	
2022-08-21-19:55:22-439 -1.6132812 1.9980469 2.3466797 -251.34148 -49.45122 -43.536587	
2022-08-21-19:55:22-444 -1.4648438 2.1323242 2.724121 -181.58537 -3.7804878 9.02439	
2022-08-21-19:55:22-714 -0.84375 2.3051758 3.0810547 -141.28049 24.45122 37.80488	
2022-08-21-19:55:22-718 0.06591797 2.2646484 3.2578125 -86.951225 -67.80488 -4.1463413	
2022-08-21-19:55:22-722 -0.2705078 2.2441406 3.0742188 -29.695122 -82.0122 -72.31708	
2022-08-21-19:55:22-725 -1.203125 1.9082031 2.612793 30.792685 -68.10976 -130.06097	
2022-08-21-19:55:22-730 -1.4121094 1.2958984 1.9892578 124.939026 -131.82927 -190.91464	
2022-08-21-19:55:22-734 -0.53466797 0.10595703 1.7236328 250.18294 -291.0366 -259.20734	
2022-08-21-19:55:22-739 -1.0493164 -1.8823242 1.1235352 414.5122 -417.07318 -282.2561	
2022-08-21-19:55:22-745 -1.0136719 -5.862793 -1.1884766 578.90247 -318.7805 -327.68292	
2022-08-21-19:55:22-749 1.8544922 -7.668457 -5.1533203 667.8049 415.0 -161.64635	
2022-08-21-19:55:22-755 -1.6401367 1.012207 -6.4487305 560.9147 914.14636 -99.39024	
2022-08-21-19:55:22-760 -2.3149414 3.1347656 -0.9003906 -228.17073 -186.64635 -72.86585	
2022-08-21-19:55:22-764 1.2514648 0.33154297 -1.7548828 -145.67073 -689.5122 53.65854	
2022-08-21-19:55:22-769 2.666504 -1.2333984 1.6030273 -139.87805 -869.5732 -3.6585367	
2022-08-21-19:55:22-774 4.5180664 0.3618164 2.3955078 54.634148 -619.2683 -69.63415	
2022-08-21-19:55:22-780 -0.42626953 2.5126953 -1.6674805 -27.682928 187.5 -45.914635	
2022-08-21-19:55:22-785 0.7158203 -0.9926758 2.3374023 -69.45122 280.30487 -104.5122	
2022-08-21-19:55:23-073 -2.0986328 1.8354492 -1.7885742 29.268293 213.35367 -85.0	
2022-08-21-19:55:23-079 -0.7236328 0.0859375 1.1279297 -84.14635 -109.7561 -37.012196	
2022-08-21-19:55:23-084 -0.24316406 0.7446289 -0.8095703 -22.743902 -307.2561 -75.48781	
2022-08-21-19:55:23-088 -0.09667969 -0.5498047 -0.19042969 -116.28049 -413.10977 -82.0122	
2022-08-21-19:55:23-092 1.2075195 0.047851562 -1.112793 -84.32927 -367.86588 -102.07317	
2022-08-21-19:55:23-096 0.19433594 0.1303711 -0.16796875 -183.78049 -143.10976 -12.012196	
2022-08-21-19:55:23-100 -0.43554688 -0.5961914 -0.6401367 -213.84146 -122.621956 83.78049	
2022-08-21-19:55:23-105 0.42382812 -1.4116211 -1.3925781 -254.7561 -376.82928 134.14635	
2022-08-21-19:55:23-109 0.5546875 -2.0073242 -0.359375 -323.7195 -451.70734 226.5244	
2022-08-21-19:55:23-113 -0.36865234 -3.5488281 1.2436523 -366.52438 -421.95123 337.92685	
2022-08-21-19:55:23-120 0.19873047 -5.2626953 1.6484375 -282.43903 -314.45123 463.84146	
2022-08-21-19:55:23-123 0.94628906 -5.604004 1.4248047 -162.68294 -323.35367 439.57318	
2022-08-21-19:55:23-126 1.277832 -3.7939453 2.7509766 -75.426834 -339.57318 457.07318	
2022-08-21-19:55:23-129 1.2758789 -2.4873047 2.3881836 3.3536587 -49.390244 478.23172	
2022-08-21-19:55:23-134 1.8383789 -1.2255859 1.3237305 -0.6097561 82.07317 439.0244	
2022-08-21-19:55:23-140 2.6640625 -0.86865234 0.9199219 2.0731707 43.59756 340.91464	
2022-08-21-19:55:23-418 2.0019531 0.2939453 0.6069336 47.5 183.2317 258.47562	
2022-08-21-19:55:23-423 0.8803711 2.1357422 0.6542969 99.085365 336.09756 164.57318	
2022-08-21-19:55:23-426 -0.63378906 1.953125 0.19042969 65.48781 424.14636 57.012196	
2022-08-21-19:55:23-429 -1.5229492 0.15771484 0.33007812 81.95122 321.2195 48.841465	
2022-08-21-19:55:23-432 -1.1806641 0.4194336 0.15576172 122.07317 361.82928 27.987806	
2022-08-21-19:55:23-437 -1.3950195 -0.13085938 0.34570312 110.67073 320.18292 20.914635	
2022-08-21-19:55:23-442 -1.5097656 -0.17041016 0.95751953 150.54878 192.2561 19.390244	
2022-08-21-19:55:23-447 -1.0151367 -0.07324219 0.87060547 161.15854 148.84146 1.097561	
2022-08-21-19:55:23-451 -0.28564453 0.27539062 1.4794922 168.90245 231.21951 -10.792684	
2022-08-21-19:55:23-455 -0.81152344 0.74609375 1.9067383 176.7683 345.3049 2.6219513	
2022-08-21-19:55:23-460 -2.2285156 1.0693359 1.8745117 173.53659 256.95123 -0.79268295	
2022-08-21-19:55:23-464 -2.2607422 1.0185547 2.2202148 185.18294 117.68293 42.865856	
2022-08-21-19:55:23-468 -1.8691406 0.34228516 1.921875 192.92683 84.085365 102.80488	
2022-08-21-19:55:23-472 -1.9726562 0.5175781 1.4150391 184.63416 90.121956 120.67074	
2022-08-21-19:55:23-477 -2.1723633 0.71728516 1.2275391 143.2317 103.04878 46.768295	
2022-08-21-19:55:23-482 -2.59375 0.4873047 1.0961914 104.32927 92.07317 10.0	
2022-08-21-19:55:23-704 -1.4882812 -0.032226562 1.0761719 104.63415 11.402439 0.12195122	
2022-08-21-19:55:23-709 -0.37597656 -0.46533203 0.8466797 101.70732 -13.47561 -6.158537	
2022-08-21-19:55:23-716 -0.8701172 -0.13671875 0.56103516 58.78049 2.6219513 -31.219513	
2022-08-21-19:55:23-721 -0.50341797 -0.1772461 0.56396484 14.02439 -146.7683 -84.451225	
2022-08-21-19:55:23-724 0.0546875 -0.4091797 0.61621094 -14.207317 -174.45122 -203.96342	
2022-08-21-19:55:23-727 -0.07373047 -0.6074219 0.5214844 -8.47561 -138.10976 -249.32927	
2022-08-21-19:55:23-729 0.13476562 -0.9511719 0.6064453 -6.7073174 -137.07318 -269.93903	
2022-08-21-19:55:23-733 0.3149414 -0.79785156 0.08105469 -1.402439 -127.621956 -280.0	
2022-08-21-19:55:23-740 0.8305664 -0.58251953 -0.41455078 -2.8658538 -19.085367 -200.67073	
2022-08-21-19:55:23-745 -0.11035156 -0.76123047 -0.7583008 -27.621952 153.35367 -243.96342	
2022-08-21-19:55:23-752 -1.1606445 -0.40771484 -0.5673828 -25.54878 59.512196 -247.2561	
2022-08-21-19:55:23-756 -0.87646484 -0.7988281 -0.28857422 -19.756098 -61.58537 -246.70732	
2022-08-21-19:55:23-759 -0.35302734 -0.31103516 -0.6699219 13.841464 -99.7561 -239.45122	
2022-08-21-19:55:23-763 0.088378906 -0.22021484 -0.68847656 11.95122 -92.86585 -222.62196	
2022-08-21-19:55:23-766 -0.31835938 -0.33935547 -0.60595703 29.695122 -56.463417 -211.95122	
2022-08-21-19:55:23-770 -0.48632812 -0.5336914 -0.9370117 62.621952 -2.804878 -190.12195	
2022-08-21-19:55:24-020 -0.39453125 -0.32128906 -1.0083008 84.32927 76.46342 -154.93903	
2022-08-21-19:55:24-023 -0.90283203 -1.0058594 -1.0302734 103.65854 137.13416 -141.40244	
2022-08-21-19:55:24-025 -1.9936523 -1.5058594 -1.2841797 136.58537 234.7561 -149.14635	
2022-08-21-19:55:24-027 -2.6425781 -2.3759766 -1.1816406 104.085365 340.97562 -94.87805	
2022-08-21-19:55:24-028 -2.182129 -2.8657227 -1.425293 45.365856 395.85367 -65.73171	
2022-08-21-19:55:24-030 -2.3569336 -2.2797852 -0.8569336 34.45122 283.47562 -13.536586	
2022-08-21-19:55:24-033 -1.5639648 -1.7446289 -0.0034179688 -7.5 119.5122 22.682928	
2022-08-21-19:55:24-035 -1.1303711 -1.3310547 0.42822266 17.865854 57.37805 1.0365853	
2022-08-21-19:55:24-037 -0.8803711 -1.128418 0.7138672 55.548782 60.365856 -16.036585	
2022-08-21-19:55:24-040 -1.0454102 -0.9458008 0.70166016 121.768295 131.7683 -12.804878	
2022-08-21-19:55:24-043 -0.7714844 -0.64453125 0.7319336 173.47562 224.08537 0.5487805	
2022-08-21-19:55:24-045 -0.7397461 -0.24169922 0.45166016 196.34146 272.37805 14.817074	
2022-08-21-19:55:24-048 -0.85058594 -0.0014648438 0.2783203 192.86586 281.89026 41.95122	
2022-08-21-19:55:24-052 -1.0327148 0.45263672 0.40966797 174.69513 247.0122 70.060974	
2022-08-21-19:55:24-054 -0.68310547 0.4482422 0.60595703 126.89024 124.268295 74.5122	
2022-08-21-19:55:24-055 -0.49121094 0.6328125 0.56347656 115.73171 34.085365 79.5122	
2022-08-21-19:55:24-061 0 0 0 0 0 1000	
2022-08-21-19:55:34-145 0 0 0 0 0 1000	
2022-08-21-19:55:34-187 -0.5410156 0.6274414 0.0703125 -10.54878 -28.780489 -21.341463	
2022-08-21-19:55:34-189 -0.5073242 0.5957031 0.095214844 -11.646341 1.8292683 -16.646341	
2022-08-21-19:55:34-191 -0.4892578 0.57128906 0.12939453 -10.54878 13.231708 -12.256098	
2022-08-21-19:55:34-194 -0.5078125 0.57958984 0.11816406 -11.95122 -9.3902445 -11.52439	
2022-08-21-19:55:34-196 -0.3930664 0.57177734 0.11328125 -18.292683 -32.5 -10.54878	
2022-08-21-19:55:34-200 -0.33740234 0.57714844 0.07470703 -27.134148 -18.658537 -1.0365853	
2022-08-21-19:55:34-203 -0.31835938 0.54785156 0.08251953 -35.97561 8.353659 11.585366	
2022-08-21-19:55:34-208 -0.3779297 0.5620117 0.091308594 -44.634148 17.682928 17.012196	
2022-08-21-19:55:34-211 -0.47021484 0.6425781 0.091796875 -58.90244 -2.682927 13.292684	
2022-08-21-19:55:34-214 -0.56884766 0.75146484 0.20458984 -80.0 -13.902439 4.6951222	
2022-08-21-19:55:34-216 -0.7265625 1.1484375 0.43554688 -118.597565 18.59756 4.3292685	
2022-08-21-19:55:34-220 -0.8671875 1.6054688 0.8676758 -176.21951 58.90244 7.1951222	
2022-08-21-19:55:34-222 -1.3178711 1.8251953 1.3310547 -222.31708 49.939026 -23.04878	
2022-08-21-19:55:34-224 -1.6079102 1.8041992 1.6430664 -217.31708 -41.40244 -67.0122	
2022-08-21-19:55:34-226 -1.6044922 1.9707031 1.737793 -176.09756 -20.670732 -62.621952	
2022-08-21-19:55:34-228 -1.9785156 2.1264648 1.7963867 -153.84146 90.243904 -27.804878	
2022-08-21-19:55:34-505 -1.5952148 2.2167969 2.0673828 -141.15854 69.63415 5.8536587	
2022-08-21-19:55:34-511 -0.47753906 2.1796875 2.8325195 -112.13415 -73.65854 -24.268293	
2022-08-21-19:55:34-515 -0.2475586 2.234375 3.3686523 -51.036587 -154.39024 -83.71951	
2022-08-21-19:55:34-519 -0.640625 1.9487305 2.9501953 33.59756 -139.69513 -138.29268	
2022-08-21-19:55:34-522 -0.9423828 0.95947266 2.415039 147.80489 -114.81708 -187.31708	
2022-08-21-19:55:34-526 -1.7407227 -0.9667969 1.690918 303.0488 -206.09756 -232.19513	
2022-08-21-19:55:34-530 -2.315918 -3.7094727 0.5019531 566.5244 -238.41464 -347.8049	
2022-08-21-19:55:34-534 -1.8510742 -7.3623047 -3.175293 597.8049 -290.0 -233.17073	
2022-08-21-19:55:34-538 1.6425781 -5.6953125 -2.2456055 561.89026 210.06097 -168.47562	
2022-08-21-19:55:34-544 -1.6972656 4.270508 -6.1157227 443.59756 582.8049 -114.7561	
2022-08-21-19:55:34-548 -4.194336 -0.59033203 -0.047851562 -479.69513 67.5 167.62195	
2022-08-21-19:55:34-552 1.6323242 -0.114746094 -1.4086914 -65.97561 -775.9147 56.82927	
2022-08-21-19:55:34-559 3.2563477 -0.095703125 0.7314453 -5.670732 -893.7805 -37.012196	
2022-08-21-19:55:34-564 1.5073242 2.746582 -1.5927734 77.439026 113.47561 25.54878	
2022-08-21-19:55:34-568 0.9291992 0.609375 0.86083984 -176.09756 366.15854 -20.853659	
2022-08-21-19:55:34-575 -1.0703125 1.046875 -0.35205078 15.304878 288.10977 -39.32927	
2022-08-21-19:55:34-819 -1.112793 0.7216797 0.35888672 -73.47561 19.024391 -38.536587	
2022-08-21-19:55:34-825 0.28466797 1.3647461 -0.0034179688 -31.219513 -159.45122 -70.30488	
2022-08-21-19:55:34-829 -0.0390625 0.2265625 -0.055664062 -121.40244 -189.2683 -70.60976	
2022-08-21-19:55:34-832 0.8515625 -1.1772461 0.14648438 -98.71951 -219.14635 -73.84147	
2022-08-21-19:55:34-836 0.5439453 0.20898438 -0.9741211 -72.68293 -219.2683 -88.414635	
2022-08-21-19:55:34-841 1.1513672 -0.31591797 -0.25732422 -176.21951 -308.84146 -75.48781	
2022-08-21-19:55:34-846 0.6411133 -0.56884766 -0.62060547 -202.19513 -257.13416 -0.85365856	
2022-08-21-19:55:34-851 0.7998047 -1.3793945 -0.8334961 -280.67075 -273.35367 81.64635	
2022-08-21-19:55:34-855 0.2944336 -2.2055664 -0.5917969 -383.2927 -218.71951 191.21951	
2022-08-21-19:55:34-860 -0.47607422 -4.690918 0.828125 -437.74393 -201.46342 291.2195	
2022-08-21-19:55:34-864 -1.2416992 -6.1450195 1.4433594 -446.15854 -216.28049 368.59756	
2022-08-21-19:55:34-867 -0.7055664 -4.7495117 3.1157227 -375.48782 -325.36588 388.10977	
2022-08-21-19:55:34-871 1.3012695 -3.0893555 3.5239258 -216.09756 -269.87805 357.31708	
2022-08-21-19:55:34-878 0.40966797 -1.7983398 2.9892578 -128.04878 -89.756096 384.57318	
2022-08-21-19:55:34-882 1.8945312 -0.88134766 2.3989258 -81.768295 -37.5 338.35367	
2022-08-21-19:55:34-887 1.5869141 -0.10107422 1.9140625 -56.09756 -19.573172 273.47562	
2022-08-21-19:55:35-135 1.6958008 0.7836914 0.8339844 13.353659 52.80488 225.60976	
2022-08-21-19:55:35-140 1.3139648 1.2197266 0.2211914 61.341465 232.80489 134.87805	
2022-08-21-19:55:35-146 -1.0317383 1.3579102 0.03466797 73.78049 415.06097 84.39024	
2022-08-21-19:55:35-149 -1.1196289 0.26611328 -0.052246094 138.71951 352.86588 88.597565	
2022-08-21-19:55:35-154 -1.5913086 -0.076171875 -0.52490234 200.67073 265.18292 75.0	
2022-08-21-19:55:35-160 -1.2519531 0.087890625 -0.16064453 239.63416 118.414635 47.19512	
2022-08-21-19:55:35-163 -1.3979492 0.024902344 -0.29833984 225.54878 187.68294 41.15854	
2022-08-21-19:55:35-172 -0.11425781 -0.1430664 0.14794922 198.17073 249.93903 -2.4390244	
2022-08-21-19:55:35-178 -0.5385742 0.52978516 0.2836914 208.41464 396.34146 40.548782	
2022-08-21-19:55:35-184 -1.8183594 1.1821289 0.9921875 161.46342 337.19513 -21.036587	
2022-08-21-19:55:35-188 -2.7890625 1.565918 1.8706055 135.18292 272.2561 2.5609756	
2022-08-21-19:55:35-191 -2.869629 1.300293 2.3188477 115.36586 153.78049 51.219513	
2022-08-21-19:55:35-195 -3.0473633 0.93896484 2.5986328 100.30488 58.719513 110.60976	
2022-08-21-19:55:35-201 -3.3330078 0.6386719 2.4467773 101.70732 6.0365853 130.18292	
2022-08-21-19:55:35-207 -2.6420898 0.19384766 2.0576172 86.89024 -40.182926 123.17074	
2022-08-21-19:55:35-211 -1.3339844 -0.14501953 1.4277344 107.439026 -93.35366 92.560974	
2022-08-21-19:55:35-560 -0.52685547 0.072265625 0.78027344 93.29269 -42.560978 75.914635	
2022-08-21-19:55:35-564 -0.38427734 0.28271484 0.3149414 50.792683 17.317074 46.707317	
2022-08-21-19:55:35-569 -0.43310547 0.34326172 -0.22607422 5.8536587 13.04878 -3.6585367	
2022-08-21-19:55:35-574 -0.2290039 0.31835938 -0.21044922 -37.865856 -102.5 -66.34146	
2022-08-21-19:55:35-579 -0.16259766 0.2919922 -0.13916016 -66.52439 -141.34146 -143.04878	
2022-08-21-19:55:35-583 0.171875 0.140625 -0.04638672 -110.30488 -109.87805 -185.91464	
2022-08-21-19:55:35-587 0.0063476562 -0.1381836 -0.1616211 -129.93903 -51.463417 -186.95122	
2022-08-21-19:55:35-590 0.095214844 -0.28857422 -0.42382812 -135.91464 -90.85366 -186.82927	
2022-08-21-19:55:35-594 0.068847656 -0.2788086 -0.3930664 -148.2317 -138.10976 -154.57318	
2022-08-21-19:55:35-598 -0.046875 -0.45117188 -0.3852539 -154.14635 -172.74391 -158.35367	
2022-08-21-19:55:35-603 -0.20996094 -0.70458984 -0.23730469 -132.68292 -181.46342 -155.60976	
2022-08-21-19:55:35-607 -0.12695312 -0.6855469 -0.21582031 -85.73171 -159.2683 -147.07318	
2022-08-21-19:55:35-611 0.07861328 -0.4560547 -0.35302734 -52.134148 -76.40244 -143.04878	
2022-08-21-19:55:35-616 -0.17773438 -0.6191406 -0.42285156 -32.987804 -16.585365 -138.04878	
2022-08-21-19:55:35-626 -0.31298828 -0.90234375 -0.32177734 25.487806 37.439026 -108.17073	
2022-08-21-19:55:35-630 -0.6230469 -1.1196289 -0.125 92.621956 129.93903 -81.64635	
2022-08-21-19:55:35-810 -1.2670898 -1.6323242 -0.44921875 159.63416 240.12196 -85.73171	
2022-08-21-19:55:35-815 -3.6308594 -2.7563477 -0.5800781 170.24391 352.19513 -176.89024	
2022-08-21-19:55:35-820 -4.744629 -3.9155273 0.17773438 187.80489 400.85367 -77.37805	
2022-08-21-19:55:35-824 -2.2192383 -1.3857422 -0.75 229.2683 518.3537 23.841463	
2022-08-21-19:55:35-827 -3.0844727 -1.4770508 -0.9746094 175.54878 296.4634 83.90244	
2022-08-21-19:55:35-830 -2.0947266 -0.70458984 0.3852539 105.97561 -60.18293 46.890244	
2022-08-21-19:55:35-834 -0.9458008 -0.5986328 0.34277344 106.82927 -129.93903 32.987804	
2022-08-21-19:55:35-841 -0.5097656 -0.4506836 0.18261719 166.5244 -201.09756 1.1585366	
2022-08-21-19:55:35-845 0.018554688 0.21289062 0.18408203 186.28049 -122.0122 -29.024391	
2022-08-21-19:55:35-849 -0.22998047 0.09667969 -0.057128906 134.7561 -55.30488 -47.743904	
2022-08-21-19:55:35-853 -0.12548828 0.22802734 0.111816406 132.62195 25.609756 -36.585365	
2022-08-21-19:55:35-857 0.03466797 0.1303711 -9.765625E-4 101.21951 30.670732 -41.463417	
2022-08-21-19:55:35-862 -0.12939453 0.21777344 0.2446289 105.48781 95.121956 -36.890244	
2022-08-21-19:55:35-866 -0.5336914 0.2529297 0.32226562 113.17073 126.097565 -1.7682927	
2022-08-21-19:55:35-870 -0.27490234 0.4272461 0.49072266 112.439026 57.37805 7.6219516	
2022-08-21-19:55:35-876 -0.24951172 0.8276367 0.42626953 112.31708 -3.7195122 29.207317	
2022-08-21-19:55:36-123 -0.42626953 0.7993164 0.29101562 113.414635 -47.073174 51.40244	
2022-08-21-19:55:36-125 -0.42041016 0.9975586 0.21435547 124.268295 -81.64635 58.963417	
2022-08-21-19:55:36-127 0.07128906 1.1196289 -0.07910156 103.47561 -158.90244 69.63415	
2022-08-21-19:55:36-129 0.5776367 1.4501953 -0.20410156 98.84147 -115.426834 101.34147	
2022-08-21-19:55:36-131 -0.2241211 1.5141602 -0.6376953 69.268295 -93.10976 136.64635	
2022-08-21-19:55:36-134 -0.51904297 1.2407227 -0.53515625 45.914635 -115.85366 150.7317	
2022-08-21-19:55:36-138 -0.8984375 1.8588867 0.18847656 46.280487 -81.21951 133.90244	
2022-08-21-19:55:36-142 -3.3393555 2.3740234 0.09716797 26.036587 -16.036585 56.341465	
2022-08-21-19:55:36-145 -4.474121 -1.1123047 -1.0766602 -28.536587 -85.85366 -19.695122	
2022-08-21-19:55:36-147 -3.4140625 -2.005371 -0.111816406 -13.658537 -13.963415 -4.5731707	
2022-08-21-19:55:36-152 -2.53125 -1.2119141 0.8798828 -91.15854 -11.280488 21.646341	
2022-08-21-19:55:36-155 -2.2197266 -1.746582 0.2109375 -214.32927 53.841465 77.743904	
2022-08-21-19:55:36-157 -3.171875 -1.6948242 0.50146484 -239.32927 -13.231708 95.914635	
2022-08-21-19:55:36-159 -1.0507812 -1.1572266 -0.080566406 -259.14636 -241.34148 71.82927	
2022-08-21-19:55:36-161 -0.28857422 -0.9892578 -0.056152344 -250.42683 -209.45122 93.65854	
2022-08-21-19:55:36-164 -0.26513672 -0.52441406 0.079589844 -212.37805 -153.2317 103.65854	
2022-08-21-19:55:36-243 0 0 0 0 0 1000	
2022-08-21-19:55:46-014 0 0 0 0 0 1000	
2022-08-21-19:55:46-293 -0.2602539 0.36328125 0.015136719 -23.04878 10.121951 11.402439	
2022-08-21-19:55:46-295 -0.28808594 0.37548828 0.041015625 -31.40244 17.560976 13.414635	
2022-08-21-19:55:46-297 -0.2939453 0.37304688 0.07763672 -38.414635 0.5487805 5.5487804	
2022-08-21-19:55:46-300 -0.28955078 0.45166016 0.064453125 -46.036587 -16.95122 -4.512195	
2022-08-21-19:55:46-303 -0.39746094 0.6503906 0.08105469 -59.268295 -7.9268293 -11.097561	
2022-08-21-19:55:46-307 -0.5083008 0.9580078 0.15136719 -86.768295 30.792685 -20.0	
2022-08-21-19:55:46-312 -0.7675781 1.2094727 0.48242188 -132.01219 69.14634 -16.158537	
2022-08-21-19:55:46-319 -1.215332 1.5244141 0.9760742 -176.15854 35.060978 -27.134148	
2022-08-21-19:55:46-322 -1.6074219 1.8740234 1.6645508 -225.06097 -69.20732 -62.012196	
2022-08-21-19:55:46-325 -1.8125 1.9008789 2.397461 -233.59756 -108.04878 -49.69512	
2022-08-21-19:55:46-328 -2.008789 2.1191406 2.6660156 -188.96342 -17.439024 -9.268292	
2022-08-21-19:55:46-332 -2.1342773 2.163086 2.8564453 -127.80488 117.98781 50.365856	
2022-08-21-19:55:46-337 -1.6108398 2.28125 2.7871094 -87.13415 103.65854 101.097565	
2022-08-21-19:55:46-342 -0.79785156 2.4799805 2.4770508 -78.47561 1.402439 108.17073	
2022-08-21-19:55:46-348 -0.27734375 2.3378906 2.3261719 -70.36585 -56.95122 57.2561	
2022-08-21-19:55:46-352 -0.31347656 2.2578125 2.0078125 -45.609756 11.52439 -10.304878	
2022-08-21-19:55:46-608 -0.36035156 1.8242188 1.800293 16.707317 -20.914635 -123.10976	
2022-08-21-19:55:46-613 -0.8413086 1.1279297 1.4150391 107.31708 -158.2317 -220.85367	
2022-08-21-19:55:46-620 -1.0976562 0.24169922 1.5058594 201.89024 -335.73172 -282.80487	
2022-08-21-19:55:46-624 -1.894043 -1.9487305 1.3276367 279.20734 -478.65854 -354.93903	
2022-08-21-19:55:46-627 -1.9804688 -7.7749023 -0.3383789 474.32928 -429.7561 -420.06097	
2022-08-21-19:55:46-631 0.9423828 -6.809082 -3.8452148 682.37805 70.914635 -287.37805	
2022-08-21-19:55:46-637 0.3725586 0.5366211 -5.0341797 692.86584 735.1829 -132.74391	
2022-08-21-19:55:46-642 -2.8422852 4.8847656 -3.7250977 -105.97561 380.85367 60.914635	
2022-08-21-19:55:46-647 1.4584961 -1.0927734 1.1630859 -287.2561 -416.64636 35.609756	
2022-08-21-19:55:46-650 1.4931641 0.2709961 -0.79541016 -22.134148 -648.8415 -8.597561	
2022-08-21-19:55:46-654 2.6679688 0.92626953 1.5444336 160.06097 -234.32927 -117.68293	
2022-08-21-19:55:46-658 -0.73095703 3.059082 -1.9316406 -0.85365856 342.56097 -69.5122	
2022-08-21-19:55:46-662 -0.103027344 -0.8886719 1.2895508 -111.46342 265.2439 -58.170734	
2022-08-21-19:55:46-666 -2.8725586 0.9326172 -0.91015625 13.04878 -18.90244 -61.09756	
2022-08-21-19:55:46-669 0.19580078 -0.8666992 1.2016602 -51.09756 -208.59756 -24.146341	
2022-08-21-19:55:46-676 -0.040527344 0.82373047 -0.46972656 -29.756098 -0.12195122 17.682928	
2022-08-21-19:55:46-923 0.74560547 -0.8779297 1.2075195 -74.63415 11.219512 20.42683	
2022-08-21-19:55:46-927 0.2861328 -0.24511719 0.10839844 -39.45122 18.109756 -30.243902	
2022-08-21-19:55:46-930 -0.20458984 -0.4970703 0.7651367 -84.14635 30.792685 -39.268295	
2022-08-21-19:55:46-935 -0.97265625 0.5986328 0.99072266 -76.21951 -17.37805 -25.365854	
2022-08-21-19:55:46-940 -1.6489258 0.12060547 2.1582031 -129.32927 -170.24391 -15.609756	
2022-08-21-19:55:46-945 -2.0546875 -0.033691406 2.7856445 -96.951225 -301.4634 -22.743902	
2022-08-21-19:55:46-949 -1.4453125 0.16894531 3.0717773 -46.707317 -442.2561 -28.414635	
2022-08-21-19:55:46-953 -0.42578125 -1.0185547 2.1762695 70.97561 -422.56097 -15.304878	
2022-08-21-19:55:46-957 -0.12939453 0.43359375 0.6269531 167.56097 -96.951225 2.317073	
2022-08-21-19:55:46-962 -0.70410156 0.43164062 0.5161133 47.317074 -204.0244 71.52439	
2022-08-21-19:55:46-967 -0.12988281 0.64990234 0.38623047 -28.04878 -132.92683 161.34146	
2022-08-21-19:55:46-975 -0.061523438 0.73095703 -1.8666992 -43.048782 -282.56097 223.96342	
2022-08-21-19:55:46-983 -0.38623047 0.67089844 -1.1518555 -98.47561 -321.4634 263.84146	
2022-08-21-19:55:46-988 0.37890625 -0.6591797 -2.2978516 -154.08537 -255.36586 295.12195	
2022-08-21-19:55:46-991 0.53222656 -0.8540039 -1.9511719 -256.95123 -288.2927 134.39024	
2022-08-21-19:55:46-994 -0.8432617 -1.277832 -1.2880859 -284.32928 -253.2927 108.53659	
2022-08-21-19:55:47-240 1.2055664 -0.97021484 -1.0136719 -144.0244 -203.2317 175.7317	
2022-08-21-19:55:47-247 0.58691406 -1.284668 -0.83447266 -88.53659 272.0122 242.13416	
2022-08-21-19:55:47-251 -1.2924805 -1.2055664 -2.0205078 -88.17073 744.5732 264.69513	
2022-08-21-19:55:47-255 -2.7539062 -2.8701172 -0.5834961 -84.5122 783.4147 193.04878	
2022-08-21-19:55:47-259 -1.6005859 -2.0913086 -0.6894531 25.54878 573.5366 136.34146	
2022-08-21-19:55:47-264 -2.4794922 -1.5297852 -0.6020508 -13.841464 462.07318 71.585365	
2022-08-21-19:55:47-268 -2.9780273 -1.0405273 -0.111816406 0.79268295 474.14636 66.46342	
2022-08-21-19:55:47-271 -3.3422852 0.54589844 0.96972656 -32.2561 410.36588 34.7561	
2022-08-21-19:55:47-279 -3.5517578 1.0639648 2.241211 -93.23171 210.12196 19.390244	
2022-08-21-19:55:47-285 -3.618164 0.58203125 3.0922852 -64.14634 93.53659 21.585367	
2022-08-21-19:55:47-288 -3.7954102 0.5361328 3.0942383 -11.95122 118.29269 -52.682926	
2022-08-21-19:55:47-292 -4.854492 0.4375 3.3579102 -28.109756 208.10976 -106.097565	
2022-08-21-19:55:47-295 -4.463379 0.044433594 3.347168 -22.256098 186.95122 -22.804878	
2022-08-21-19:55:47-299 -3.0810547 0.45898438 2.8198242 -8.109756 37.317074 75.85366	
2022-08-21-19:55:47-303 -2.3339844 0.6113281 2.496582 -11.463415 -24.085367 99.32927	
2022-08-21-19:55:47-308 -1.3544922 0.73779297 1.7114258 -51.463417 -42.92683 141.70732	
2022-08-21-19:55:47-554 -0.13232422 0.41601562 0.82421875 -91.52439 -74.32927 131.03659	
2022-08-21-19:55:47-558 0.58935547 0.087402344 0.7319336 -90.85366 -172.31708 63.414635	
2022-08-21-19:55:47-562 0.26953125 0.12890625 0.57421875 -98.35366 -113.90244 -24.207317	
2022-08-21-19:55:47-566 -0.13671875 -0.09472656 0.2006836 -121.82927 -91.28049 -66.95122	
2022-08-21-19:55:47-569 0.10205078 0.009765625 0.114746094 -114.14635 -176.09756 -126.28049	
2022-08-21-19:55:47-576 0.42041016 -0.31884766 0.057128906 -119.81708 -157.13416 -105.79269	
2022-08-21-19:55:47-582 -0.091796875 -0.32763672 0.07763672 -82.439026 -58.841465 -86.03659	
2022-08-21-19:55:47-586 -0.3100586 -0.140625 -0.0029296875 -74.14634 -17.317074 -83.04878	
2022-08-21-19:55:47-590 -0.45898438 -0.13476562 -0.26757812 -41.09756 -74.69512 -98.04878	
2022-08-21-19:55:47-593 0.35351562 0.0703125 -0.44482422 -34.32927 -173.53659 -107.86585	
2022-08-21-19:55:47-596 0.10839844 4.8828125E-4 -0.4501953 -42.560978 -158.78049 -106.097565	
2022-08-21-19:55:47-600 0.27539062 -0.057617188 -0.2993164 -44.146343 -129.2683 -104.7561	
2022-08-21-19:55:47-605 0.010253906 -0.4194336 -0.13378906 -23.47561 -80.060974 -113.84147	
2022-08-21-19:55:47-611 -0.4560547 -0.49169922 0.140625 -2.9268293 -30.609756 -95.243904	
2022-08-21-19:55:47-615 -0.75341797 -0.5961914 0.18701172 49.02439 50.30488 -93.78049	
2022-08-21-19:55:47-620 -1.1396484 -0.7314453 -0.24316406 72.31708 175.91464 -94.20732	
2022-08-21-19:55:47-866 -1.7763672 -1.0131836 -1.1733398 69.57317 332.13416 -77.743904	
2022-08-21-19:55:47-868 -5.4838867 -2.953125 1.5859375 131.5244 421.4634 -78.35366	
2022-08-21-19:55:47-871 -4.1757812 -1.7431641 -0.56884766 160.18294 64.39024 -149.2683	
2022-08-21-19:55:47-875 -3.6132812 -2.2045898 -0.020019531 169.14635 -78.17073 -27.743902	
2022-08-21-19:55:47-878 -1.5039062 -1.0004883 0.67871094 173.35367 -283.10977 -39.207317	
2022-08-21-19:55:47-882 -0.5708008 -1.090332 0.9951172 152.68294 -116.46342 -13.536586	
2022-08-21-19:55:47-885 -0.39990234 -0.34570312 0.39013672 172.2561 157.13416 -6.2195125	
2022-08-21-19:55:47-887 -0.28320312 -0.119628906 0.3803711 164.81708 147.92683 -23.353659	
2022-08-21-19:55:47-889 0.053710938 0.018066406 0.63916016 154.57318 30.670732 -62.80488	
2022-08-21-19:55:47-891 -0.43066406 -0.19628906 0.4975586 143.41464 102.926834 -66.95122	
2022-08-21-19:55:47-893 -0.31103516 0.15234375 0.3017578 159.14635 94.268295 -34.939026	
2022-08-21-19:55:47-895 0.021484375 0.2578125 0.30419922 145.60976 64.57317 -39.02439	
2022-08-21-19:55:47-897 0.11669922 0.22607422 0.3227539 137.19513 66.15854 -32.743904	
2022-08-21-19:55:47-900 -0.023925781 0.42578125 0.23095703 145.06097 72.98781 -9.512196	
2022-08-21-19:55:47-902 -0.2368164 0.50341797 0.07128906 125.243904 16.158537 6.402439	
2022-08-21-19:55:47-905 0.19189453 0.70996094 0.12451172 104.939026 -52.134148 15.060976	
2022-08-21-19:55:47-944 0 0 0 0 0 1000	
2022-08-21-19:55:57-315 0 0 0 0 0 1000	
2022-08-21-19:55:57-474 -0.48632812 0.33398438 0.03125 -30.060976 17.317074 10.731708	
2022-08-21-19:55:57-479 -0.55029297 0.50927734 0.12207031 -22.012196 27.987806 7.7439027	
2022-08-21-19:55:57-482 -0.66015625 0.62646484 0.2475586 -12.926829 33.719513 7.9268293	
2022-08-21-19:55:57-487 -0.70166016 0.7128906 0.26171875 -7.987805 38.414635 -1.8902439	
2022-08-21-19:55:57-489 -0.78466797 0.84765625 0.14111328 0.18292683 34.32927 -27.317074	
2022-08-21-19:55:57-491 -1.1591797 0.86572266 0.099121094 1.7073171 2.682927 -53.23171	
2022-08-21-19:55:57-493 -1.3525391 0.87353516 -0.00390625 -3.4756098 -31.524391 -52.682926	
2022-08-21-19:55:57-495 -1.3027344 0.73095703 -0.0087890625 -15.54878 4.02439 -33.719513	
2022-08-21-19:55:57-497 -1.4755859 0.67089844 -0.053222656 -14.085366 64.085365 -19.512196	
2022-08-21-19:55:57-501 -1.2138672 0.70654297 0.052734375 -24.207317 52.80488 -10.853659	
2022-08-21-19:55:57-504 -0.6147461 0.7338867 0.2133789 -18.59756 31.95122 -11.707317	
2022-08-21-19:55:57-507 -0.43945312 0.77490234 0.19433594 -6.158537 25.060976 -22.37805	
2022-08-21-19:55:57-510 -0.59716797 0.7734375 0.3413086 6.3414636 14.756098 -30.853659	
2022-08-21-19:55:57-513 -0.52783203 0.8745117 0.18359375 16.95122 -6.3414636 -29.512196	
2022-08-21-19:55:57-518 -0.5488281 0.8544922 0.09716797 21.158537 -1.8902439 -25.731709	
2022-08-21-19:55:57-521 -0.80908203 0.7470703 0.036621094 19.756098 -5.365854 -16.585365	
2022-08-21-19:55:57-790 -0.68310547 0.68652344 -0.08496094 6.52439 -16.890244 -7.682927	
2022-08-21-19:55:57-794 -0.37548828 0.5966797 -0.03857422 -8.353659 -7.3170733 -6.585366	
2022-08-21-19:55:57-797 -0.33740234 0.56933594 -0.04345703 -16.036585 -4.390244 -2.987805	
2022-08-21-19:55:57-801 -0.14697266 0.49658203 0.04736328 -26.40244 -20.060976 -2.1341465	
2022-08-21-19:55:57-811 -0.057617188 0.43115234 0.0390625 -32.80488 -11.829268 1.8292683	
2022-08-21-19:55:57-816 -0.0390625 0.37548828 0.040039062 -38.536587 -5.4268293 3.292683	
2022-08-21-19:55:57-822 -0.24658203 0.3671875 -0.059570312 -41.95122 5.487805 2.0731707	
2022-08-21-19:55:57-826 -0.51171875 0.47265625 -0.08251953 -57.439026 10.487805 -7.9268293	
2022-08-21-19:55:57-829 -0.64746094 0.7211914 -0.03515625 -86.951225 7.987805 -14.02439	
2022-08-21-19:55:57-832 -0.8701172 1.1049805 0.20507812 -123.78049 -31.40244 -20.365854	
2022-08-21-19:55:57-836 -1.1806641 1.6147461 0.55029297 -160.30489 -77.560974 -29.573172	
2022-08-21-19:55:57-840 -1.4589844 1.7890625 1.2026367 -211.64635 -58.65854 -35.121952	
2022-08-21-19:55:57-843 -1.7099609 1.8881836 1.7880859 -214.08537 -47.92683 -42.682926	
2022-08-21-19:55:57-847 -1.8334961 2.1694336 1.9609375 -161.28049 -47.560978 -28.719513	
2022-08-21-19:55:57-852 -2.0219727 2.3251953 1.894043 -123.23171 28.90244 17.743902	
2022-08-21-19:55:57-855 -1.7504883 2.3139648 1.8710938 -117.743904 59.512196 56.219513	
2022-08-21-19:55:58-084 -0.83935547 2.5390625 2.0166016 -132.68292 -15.54878 54.390244	
2022-08-21-19:55:58-089 -0.42041016 2.4736328 2.3388672 -132.86586 -40.609756 22.134148	
2022-08-21-19:55:58-092 -0.5385742 2.409668 2.4267578 -87.621956 -37.865856 -50.243904	
2022-08-21-19:55:58-096 -0.83935547 1.8442383 2.128418 4.390244 -103.84147 -159.0244	
2022-08-21-19:55:58-099 -1.2905273 0.96484375 1.7260742 114.5122 -251.7683 -247.19513	
2022-08-21-19:55:58-104 -1.2675781 -0.33935547 1.5688477 197.2561 -420.18292 -300.60977	
2022-08-21-19:55:58-108 -2.2202148 -4.017578 1.3105469 327.56097 -501.34146 -387.31708	
2022-08-21-19:55:58-113 -2.8808594 -9.000977 -1.7041016 530.97565 -382.98782 -295.73172	
2022-08-21-19:55:58-119 3.0629883 -6.991699 -2.4204102 662.439 532.2561 -137.92683	
2022-08-21-19:55:58-123 -1.3447266 6.7509766 -6.520508 595.4878 808.71954 -193.53659	
2022-08-21-19:55:58-127 -2.2333984 0.76171875 0.6508789 -365.91464 -138.78049 70.73171	
2022-08-21-19:55:58-132 1.1669922 0.9111328 -2.229004 -33.35366 -622.3171 55.30488	
2022-08-21-19:55:58-136 2.9838867 -0.515625 2.0737305 9.207317 -704.39026 -17.012196	
2022-08-21-19:55:58-140 0.5229492 1.9848633 -1.3803711 130.67073 14.268293 -39.512196	
2022-08-21-19:55:58-146 1.003418 0.71777344 -0.05908203 -85.85366 80.79269 -78.84147	
2022-08-21-19:55:58-152 -0.43066406 1.1923828 -1.1445312 4.2073174 159.51219 -65.30488	
2022-08-21-19:55:58-398 -1.1582031 0.28027344 -0.31591797 -116.21951 56.585365 11.402439	
2022-08-21-19:55:58-404 0.38867188 -0.3125 -0.18603516 -76.95122 -174.14635 -7.9268293	
2022-08-21-19:55:58-409 0.5683594 0.38427734 -0.8964844 -109.939026 -305.60977 -27.865854	
2022-08-21-19:55:58-414 1.5839844 -0.3955078 -0.8051758 -136.40244 -316.64636 -4.4512196	
2022-08-21-19:55:58-420 0.76904297 -0.67822266 -1.5107422 -181.70732 -235.67073 30.609756	
2022-08-21-19:55:58-424 1.034668 -0.7089844 -1.2143555 -261.15854 -226.09756 127.31708	
2022-08-21-19:55:58-427 0.25341797 -1.5751953 -0.3305664 -386.09756 -216.64635 224.69513	
2022-08-21-19:55:58-432 -0.23828125 -4.26416 0.42285156 -455.67075 -218.78049 355.73172	
2022-08-21-19:55:58-437 -0.4375 -6.532715 1.4438477 -363.59756 -243.47562 446.5854	
2022-08-21-19:55:58-443 0.10546875 -5.4682617 2.8271484 -234.14635 -167.07318 423.65854	
2022-08-21-19:55:58-447 -0.27929688 -3.3999023 3.397461 -162.13416 -29.512196 464.20734	
2022-08-21-19:55:58-452 -0.109375 -2.3256836 2.7026367 -87.560974 70.060974 462.62195	
2022-08-21-19:55:58-456 0.5097656 -1.1206055 1.9736328 -64.81708 -9.268292 398.59756	
2022-08-21-19:55:58-459 1.3837891 0.65625 1.4726562 40.73171 91.15854 349.20734	
2022-08-21-19:55:58-463 1.2172852 2.3769531 1.2636719 129.81708 344.81708 231.09756	
2022-08-21-19:55:58-466 -0.28759766 2.1967773 0.5786133 88.53659 467.37805 130.0	
2022-08-21-19:55:58-736 -0.51953125 1.1625977 0.8852539 72.31708 394.2683 76.46342	
2022-08-21-19:55:58-742 -0.5625 1.1142578 0.4921875 104.268295 418.7195 32.439026	
2022-08-21-19:55:58-747 -1.2182617 0.40039062 1.1333008 75.48781 342.37805 -16.280489	
2022-08-21-19:55:58-751 -0.6064453 -0.0087890625 0.97509766 144.51219 263.84146 20.060976	
2022-08-21-19:55:58-755 -1.9682617 0.19091797 1.0498047 172.2561 178.04878 15.6707325	
2022-08-21-19:55:58-758 -0.61865234 0.3227539 1.3046875 175.48781 237.68294 -0.85365856	
2022-08-21-19:55:58-762 -1.7905273 1.0727539 1.4399414 161.28049 356.5854 87.560974	
2022-08-21-19:55:58-765 -0.7758789 0.8413086 1.2856445 151.46342 134.08537 35.97561	
2022-08-21-19:55:58-769 -1.9501953 1.6660156 1.2680664 164.7561 153.2317 46.40244	
2022-08-21-19:55:58-773 -2.7651367 1.3481445 1.0556641 86.951225 112.56098 57.5	
2022-08-21-19:55:58-778 -3.1010742 0.4477539 0.83496094 19.268293 50.548782 108.10976	
2022-08-21-19:55:58-783 -2.359375 0.51416016 0.78271484 11.219512 -97.98781 81.89024	
2022-08-21-19:55:58-787 -2.192871 0.41992188 0.4819336 -39.512196 -89.756096 64.32927	
2022-08-21-19:55:58-790 -1.5493164 -0.140625 0.54541016 -42.682926 -136.5244 56.463417	
2022-08-21-19:55:58-794 -0.41064453 -0.34765625 0.5136719 -38.719513 -168.90245 32.743904	
2022-08-21-19:55:58-797 -0.12792969 -0.29003906 0.2998047 -33.414635 -107.31708 -10.609756	
2022-08-21-19:55:59-050 -0.06591797 -0.26513672 0.16699219 -24.87805 -27.987806 -81.89024	
2022-08-21-19:55:59-054 0.025878906 -0.20751953 0.10498047 -44.69512 27.560976 -186.40245	
2022-08-21-19:55:59-058 -0.123535156 -0.2836914 -0.107421875 -47.682926 49.02439 -258.7195	
2022-08-21-19:55:59-061 -0.31396484 -0.32421875 -0.15625 -48.475613 14.756098 -290.06097	
2022-08-21-19:55:59-065 -0.1381836 -0.41503906 -0.087890625 -57.317074 -52.5 -321.4634	
2022-08-21-19:55:59-069 0.024902344 -0.4267578 -0.028808594 -59.634148 -54.512196 -297.19513	
2022-08-21-19:55:59-074 -0.060546875 -0.46777344 0.06738281 -50.121952 1.5853659 -265.36584	
2022-08-21-19:55:59-082 -0.2788086 -0.18701172 0.095703125 -28.658537 93.47561 -240.06097	
2022-08-21-19:55:59-087 -0.24853516 -0.23339844 -0.08251953 -17.987804 150.54878 -234.20732	
2022-08-21-19:55:59-090 -0.083984375 -0.9477539 -0.17089844 -19.634148 235.54878 -207.37805	
2022-08-21-19:55:59-094 -0.53222656 -0.63623047 -0.12060547 76.03659 275.12195 -181.40245	
2022-08-21-19:55:59-098 -0.96191406 -0.86621094 -0.26171875 110.0 312.43903 -107.743904	
2022-08-21-19:55:59-102 -1.0375977 -0.92578125 -0.5209961 144.45122 286.09756 -79.756096	
2022-08-21-19:55:59-106 -0.93896484 -0.9067383 -0.64501953 174.93903 173.2927 11.219512	
2022-08-21-19:55:59-111 -0.5932617 -1.6474609 -1.0424805 172.62195 80.914635 106.21951	
2022-08-21-19:55:59-117 -1.8989258 -2.4868164 -1.902832 208.2927 37.134148 177.56097	
2022-08-21-19:55:59-389 -1.7758789 -3.3461914 -2.947754 202.86586 13.109756 -32.012196	
2022-08-21-19:55:59-394 -2.0375977 -2.4326172 -2.4921875 261.64636 94.451225 -16.40244	
2022-08-21-19:55:59-398 -1.8432617 -1.8969727 -1.7641602 198.17073 123.35366 80.0	
2022-08-21-19:55:59-404 -1.7783203 -1.4711914 -0.8959961 157.19513 50.487804 90.243904	
2022-08-21-19:55:59-409 -0.88720703 -1.097168 -0.30810547 72.560974 24.390244 69.69512	
2022-08-21-19:55:59-413 -0.8754883 -0.2758789 0.046875 154.45122 23.658537 92.98781	
2022-08-21-19:55:59-419 -0.61376953 0.043945312 0.28808594 142.98781 -37.92683 46.280487	
2022-08-21-19:55:59-423 -0.5107422 0.12109375 -0.026367188 149.39024 -6.9512196 22.804878	
2022-08-21-19:55:59-426 -0.51220703 0.3564453 0.012207031 161.34146 15.060976 24.207317	
2022-08-21-19:55:59-429 -0.47070312 0.35888672 0.2998047 155.85367 34.7561 42.012196	
2022-08-21-19:55:59-433 -0.23632812 0.3857422 0.44433594 146.89024 15.121951 48.414635	
2022-08-21-19:55:59-438 -0.1772461 0.359375 0.3779297 157.07318 24.085367 74.45122	
2022-08-21-19:55:59-442 -0.39794922 0.46044922 0.32373047 140.42683 -11.463415 90.30488	
2022-08-21-19:55:59-445 -0.5288086 0.5517578 0.48242188 125.54878 -99.20732 100.18293	
2022-08-21-19:55:59-450 -0.1772461 0.64404297 0.30810547 102.2561 -177.43903 104.268295	
2022-08-21-19:55:59-455 0.009277344 0.77490234 0.14257812 97.19512 -216.82927 122.5	
2022-08-21-19:55:59-681 0.5102539 0.9916992 -0.064941406 97.926834 -190.36586 162.92683	
2022-08-21-19:55:59-688 0.68066406 1.1108398 -0.16308594 79.69512 -126.21951 167.68294	
2022-08-21-19:55:59-692 0.49169922 1.0864258 -0.20898438 70.914635 -43.65854 193.10976	
2022-08-21-19:55:59-695 -0.11328125 0.8569336 -0.34326172 28.780489 27.012196 251.7683	
2022-08-21-19:55:59-699 -1.199707 1.8754883 -0.060546875 60.85366 47.134148 240.73172	
2022-08-21-19:55:59-703 -3.9697266 2.8173828 -1.0253906 -0.79268295 2.9268293 124.87805	
2022-08-21-19:55:59-713 -4.8320312 0.9169922 -1.1850586 -72.80488 -27.317074 122.621956	
2022-08-21-19:55:59-719 -2.9829102 -0.37597656 -0.9033203 -61.036587 36.40244 26.646341	
2022-08-21-19:55:59-722 -3.5219727 -1.0200195 -0.8027344 -192.43903 197.43903 34.817074	
2022-08-21-19:55:59-725 -4.0634766 -1.5390625 -0.5986328 -261.0366 28.780489 85.73171	
2022-08-21-19:55:59-728 -3.2983398 -1.121582 -0.22070312 -266.70734 -202.19513 65.36585	
2022-08-21-19:55:59-733 -1.2958984 -1.6557617 -0.13378906 -275.91464 -371.15854 71.70732	
2022-08-21-19:55:59-738 -0.15820312 -1.1186523 0.09033203 -253.65854 -298.7805 101.585365	
2022-08-21-19:55:59-743 -0.03857422 -0.87939453 0.028320312 -211.5244 -133.2317 105.18293	
2022-08-21-19:55:59-748 -0.46728516 -0.68066406 0.103515625 -190.06097 -38.170734 98.78049	
2022-08-21-19:55:59-753 -0.083984375 -0.69970703 0.104003906 -173.47562 -84.81708 82.19512	
2022-08-21-19:55:59-912 0 0 0 0 0 1000	
2022-08-21-19:56:08-466 0 0 0 0 0 1000	
2022-08-21-19:56:08-588 -0.7861328 0.7001953 0.015625 -7.7439027 -49.207317 77.0122	
2022-08-21-19:56:08-590 -0.8618164 1.043457 0.06201172 9.878049 -52.621952 61.09756	
2022-08-21-19:56:08-591 -0.68408203 1.3393555 0.08300781 16.890244 -11.158537 39.573174	
2022-08-21-19:56:08-593 -0.50634766 1.5161133 0.18310547 25.731709 80.54878 2.378049	
2022-08-21-19:56:08-594 -0.828125 1.4633789 -0.068847656 27.134148 144.45122 -13.597561	
2022-08-21-19:56:08-596 -1.5029297 1.2182617 -0.2524414 6.402439 38.414635 -17.560976	
2022-08-21-19:56:08-599 -1.2553711 0.94628906 -0.29736328 -24.695122 -118.414635 -13.658537	
2022-08-21-19:56:08-601 -0.69140625 0.7265625 -0.28955078 -41.15854 -117.2561 -11.585366	
2022-08-21-19:56:08-603 -0.43603516 0.68359375 -0.27197266 -46.890244 -8.47561 -7.987805	
2022-08-21-19:56:08-605 -0.33447266 0.56152344 -0.022460938 -41.15854 14.207317 -20.609756	
2022-08-21-19:56:08-609 -0.35009766 0.56689453 0.0068359375 -25.365854 -5.5487804 -21.82927	
2022-08-21-19:56:08-612 -0.10498047 0.5493164 0.15966797 -15.487805 -32.134148 -29.634148	
2022-08-21-19:56:08-615 -0.09082031 0.5488281 0.075683594 -5.792683 -18.109756 -33.47561	
2022-08-21-19:56:08-618 -0.16064453 0.45703125 0.055664062 -5.4268293 -18.170732 -33.048782	
2022-08-21-19:56:08-620 -0.19433594 0.48535156 -0.026855469 -17.195122 -28.109756 -31.463415	
2022-08-21-19:56:08-622 -0.12402344 0.41845703 -0.016601562 -36.280487 -41.280487 -23.59756	
2022-08-21-19:56:08-884 -0.123535156 0.3466797 -0.049804688 -51.707317 -26.280489 -12.926829	
2022-08-21-19:56:08-888 -0.2861328 0.3251953 -0.027832031 -68.90244 -10.304878 -1.2195122	
2022-08-21-19:56:08-891 -0.37304688 0.39257812 -0.08886719 -82.80488 3.5365853 10.426829	
2022-08-21-19:56:08-895 -0.43945312 0.4970703 -0.0029296875 -99.939026 11.585366 20.243902	
2022-08-21-19:56:08-898 -0.5600586 0.6425781 0.12548828 -112.07317 26.219513 26.585367	
2022-08-21-19:56:08-903 -0.8935547 0.8642578 0.38623047 -122.80488 25.060976 17.37805	
2022-08-21-19:56:08-909 -1.0332031 1.1933594 0.7553711 -140.12195 -2.317073 3.1707318	
2022-08-21-19:56:08-913 -1.1435547 1.6206055 1.1557617 -159.87805 8.597561 -9.207317	
2022-08-21-19:56:08-919 -1.4272461 1.8881836 1.6728516 -167.01219 9.878049 -23.292683	
2022-08-21-19:56:08-922 -1.4555664 2.1889648 1.887207 -150.36586 -31.707317 -27.317074	
2022-08-21-19:56:08-926 -1.3657227 2.4858398 2.0966797 -127.743904 15.121951 -15.0	
2022-08-21-19:56:08-928 -1.534668 2.3793945 2.2836914 -117.743904 88.414635 11.219512	
2022-08-21-19:56:08-933 -1.112793 2.2563477 2.4492188 -120.06098 71.40244 12.804878	
2022-08-21-19:56:08-939 -0.65234375 2.1132812 2.7373047 -109.02439 -17.37805 -23.414635	
2022-08-21-19:56:08-944 -0.56933594 2.2749023 2.7226562 -60.914635 -84.57317 -74.14634	
2022-08-21-19:56:08-948 -0.69091797 1.9521484 2.3769531 23.353659 -111.585365 -142.31708	
2022-08-21-19:56:09-264 -0.9267578 1.2495117 2.0268555 132.80489 -205.48781 -230.18294	
2022-08-21-19:56:09-268 -0.94970703 0.8520508 1.8896484 179.93903 -275.12195 -267.98782	
2022-08-21-19:56:09-272 -1.7949219 -0.65722656 1.2583008 262.0122 -338.2927 -290.48782	
2022-08-21-19:56:09-276 -2.027832 -4.6694336 0.67578125 391.4634 -245.30489 -340.18292	
2022-08-21-19:56:09-281 -1.0605469 -6.813965 -3.524414 614.5122 -135.79268 -213.90245	
2022-08-21-19:56:09-286 -0.24951172 -4.831543 -0.4946289 483.35367 367.5 -79.45122	
2022-08-21-19:56:09-289 -2.7700195 5.7163086 -3.932129 437.62195 66.64634 -195.12195	
2022-08-21-19:56:09-292 -1.1503906 1.6875 -1.9897461 -169.87805 -113.65854 150.67073	
2022-08-21-19:56:09-297 0.7192383 -0.82177734 -0.7709961 -193.53659 -613.10974 87.560974	
2022-08-21-19:56:09-301 1.6425781 -0.0087890625 1.4233398 53.841465 -672.8049 14.02439	
2022-08-21-19:56:09-306 1.2197266 1.7797852 -1.1303711 112.621956 -212.07318 -76.28049	
2022-08-21-19:56:09-313 0.34716797 0.63378906 -0.13720703 -47.987804 39.878048 -88.04878	
2022-08-21-19:56:09-317 -0.7167969 0.69921875 -0.49316406 -32.378048 89.085365 -64.02439	
2022-08-21-19:56:09-321 -0.7158203 0.05029297 0.0146484375 -114.5122 -30.243902 16.646341	
2022-08-21-19:56:09-326 0.98095703 -0.18066406 -0.43652344 -62.19512 -136.03659 41.463417	
2022-08-21-19:56:09-329 0.51123047 -0.032714844 -1.9077148 -92.0122 -117.56098 36.768295	
2022-08-21-19:56:09-536 0.60791016 -0.7133789 -0.7939453 -172.31708 -159.63416 37.439026	
2022-08-21-19:56:09-540 0.4868164 -0.42089844 -1.0458984 -135.97562 -225.36586 52.560978	
2022-08-21-19:56:09-546 0.21142578 -0.4560547 -1.8237305 -233.10976 -306.89026 104.20732	
2022-08-21-19:56:09-550 1.5014648 -1.4770508 -1.1782227 -307.31708 -293.7805 218.35367	
2022-08-21-19:56:09-553 0.8564453 -3.5429688 -0.23339844 -364.39026 5.792683 363.47562	
2022-08-21-19:56:09-557 -0.17236328 -6.373047 1.5966797 -299.14636 47.987804 314.2683	
2022-08-21-19:56:09-561 -0.08984375 -4.8808594 2.7543945 -300.42685 -105.426834 428.9634	
2022-08-21-19:56:09-564 -0.15625 -3.84375 3.8496094 -185.18294 -89.57317 441.89026	
2022-08-21-19:56:09-567 -0.2265625 -2.3310547 3.0751953 -80.73171 26.585367 433.10977	
2022-08-21-19:56:09-570 -0.30566406 -1.0224609 2.182129 -62.37805 56.036587 403.84146	
2022-08-21-19:56:09-574 0.54296875 0.17333984 1.456543 -22.682928 9.695122 340.97562	
2022-08-21-19:56:09-583 1.2685547 2.2685547 0.7729492 48.59756 35.85366 240.73172	
2022-08-21-19:56:09-587 1.1640625 2.317871 1.1518555 37.987804 306.95123 138.04878	
2022-08-21-19:56:09-590 -0.03564453 1.8798828 1.0283203 47.134148 388.5366 49.573174	
2022-08-21-19:56:09-593 -1.1782227 1.2851562 1.1831055 16.40244 330.0 -2.195122	
2022-08-21-19:56:09-596 -0.8017578 0.35351562 1.3510742 52.987804 313.0488 5.121951	
2022-08-21-19:56:09-894 -0.93408203 -0.009765625 1.21875 75.060974 312.92685 -37.92683	
2022-08-21-19:56:09-897 -1.6699219 -0.9667969 1.1889648 102.80488 296.64636 -25.487806	
2022-08-21-19:56:09-902 -1.3515625 -0.6826172 1.2158203 133.35367 293.65854 -39.512196	
2022-08-21-19:56:09-906 -1.612793 -0.43554688 1.1040039 149.20732 335.91464 20.792683	
2022-08-21-19:56:09-912 -1.402832 0.017089844 1.1098633 128.17073 320.48782 54.32927	
2022-08-21-19:56:09-916 -1.4057617 0.9243164 0.94091797 106.46342 269.93903 56.28049	
2022-08-21-19:56:09-920 -1.5146484 0.78271484 1.1757812 67.68293 159.51219 35.365856	
2022-08-21-19:56:09-924 -1.4350586 0.28271484 1.1772461 73.53659 91.03659 48.59756	
2022-08-21-19:56:09-927 -2.1113281 1.3237305 1.0263672 56.219513 77.439026 80.0	
2022-08-21-19:56:09-930 -2.1699219 1.4614258 0.9086914 -5.304878 38.170734 63.90244	
2022-08-21-19:56:09-934 -2.5683594 1.2905273 0.7285156 -24.32927 -33.59756 4.1463413	
2022-08-21-19:56:09-937 -2.3916016 0.3779297 0.6411133 -18.90244 -70.18293 16.585365	
2022-08-21-19:56:09-943 -1.5161133 -0.053222656 0.5161133 11.158537 -83.414635 34.146343	
2022-08-21-19:56:09-949 -0.89941406 -0.052734375 0.107910156 5.0609756 -77.743904 25.42683	
2022-08-21-19:56:09-954 -0.59716797 0.0703125 -0.0014648438 -2.2560976 -52.743904 -15.426829	
2022-08-21-19:56:09-958 -0.421875 0.092285156 -0.12646484 -19.024391 -28.780489 -60.365856	
2022-08-21-19:56:10-193 -0.25927734 0.12988281 -0.20996094 -13.597561 -42.560978 -82.13415	
2022-08-21-19:56:10-197 -0.2475586 0.20751953 -0.22607422 -37.865856 -83.04878 -120.54878	
2022-08-21-19:56:10-202 -0.045898438 0.23828125 -0.20605469 -64.5122 -116.585365 -164.2683	
2022-08-21-19:56:10-209 0.1928711 0.060546875 -0.18603516 -83.23171 -111.46342 -167.2561	
2022-08-21-19:56:10-215 -0.018554688 -0.0859375 -0.08496094 -88.29269 -67.0122 -170.7927	
2022-08-21-19:56:10-222 -0.19189453 -0.08544922 -0.07861328 -85.121956 -55.548782 -152.5	
2022-08-21-19:56:10-228 -0.23730469 -0.15039062 -0.17480469 -75.48781 -47.80488 -150.7317	
2022-08-21-19:56:10-232 -0.32226562 -0.21191406 -0.13330078 -64.268295 -18.780489 -137.62195	
2022-08-21-19:56:10-235 -0.45214844 -0.43066406 -0.008300781 -64.45122 13.231708 -129.93903	
2022-08-21-19:56:10-240 -0.7036133 -0.8466797 0.10986328 -22.865854 22.073172 -97.68293	
2022-08-21-19:56:10-246 -0.7602539 -0.8515625 0.06738281 43.23171 -11.646341 -64.32927	
2022-08-21-19:56:10-252 -0.58154297 -0.90771484 0.106933594 62.68293 -39.69512 -14.512196	
2022-08-21-19:56:10-256 -0.6166992 -1.0126953 0.119628906 103.96342 -27.743902 17.560976	
2022-08-21-19:56:10-259 -0.9042969 -1.2119141 -0.2602539 155.54878 12.621951 64.39024	
2022-08-21-19:56:10-262 -1.1777344 -1.5688477 -1.2983398 238.2927 97.560974 34.390244	
2022-08-21-19:56:10-265 -2.769043 -2.3164062 -1.4003906 243.23172 203.04878 -16.09756	
2022-08-21-19:56:10-525 -3.041504 -2.1479492 -1.3066406 244.39024 288.0488 -58.719513	
2022-08-21-19:56:10-528 -3.1699219 -1.5366211 -0.62890625 209.57318 273.9634 3.5365853	
2022-08-21-19:56:10-531 -2.2963867 -1.0151367 -0.53027344 158.53659 104.39024 66.70732	
2022-08-21-19:56:10-535 -2.0708008 -0.47070312 -0.21435547 141.89024 3.3536587 87.80488	
2022-08-21-19:56:10-541 -1.1694336 -0.26513672 -0.125 140.60976 -100.18293 79.756096	
2022-08-21-19:56:10-547 -0.62890625 0.39697266 0.0043945312 149.0244 -147.86586 38.414635	
2022-08-21-19:56:10-552 -0.2890625 0.28955078 0.08691406 108.84147 -129.0244 2.8658538	
2022-08-21-19:56:10-556 0.27148438 0.068359375 -0.0048828125 100.79269 -91.52439 -27.073172	
2022-08-21-19:56:10-560 0.42333984 -0.023925781 0.07714844 126.097565 -26.158537 -28.170732	
2022-08-21-19:56:10-564 0.06640625 0.35253906 0.09423828 149.51219 82.31708 -20.792683	
2022-08-21-19:56:10-567 -0.38964844 0.3227539 0.16796875 99.87805 105.79269 -10.060976	
2022-08-21-19:56:10-570 -0.4296875 0.27001953 0.56591797 87.13415 36.219513 6.097561	
2022-08-21-19:56:10-576 -0.3935547 0.5366211 0.55566406 61.09756 -24.695122 28.90244	
2022-08-21-19:56:10-582 -0.32080078 0.63183594 0.29736328 43.963417 -91.28049 44.390244	
2022-08-21-19:56:10-587 -0.119140625 0.8105469 -0.076171875 25.182928 -157.2561 80.30488	
2022-08-21-19:56:10-589 -0.05859375 0.99072266 -0.115722656 6.7073174 -124.14635 101.03659	
2022-08-21-19:56:10-807 0 0 0 0 0 1000	
2022-08-21-19:56:18-921 0 0 0 0 0 1000	
2022-08-21-19:56:19-119 0.44970703 1.6181641 -0.2783203 -5.792683 -154.2683 76.585365	
2022-08-21-19:56:19-122 0.5996094 1.7485352 0.05029297 1.3414634 -12.621951 17.5	
2022-08-21-19:56:19-124 -0.47509766 1.777832 0.35107422 2.195122 170.48781 -21.036587	
2022-08-21-19:56:19-127 -1.5102539 1.4907227 0.11035156 -15.0 85.243904 -34.69512	
2022-08-21-19:56:19-129 -1.4042969 0.8383789 0.42871094 -23.47561 -36.09756 -7.378049	
2022-08-21-19:56:19-132 -1.0463867 0.96484375 0.1274414 -16.707317 -58.65854 27.987806	
2022-08-21-19:56:19-134 -0.107910156 0.9848633 -0.0078125 -21.890244 -54.573174 18.780489	
2022-08-21-19:56:19-138 0.0546875 1.0717773 -0.38867188 -32.07317 7.0731707 -8.47561	
2022-08-21-19:56:19-144 0.041015625 0.87109375 -0.19238281 -62.439026 -1.5243902 -33.780487	
2022-08-21-19:56:19-147 -0.111328125 0.7285156 -0.07714844 -76.768295 -3.4146342 -47.743904	
2022-08-21-19:56:19-151 -0.6640625 0.46972656 0.29101562 -75.060974 -25.0 -36.82927	
2022-08-21-19:56:19-153 -0.515625 0.3720703 0.30859375 -50.975613 -34.146343 -11.646341	
2022-08-21-19:56:19-155 -0.41845703 0.44335938 0.22460938 -25.121952 34.085365 13.04878	
2022-08-21-19:56:19-157 -0.68359375 0.5366211 0.092285156 -34.69512 41.646343 18.59756	
2022-08-21-19:56:19-159 -0.5786133 0.6660156 0.010253906 -78.10976 -28.109756 13.597561	
2022-08-21-19:56:19-160 -0.6816406 1.0908203 0.07128906 -128.53659 -22.256098 6.097561	
2022-08-21-19:56:19-435 -1.3154297 1.4643555 0.53027344 -191.40245 44.634148 0.06097561	
2022-08-21-19:56:19-443 -1.574707 1.7075195 1.1738281 -220.12196 84.451225 -3.0487804	
2022-08-21-19:56:19-449 -1.574707 1.9692383 1.4648438 -203.78049 -6.2195125 -26.524391	
2022-08-21-19:56:19-454 -1.6943359 2.0864258 1.6088867 -177.80489 -66.097565 -23.04878	
2022-08-21-19:56:19-459 -1.7260742 2.262207 1.9243164 -167.01219 45.487804 10.792684	
2022-08-21-19:56:19-462 -1.2446289 2.4560547 2.4072266 -155.67073 105.67073 13.04878	
2022-08-21-19:56:19-466 -0.6660156 2.6484375 2.5732422 -107.98781 -23.414635 -29.207317	
2022-08-21-19:56:19-470 -1.0004883 2.2929688 2.286621 -44.146343 -102.19512 -86.64635	
2022-08-21-19:56:19-476 -1.1816406 1.6606445 2.0649414 29.268293 -106.28049 -142.80489	
2022-08-21-19:56:19-480 -1.3710938 1.3168945 1.7475586 126.34147 -177.74391 -205.91464	
2022-08-21-19:56:19-485 -1.5527344 9.765625E-4 1.6811523 252.43903 -413.2927 -259.5122	
2022-08-21-19:56:19-488 -2.8344727 -3.819336 1.9599609 337.31708 -552.62195 -353.59756	
2022-08-21-19:56:19-491 -2.041504 -9.300293 -0.92285156 604.45123 -479.7561 -215.7927	
2022-08-21-19:56:19-497 1.9003906 -5.444824 -7.923828 696.0366 201.09756 -278.17075	
2022-08-21-19:56:19-500 -2.227539 1.3754883 -4.8969727 706.0976 495.36588 -225.97562	
2022-08-21-19:56:19-507 -1.0947266 2.3085938 -5.0805664 -389.69513 364.69513 237.68294	
2022-08-21-19:56:19-750 -0.0063476562 -2.8813477 0.49121094 -320.85367 -714.939 150.97562	
2022-08-21-19:56:19-754 2.817871 0.7314453 -0.90625 80.060974 -822.561 16.585365	
2022-08-21-19:56:19-759 2.6049805 1.9575195 -0.42773438 51.463417 138.71951 -59.69512	
2022-08-21-19:56:19-762 -0.3251953 1.0673828 -0.95214844 -20.0 472.92685 -74.81708	
2022-08-21-19:56:19-765 -1.2617188 1.2626953 -0.5957031 -21.890244 161.64635 -82.86585	
2022-08-21-19:56:19-768 -1.4541016 0.8305664 -0.41455078 -65.97561 -104.085365 -15.609756	
2022-08-21-19:56:19-773 0.6972656 -0.01171875 -0.043945312 -77.68293 -370.85367 2.9268293	
2022-08-21-19:56:19-778 1.4057617 -0.18457031 -0.14501953 -59.146343 -358.84146 -18.536585	
2022-08-21-19:56:19-782 1.3520508 0.23291016 -0.5620117 -60.670734 -312.92685 -55.365856	
2022-08-21-19:56:19-787 1.5771484 -0.43066406 -0.57128906 -161.21951 -289.2683 -57.19512	
2022-08-21-19:56:19-790 0.67822266 -1.1694336 0.19091797 -228.96342 -271.2805 -49.512196	
2022-08-21-19:56:19-794 0.25585938 -0.67871094 0.32958984 -202.92683 -325.0 -8.170732	
2022-08-21-19:56:19-798 0.13330078 -0.29736328 0.9814453 -217.43903 -431.5244 42.19512	
2022-08-21-19:56:19-803 0.3803711 -0.37841797 1.6567383 -280.67075 -507.8049 104.14635	
2022-08-21-19:56:19-809 0.5986328 -2.0458984 1.9023438 -271.58536 -506.09756 234.63416	
2022-08-21-19:56:19-813 1.6328125 -3.2250977 1.2895508 -139.39024 -342.68292 347.19513	
2022-08-21-19:56:20-064 1.637207 -1.418457 1.9345703 -96.585365 -230.0 310.73172	
2022-08-21-19:56:20-068 0.8276367 -1.1259766 1.3476562 -58.23171 -199.81708 290.85367	
2022-08-21-19:56:20-072 1.2397461 -0.6484375 -0.019042969 -71.768295 -269.7561 284.32928	
2022-08-21-19:56:20-080 1.8378906 -1.1450195 0.71484375 -62.073174 -122.80488 335.5488	
2022-08-21-19:56:20-084 1.1459961 -0.27001953 0.0859375 -13.658537 243.23172 373.59756	
2022-08-21-19:56:20-087 -0.12402344 -0.2607422 0.4482422 31.707317 384.81708 317.13416	
2022-08-21-19:56:20-091 -0.03564453 -0.46240234 0.17675781 121.52439 477.31708 243.10976	
2022-08-21-19:56:20-096 -1.0039062 -0.8051758 -0.27392578 185.67073 583.23175 164.63416	
2022-08-21-19:56:20-101 -1.1386719 -0.9785156 -0.6508789 209.93903 623.65857 180.54878	
2022-08-21-19:56:20-105 -1.449707 -0.6035156 -0.9399414 209.7561 596.7683 169.45122	
2022-08-21-19:56:20-108 -0.8647461 -0.26660156 -0.4868164 186.89024 564.6951 142.13416	
2022-08-21-19:56:20-115 -0.9038086 -0.12890625 -0.52978516 162.07318 567.3171 97.439026	
2022-08-21-19:56:20-122 -1.1674805 0.08544922 0.0043945312 126.52439 486.0366 45.487804	
2022-08-21-19:56:20-126 -1.875 0.62402344 0.36914062 105.73171 378.7195 6.7073174	
2022-08-21-19:56:20-129 -2.1401367 0.9663086 0.9135742 91.768295 232.62196 -13.841464	
2022-08-21-19:56:20-132 -2.1826172 1.4521484 1.1762695 71.82927 125.54878 -28.170732	
2022-08-21-19:56:20-381 -3.043457 1.5112305 1.3393555 38.292683 94.939026 -3.6585367	
2022-08-21-19:56:20-385 -4.2700195 0.8828125 1.4365234 38.23171 57.621952 42.439026	
2022-08-21-19:56:20-388 -4.333496 0.6953125 1.1279297 27.073172 -27.195122 38.170734	
2022-08-21-19:56:20-394 -4.265625 0.55566406 1.0776367 2.5 -55.670734 62.5	
2022-08-21-19:56:20-398 -3.3754883 -0.08544922 0.8959961 -5.792683 -93.71951 119.02439	
2022-08-21-19:56:20-404 -2.4121094 0.2290039 0.4716797 -20.182928 -109.39024 172.07318	
2022-08-21-19:56:20-411 -0.76171875 0.171875 0.140625 -74.45122 -201.64635 128.41464	
2022-08-21-19:56:20-415 0.12988281 -0.2211914 -0.0546875 -69.20732 -151.70732 69.45122	
2022-08-21-19:56:20-421 0.3935547 -0.27441406 -0.31884766 -83.17073 -120.60976 -13.536586	
2022-08-21-19:56:20-425 0.5996094 -0.33544922 -0.29638672 -74.939026 -93.53659 -97.31708	
2022-08-21-19:56:20-429 0.6064453 -0.3623047 -0.32226562 -65.30488 -63.35366 -152.98781	
2022-08-21-19:56:20-436 0.5463867 -0.45947266 -0.27783203 -89.5122 -99.7561 -204.14635	
2022-08-21-19:56:20-441 0.8232422 -0.5966797 -0.10644531 -110.06098 -87.621956 -194.69513	
2022-08-21-19:56:20-445 0.37597656 -0.5234375 -0.04296875 -88.84147 27.92683 -169.32927	
2022-08-21-19:56:20-448 0.04248047 -0.30517578 -0.04638672 -80.060974 9.756098 -172.13416	
2022-08-21-19:56:20-453 0.040527344 -0.3227539 0.03955078 -88.10976 -47.80488 -199.20732	
2022-08-21-19:56:20-705 0.083984375 -0.34765625 0.03564453 -75.73171 -38.35366 -215.36586	
2022-08-21-19:56:20-710 0.05908203 -0.3095703 -0.033203125 -49.634148 -12.012196 -215.7927	
2022-08-21-19:56:20-712 0.19970703 -0.31884766 -0.1694336 -28.109756 5.0 -197.43903	
2022-08-21-19:56:20-715 0.123535156 -0.53808594 -0.14941406 -18.658537 49.390244 -197.68294	
2022-08-21-19:56:20-717 -0.106933594 -0.5776367 -0.036621094 9.085366 84.939026 -171.34146	
2022-08-21-19:56:20-721 -0.2553711 -0.6196289 -0.052734375 57.134148 121.28049 -147.43903	
2022-08-21-19:56:20-724 -0.4892578 -0.46728516 -0.35839844 87.5 190.0 -98.47561	
2022-08-21-19:56:20-725 -0.41259766 -0.71435547 -0.49267578 94.451225 284.45123 -47.560978	
2022-08-21-19:56:20-727 -0.70703125 -1.6206055 -1.2338867 126.89024 385.0 -37.439026	
2022-08-21-19:56:20-729 -3.5703125 -3.104004 -2.6386719 249.69513 558.96344 133.53659	
2022-08-21-19:56:20-731 -3.6064453 -4.498047 -3.3515625 159.08537 494.57318 -79.14635	
2022-08-21-19:56:20-733 -3.0488281 -1.6469727 -2.1376953 315.7927 367.43903 64.32927	
2022-08-21-19:56:20-736 -2.590332 -1.9067383 -1.4453125 109.7561 5.304878 86.46342	
2022-08-21-19:56:20-738 -1.2919922 -1.65625 0.11328125 58.719513 -125.54878 27.195122	
2022-08-21-19:56:20-744 -0.95654297 -0.8618164 0.45117188 133.41464 -44.146343 46.52439	
2022-08-21-19:56:20-746 -0.7529297 -0.58691406 0.34521484 172.68294 -23.963415 31.463415	
2022-08-21-19:56:20-857 0 0 0 0 0 1000	
