2022-08-21-19:54:39-013 0 0 0 0 0 1000	
2022-08-21-19:54:39-780 -0.045410156 -0.040527344 -0.9633789 -3.2317073 2.0731707 -0.4878049	
2022-08-21-19:54:39-783 -0.041015625 -0.033691406 -0.9897461 -3.7195122 2.5 0.06097561	
2022-08-21-19:54:39-786 -0.03955078 -0.027832031 -0.98583984 -2.4390244 -0.18292683 0.0	
2022-08-21-19:54:39-788 -0.041992188 -0.032714844 -0.9824219 -0.79268295 -2.1341465 -0.73170733	
2022-08-21-19:54:39-792 -0.045410156 -0.037109375 -0.98095703 -0.06097561 -3.7195122 -0.6707317	
2022-08-21-19:54:39-795 -0.045898438 -0.032226562 -0.99121094 -0.18292683 -4.8170733 -0.24390244	
2022-08-21-19:54:39-798 -0.048828125 -0.030761719 -1.0078125 -0.12195122 -7.012195 -0.6097561	
2022-08-21-19:54:39-802 -0.053222656 -0.044921875 -1.0229492 -0.30487806 -11.52439 -0.91463417	
2022-08-21-19:54:39-805 -0.06933594 -0.0546875 -0.98583984 -2.012195 -12.926829 -0.9756098	
2022-08-21-19:54:39-808 -0.07128906 -0.041503906 -0.9589844 -5.792683 -7.7439027 1.2804878	
2022-08-21-19:54:39-812 -0.07519531 -0.04296875 -0.93115234 -10.487805 -0.18292683 3.1097562	
2022-08-21-19:54:39-817 -0.079589844 -0.040039062 -0.9404297 -10.304878 8.597561 5.487805	
2022-08-21-19:54:39-821 -0.07324219 -0.048828125 -0.9477539 -9.695122 15.97561 9.02439	
2022-08-21-19:54:39-826 -0.06640625 -0.052246094 -0.97265625 -7.9268293 21.036587 16.463415	
2022-08-21-19:54:39-830 -0.052246094 -0.053222656 -1.0136719 -11.463415 19.146341 21.09756	
2022-08-21-19:54:39-834 -0.027832031 -0.0146484375 -1.0415039 -9.634147 6.7073174 27.012196	
2022-08-21-19:54:39-921 0.0043945312 0.038085938 -1.0834961 -7.7439027 -11.097561 24.695122	
2022-08-21-19:54:39-926 -0.01171875 0.024414062 -1.0429688 -9.756098 -25.792683 16.707317	
2022-08-21-19:54:39-929 -0.059570312 0.0063476562 -0.9838867 -5.304878 -33.35366 15.54878	
2022-08-21-19:54:39-933 -0.05029297 0.024414062 -0.97753906 -2.682927 -37.317074 15.54878	
2022-08-21-19:54:39-935 -0.03466797 0.064941406 -1.0195312 -0.9756098 -42.317074 12.195122	
2022-08-21-19:54:39-941 -0.088378906 0.047851562 -0.99609375 -3.9634147 -48.475613 4.268293	
2022-08-21-19:54:39-947 -0.12011719 0.001953125 -0.99658203 0.4878049 -52.37805 1.7682927	
2022-08-21-19:54:39-952 -0.18261719 -0.017089844 -1.0053711 -0.91463417 -52.317074 3.7804878	
2022-08-21-19:54:39-956 -0.25097656 -0.08154297 -1.0771484 -13.170732 -58.78049 3.1707318	
2022-08-21-19:54:39-961 -0.15820312 -0.020019531 -1.2495117 -4.390244 -83.78049 6.097561	
2022-08-21-19:54:39-965 -0.20751953 0.09472656 -1.1157227 6.52439 -104.5122 6.280488	
2022-08-21-19:54:39-968 -0.1850586 0.1430664 -0.8334961 17.682928 -122.621956 -8.109756	
2022-08-21-19:54:39-971 -0.17578125 0.36816406 -0.94140625 37.987804 -136.28049 -21.707317	
2022-08-21-19:54:39-978 -0.22949219 0.35595703 -0.5834961 44.02439 -137.62195 -49.02439	
2022-08-21-19:54:39-982 -0.33154297 -0.43798828 0.36767578 22.92683 -85.243904 -66.95122	
2022-08-21-19:54:39-987 -0.50146484 -0.6767578 -0.6298828 12.621951 28.353659 -12.621951	
2022-08-21-19:54:40-078 -0.3696289 -0.16455078 -1.7612305 -16.219513 38.109756 31.341465	
2022-08-21-19:54:40-084 -0.30615234 0.07470703 -1.5712891 -21.463415 -34.085365 25.060976	
2022-08-21-19:54:40-088 -0.41064453 -0.27294922 -1.1015625 -23.109756 -84.39024 29.573172	
2022-08-21-19:54:40-093 -0.4711914 -0.17138672 -0.6953125 -17.134148 -91.52439 56.40244	
2022-08-21-19:54:40-096 -0.39257812 0.106933594 -0.71435547 -3.7195122 -88.35366 62.317074	
2022-08-21-19:54:40-100 -0.36376953 0.3408203 -0.8798828 28.963415 -90.30488 42.073174	
2022-08-21-19:54:40-104 -0.39404297 0.23583984 -1.1352539 57.134148 -109.451225 11.280488	
2022-08-21-19:54:40-109 -0.45996094 0.1303711 -1.1411133 58.35366 -139.81708 -10.54878	
2022-08-21-19:54:40-113 -0.50097656 0.16552734 -1.3046875 46.646343 -169.08537 -29.146341	
2022-08-21-19:54:40-117 -0.6430664 0.020019531 -2.256836 41.463417 -246.58537 -52.19512	
2022-08-21-19:54:40-121 -1.2802734 -0.6147461 -3.772461 65.67073 -433.90244 -39.69512	
2022-08-21-19:54:40-124 -3.8969727 -2.1328125 -5.224121 213.10976 -668.90247 -2.804878	
2022-08-21-19:54:40-127 -8.985352 0.21972656 -2.4311523 673.1098 -788.96344 17.621952	
2022-08-21-19:54:40-130 -5.7441406 5.125 0.45410156 510.42685 -687.2561 486.2805	
2022-08-21-19:54:40-134 -7.086426 -0.3383789 -7.7197266 -493.65854 -351.40244 297.7439	
2022-08-21-19:54:40-137 -6.6035156 -3.7993164 -7.8061523 -388.65854 -644.20734 38.841465	
2022-08-21-19:54:40-203 -4.0976562 -1.9194336 -9.538574 72.743904 -872.5 89.268295	
2022-08-21-19:54:40-206 -0.047851562 -0.7807617 -7.8066406 98.10976 -726.21954 224.93903	
2022-08-21-19:54:40-213 0.4951172 -0.86328125 -6.8515625 -85.426834 -290.5488 221.95122	
2022-08-21-19:54:40-217 2.6347656 0.6870117 -5.5341797 28.780489 -95.67073 179.51219	
2022-08-21-19:54:40-224 5.442871 0.66748047 -2.7392578 -155.30489 217.98781 78.17073	
2022-08-21-19:54:40-228 5.7631836 -0.99560547 -0.7163086 -205.54878 610.12195 138.90244	
2022-08-21-19:54:40-232 4.3500977 -0.9008789 -1.1240234 -21.82927 889.5732 372.7439	
2022-08-21-19:54:40-236 2.661621 -1.0722656 -3.1455078 136.5244 1007.5 502.13416	
2022-08-21-19:54:40-243 1.3657227 -0.54833984 -5.3154297 362.43903 933.1098 415.5488	
2022-08-21-19:54:40-248 0.37548828 -0.15429688 -6.4228516 447.86588 854.20734 229.93903	
2022-08-21-19:54:40-254 -0.051757812 -0.14453125 -5.7929688 449.2683 807.5 102.19512	
2022-08-21-19:54:40-259 -0.5019531 0.58154297 -5.213867 482.07318 752.13416 40.487804	
2022-08-21-19:54:40-262 -1.0341797 1.7426758 -4.7319336 432.98782 740.3049 51.890244	
2022-08-21-19:54:40-265 -3.3422852 2.3134766 -4.61084 357.0122 713.96344 0.9756098	
2022-08-21-19:54:40-268 -5.963867 2.1054688 -5.9731445 241.40245 576.2805 -104.39024	
2022-08-21-19:54:40-272 -9.592773 1.0717773 -4.2719727 95.121956 345.12195 -155.0	
2022-08-21-19:54:40-500 -9.652344 -0.022949219 -2.7207031 24.87805 81.52439 -78.90244	
2022-08-21-19:54:40-504 -7.805664 -0.5307617 -0.60302734 35.365856 -89.14635 43.23171	
2022-08-21-19:54:40-507 -4.0512695 2.4541016 -9.306641 -105.79269 -805.48785 -210.85367	
2022-08-21-19:54:40-512 -2.4042969 -0.0024414062 -5.6728516 -21.95122 -251.5244 8.414635	
2022-08-21-19:54:40-516 -0.13623047 0.40966797 -0.36083984 -37.743904 -173.78049 25.0	
2022-08-21-19:54:40-520 -0.106933594 -0.12011719 -1.0634766 -40.060978 -69.756096 22.317074	
2022-08-21-19:54:40-525 -0.03125 0.100097656 -1.1542969 -17.37805 -55.365856 21.036587	
2022-08-21-19:54:40-529 -0.08544922 -0.064453125 -1.1196289 -9.02439 -65.79269 24.634148	
2022-08-21-19:54:40-534 -0.064941406 -0.0053710938 -1.1777344 -19.695122 -85.85366 29.756098	
2022-08-21-19:54:40-539 -0.125 -0.19189453 -1.3022461 -20.853659 -106.21951 31.158537	
2022-08-21-19:54:40-543 -0.087402344 0.13085938 -1.9145508 -35.060978 -190.12195 11.280488	
2022-08-21-19:54:40-552 -0.092285156 0.21875 -2.3754883 -28.109756 -265.73172 -10.304878	
2022-08-21-19:54:40-555 0.084472656 0.059570312 -2.7368164 -8.963415 -375.67075 -20.0	
2022-08-21-19:54:40-558 0.061523438 -0.0014648438 -2.8129883 33.414635 -512.9268 -2.4390244	
2022-08-21-19:54:40-560 -0.95996094 -0.2631836 -3.321289 29.573172 -587.6829 16.524391	
2022-08-21-19:54:40-562 -2.246582 -0.13720703 -2.994629 170.54878 -529.8171 38.47561	
2022-08-21-19:54:40-657 0 0 0 0 0 1000	
2022-08-21-19:54:49-573 0 0 0 0 0 1000	
2022-08-21-19:54:49-656 -0.03466797 -0.049316406 -0.9746094 0.36585367 -0.9756098 -0.4878049	
2022-08-21-19:54:49-659 -0.040527344 -0.049316406 -0.9550781 -4.085366 6.768293 0.30487806	
2022-08-21-19:54:49-661 -0.009277344 -0.02734375 -1.0351562 -5.121951 6.402439 0.0	
2022-08-21-19:54:49-662 -0.025878906 -0.037597656 -0.97802734 -2.4390244 -3.5365853 -0.9756098	
2022-08-21-19:54:49-664 -0.03466797 -0.037109375 -0.97265625 -3.3536587 -2.5 -0.9756098	
2022-08-21-19:54:49-665 -0.032714844 -0.025390625 -0.97509766 -2.5609756 0.4878049 -1.3414634	
2022-08-21-19:54:49-667 -0.032714844 -0.029296875 -0.9633789 0.24390244 3.4146342 -2.682927	
2022-08-21-19:54:49-668 -0.028320312 -0.03955078 -0.9770508 -0.85365856 6.280488 -2.682927	
2022-08-21-19:54:49-670 -0.022949219 -0.030761719 -0.97314453 -1.8902439 6.097561 -1.8292683	
2022-08-21-19:54:49-673 -0.029296875 -0.022949219 -0.95996094 0.85365856 8.963415 -2.317073	
2022-08-21-19:54:49-677 -0.014160156 -0.03515625 -0.98535156 2.9268293 10.609756 -2.317073	
2022-08-21-19:54:49-680 -0.01171875 -0.03125 -0.98095703 3.5365853 8.414635 -1.7682927	
2022-08-21-19:54:49-685 -0.0126953125 -0.037597656 -0.97509766 3.5365853 9.573171 -1.7073171	
2022-08-21-19:54:49-687 0.0 -0.037109375 -0.97216797 2.195122 10.182927 -1.2804878	
2022-08-21-19:54:49-689 0.012207031 -0.041015625 -0.9790039 0.91463417 4.634146 -0.6097561	
2022-08-21-19:54:49-691 0.005859375 -0.03955078 -0.97314453 -0.12195122 1.2195122 -0.18292683	
2022-08-21-19:54:49-930 -0.0034179688 -0.03466797 -0.98339844 -2.4390244 -2.195122 0.18292683	
2022-08-21-19:54:49-934 -0.0048828125 -0.041015625 -0.99072266 -4.3292685 -5.487805 0.42682928	
2022-08-21-19:54:49-939 -0.013671875 -0.029296875 -0.98291016 -4.9390244 -5.4268293 0.79268295	
2022-08-21-19:54:49-944 -0.012207031 -0.0234375 -0.9838867 -2.1341465 -4.512195 0.24390244	
2022-08-21-19:54:49-948 -0.019042969 -0.029785156 -0.9868164 -0.18292683 -3.4756098 -0.12195122	
2022-08-21-19:54:49-954 -0.021484375 -0.025878906 -0.98339844 0.42682928 -1.4634147 -0.24390244	
2022-08-21-19:54:49-957 -0.026367188 -0.029296875 -0.9975586 0.4878049 0.6097561 -0.73170733	
2022-08-21-19:54:49-961 -0.016113281 -0.030273438 -0.9995117 -0.18292683 0.5487805 -1.2195122	
2022-08-21-19:54:49-965 -0.020019531 -0.030273438 -0.9824219 -1.8902439 -1.7682927 -1.1585366	
2022-08-21-19:54:49-968 -0.016601562 -0.029785156 -0.9760742 -2.0731707 -2.4390244 -0.36585367	
2022-08-21-19:54:49-972 -0.013183594 -0.022949219 -0.9682617 -2.7439024 -0.73170733 0.6097561	
2022-08-21-19:54:49-979 -0.01953125 -0.021484375 -0.9819336 -1.7682927 -0.06097561 1.4634147	
2022-08-21-19:54:49-983 -0.011230469 -0.020996094 -0.9765625 1.7682927 -1.8902439 1.4634147	
2022-08-21-19:54:49-990 -0.009765625 -0.049804688 -0.9746094 5.7317076 -3.5365853 4.756098	
2022-08-21-19:54:49-994 -0.0053710938 -0.053222656 -0.9746094 8.536586 -4.3292685 11.585366	
2022-08-21-19:54:49-999 -0.005859375 -0.05419922 -1.0043945 11.95122 -7.9268293 17.5	
2022-08-21-19:54:50-252 -0.012207031 -0.09326172 -1.0341797 11.402439 -20.365854 17.987804	
2022-08-21-19:54:50-255 -0.0126953125 -0.1772461 -1.0629883 13.353659 -31.280489 30.792685	
2022-08-21-19:54:50-259 -0.0625 -0.13671875 -1.0327148 1.2804878 -37.682926 45.609756	
2022-08-21-19:54:50-262 -0.043945312 -0.0107421875 -1.0029297 -4.634146 -40.182926 49.69512	
2022-08-21-19:54:50-267 -0.071777344 0.07080078 -0.98583984 -14.3902445 -41.646343 39.573174	
2022-08-21-19:54:50-270 -0.07324219 0.09814453 -0.984375 -28.353659 -43.65854 19.87805	
2022-08-21-19:54:50-282 -0.115234375 0.08154297 -0.95410156 -27.92683 -43.780487 6.2195125	
2022-08-21-19:54:50-288 -0.09472656 0.119628906 -0.9975586 -17.743902 -43.048782 -4.4512196	
2022-08-21-19:54:50-291 -0.23779297 0.014160156 -1.078125 -14.3902445 -48.536587 -13.658537	
2022-08-21-19:54:50-294 -0.115722656 -0.18847656 -1.1132812 -15.97561 -62.68293 -4.3292685	
2022-08-21-19:54:50-298 -0.092285156 0.005859375 -0.97265625 -11.95122 -74.81708 6.7073174	
2022-08-21-19:54:50-302 -0.21826172 0.10644531 -0.64160156 -6.3414636 -72.80488 -0.42682928	
2022-08-21-19:54:50-307 -0.27783203 0.20947266 -0.45458984 18.109756 -48.414635 -10.97561	
2022-08-21-19:54:50-312 -0.19140625 0.30859375 -0.8642578 69.57317 -31.280489 -32.012196	
2022-08-21-19:54:50-315 -0.30419922 -0.24316406 -0.9814453 87.0122 -34.02439 -47.865856	
2022-08-21-19:54:50-319 -0.25390625 -0.6767578 -0.77197266 46.95122 -8.292683 -3.5365853	
2022-08-21-19:54:50-568 -0.24902344 -0.092285156 -1.9853516 -2.9268293 -29.939026 32.2561	
2022-08-21-19:54:50-574 -0.17919922 0.1303711 -1.4487305 -10.304878 -112.31708 20.670732	
2022-08-21-19:54:50-580 -0.29296875 -0.03125 -0.8413086 1.7073171 -142.13416 -4.512195	
2022-08-21-19:54:50-586 -0.3569336 -0.2607422 -0.4609375 4.2073174 -134.57318 -2.7439024	
2022-08-21-19:54:50-590 -0.4399414 -0.33691406 -0.5097656 -6.2195125 -87.926834 23.231709	
2022-08-21-19:54:50-596 -0.44384766 -0.15722656 -0.8129883 -8.902439 -61.40244 52.560978	
2022-08-21-19:54:50-600 -0.3984375 0.109375 -1.0419922 8.902439 -74.32927 54.268295	
2022-08-21-19:54:50-605 -0.36083984 0.33007812 -1.0219727 42.439026 -100.426834 29.45122	
2022-08-21-19:54:50-609 -0.39501953 0.35205078 -1.0825195 66.768295 -117.13415 -10.609756	
2022-08-21-19:54:50-613 -0.49951172 0.24804688 -1.8706055 79.268295 -164.20732 -55.060978	
2022-08-21-19:54:50-618 -0.7910156 -0.44433594 -3.1933594 83.04878 -315.30487 -69.20732	
2022-08-21-19:54:50-622 -1.6679688 -1.1279297 -4.6503906 125.18293 -569.6951 -6.890244	
2022-08-21-19:54:50-626 -7.5737305 -2.6923828 -2.959961 496.5244 -787.37805 -4.9390244	
2022-08-21-19:54:50-629 -4.9785156 5.642578 -1.5961914 890.97565 -713.04877 186.64635	
2022-08-21-19:54:50-633 -4.0473633 2.661621 -7.132324 -165.30489 -495.73172 616.64636	
2022-08-21-19:54:50-637 -7.1225586 -4.132324 -7.7646484 -597.6829 -413.7195 170.36586	
2022-08-21-19:54:50-884 -5.945801 -2.8217773 -8.482422 -106.03659 -749.63416 -1.5853659	
2022-08-21-19:54:50-889 -2.6953125 -2.5239258 -8.8125 -33.23171 -904.20734 42.621952	
2022-08-21-19:54:50-892 0.09423828 -1.4262695 -6.756836 1.7682927 -612.86584 142.86586	
2022-08-21-19:54:50-896 0.076171875 -1.3364258 -6.1655273 -17.317074 -313.90244 230.91464	
2022-08-21-19:54:50-901 2.3076172 0.10888672 -5.5341797 158.84146 -239.14635 222.74391	
2022-08-21-19:54:50-905 5.585449 2.3115234 -3.418457 88.35366 60.060978 47.37805	
2022-08-21-19:54:50-910 6.666992 -0.1665039 -1.6816406 -307.31708 556.3415 -79.5122	
2022-08-21-19:54:50-914 4.2631836 -0.578125 -1.9799805 -65.060974 940.061 129.69513	
2022-08-21-19:54:50-920 2.6108398 -0.061035156 -4.245117 108.71951 1093.6586 369.45123	
2022-08-21-19:54:50-923 0.6689453 0.45361328 -6.621582 270.2439 1138.7195 378.35367	
2022-08-21-19:54:50-926 -0.453125 0.98779297 -7.119629 343.90244 1020.97565 248.84148	
2022-08-21-19:54:50-929 -0.46289062 0.8647461 -6.484375 373.9634 885.7927 153.96342	
2022-08-21-19:54:50-936 -0.62890625 1.3710938 -5.989746 377.62195 810.5488 64.14634	
2022-08-21-19:54:50-942 -0.9316406 1.440918 -5.3999023 363.65854 784.63416 -5.97561	
2022-08-21-19:54:50-947 -2.604004 1.7475586 -5.4223633 345.12195 736.95123 -68.17073	
2022-08-21-19:54:50-951 -4.680176 1.6757812 -6.953125 255.91464 653.2927 -124.02439	
2022-08-21-19:54:51-321 -9.068848 1.6137695 -5.758789 72.07317 526.8293 -121.768295	
2022-08-21-19:54:51-327 -10.535645 1.0019531 -3.0317383 -33.17073 199.69513 27.560976	
2022-08-21-19:54:51-331 -9.15332 -0.6669922 -0.46875 -76.28049 18.231709 152.37805	
2022-08-21-19:54:51-334 -11.3359375 0.9560547 -0.6225586 -76.40244 -290.30487 93.17073	
2022-08-21-19:54:51-341 -0.43847656 0.15722656 -15.533691 47.37805 -1288.2927 -105.67073	
2022-08-21-19:54:51-347 0.2553711 0.17285156 0.6713867 -206.5244 18.841463 53.65854	
2022-08-21-19:54:51-352 -0.56396484 -0.1381836 -1.3193359 -10.731708 -128.29268 25.731709	
2022-08-21-19:54:51-357 -0.030273438 -0.25 -1.1103516 -48.963417 -72.256096 21.646341	
2022-08-21-19:54:51-364 0.030761719 -0.0073242188 -1.0200195 -59.146343 -46.036587 23.963415	
2022-08-21-19:54:51-367 -0.012207031 -0.064941406 -1.1767578 -26.890245 -69.085365 17.92683	
2022-08-21-19:54:51-370 -0.04248047 -0.07861328 -1.1230469 -33.963417 -89.63415 30.243902	
2022-08-21-19:54:51-373 -0.11816406 -0.2211914 -1.2978516 -64.57317 -130.36586 38.414635	
2022-08-21-19:54:51-377 -0.06347656 0.22753906 -1.7299805 -89.32927 -189.57318 17.37805	
2022-08-21-19:54:51-380 -0.119140625 0.20703125 -2.3198242 -61.28049 -254.39024 -13.719513	
2022-08-21-19:54:51-383 0.015136719 0.046875 -2.557129 -65.60976 -354.5122 -19.207317	
2022-08-21-19:54:51-388 0.068847656 -0.16113281 -2.5009766 -42.987804 -471.82928 -5.5487804	
2022-08-21-19:54:51-462 0 0 0 0 0 1000	
2022-08-21-19:55:00-826 0 0 0 0 0 1000	
2022-08-21-19:55:01-051 -0.06591797 0.053222656 -0.9589844 -2.378049 -32.439026 -0.6707317	
2022-08-21-19:55:01-054 -0.09277344 0.021484375 -0.9316406 -1.2195122 -26.40244 -7.1341467	
2022-08-21-19:55:01-056 -0.10205078 -0.03466797 -0.9267578 -3.9634147 -20.853659 -8.902439	
2022-08-21-19:55:01-057 -0.115722656 -0.063964844 -0.94140625 -8.902439 -16.09756 -4.085366	
2022-08-21-19:55:01-060 -0.11669922 -0.015625 -0.9248047 -13.536586 -12.5 1.0365853	
2022-08-21-19:55:01-063 -0.115722656 -0.009765625 -0.96240234 -13.414635 -10.670732 2.0731707	
2022-08-21-19:55:01-064 -0.10498047 -0.020019531 -1.0507812 -12.073171 -16.341463 5.304878	
2022-08-21-19:55:01-067 -0.12646484 0.0146484375 -1.0908203 -11.829268 -29.939026 7.378049	
2022-08-21-19:55:01-069 -0.1430664 0.057617188 -1.1005859 -6.402439 -46.15854 4.3292685	
2022-08-21-19:55:01-072 -0.19921875 0.08642578 -1.0981445 1.6463414 -64.32927 0.91463417	
2022-08-21-19:55:01-075 -0.07861328 0.088378906 -1.1181641 7.378049 -72.5 -1.3414634	
2022-08-21-19:55:01-079 -0.1484375 0.092285156 -1.1733398 16.524391 -89.39024 -11.52439	
2022-08-21-19:55:01-081 -0.20166016 -0.06591797 -1.1464844 15.731708 -107.439026 -15.853659	
2022-08-21-19:55:01-084 -0.25878906 -0.13671875 -0.984375 7.012195 -124.7561 -8.719512	
2022-08-21-19:55:01-086 -0.24072266 -0.06689453 -0.57714844 9.02439 -125.54878 1.2195122	
2022-08-21-19:55:01-088 -0.2836914 0.21728516 -0.6816406 27.012196 -115.60976 2.8658538	
2022-08-21-19:55:01-368 -0.3413086 0.30029297 -0.29589844 51.219513 -95.85366 -25.54878	
2022-08-21-19:55:01-373 -0.4794922 -0.25195312 0.071777344 58.78049 -31.890245 -49.69512	
2022-08-21-19:55:01-378 -0.4819336 -0.56396484 -0.81933594 31.463415 52.19512 -15.792684	
2022-08-21-19:55:01-384 -0.33984375 -0.038085938 -1.7695312 8.963415 43.963417 17.560976	
2022-08-21-19:55:01-388 -0.3251953 0.06591797 -1.5454102 3.902439 -28.414635 6.585366	
2022-08-21-19:55:01-391 -0.3876953 -0.13623047 -1.0185547 3.8414636 -74.939026 -2.7439024	
2022-08-21-19:55:01-394 -0.43164062 -0.1928711 -0.7285156 9.817074 -82.68293 12.682927	
2022-08-21-19:55:01-398 -0.4404297 -0.024414062 -0.88720703 28.292683 -82.98781 21.158537	
2022-08-21-19:55:01-402 -0.46191406 -0.05029297 -0.9423828 49.817074 -96.70732 17.92683	
2022-08-21-19:55:01-407 -0.47851562 -0.01953125 -0.9350586 57.134148 -109.268295 15.121951	
2022-08-21-19:55:01-410 -0.4892578 0.16357422 -1.0820312 55.975613 -122.19512 -0.73170733	
2022-08-21-19:55:01-416 -0.55810547 0.18066406 -1.7563477 49.817074 -166.5244 -40.182926	
2022-08-21-19:55:01-421 -0.8964844 -0.29785156 -3.0776367 39.573174 -304.39026 -57.439026	
2022-08-21-19:55:01-424 -2.2182617 -0.5097656 -4.727051 70.060974 -552.0122 -14.329268	
2022-08-21-19:55:01-428 -8.931152 -2.5488281 -2.739746 459.5122 -786.46344 -60.243904	
2022-08-21-19:55:01-431 -4.7128906 5.955078 1.109375 824.2683 -658.5366 256.58536	
2022-08-21-19:55:01-683 -4.005371 4.010254 -7.080078 -113.90244 -444.87805 593.90247	
2022-08-21-19:55:01-688 -7.7182617 -4.0117188 -8.477539 -664.5122 -475.0 130.79268	
2022-08-21-19:55:01-690 -5.918457 -2.522461 -8.883301 -95.79269 -804.0854 17.073172	
2022-08-21-19:55:01-695 -2.1240234 -2.2924805 -8.686035 29.512196 -834.0244 140.60976	
2022-08-21-19:55:01-699 -0.26660156 -1.4550781 -7.135742 13.109756 -486.7683 232.68294	
2022-08-21-19:55:01-704 0.42236328 -1.3994141 -6.685547 5.7317076 -283.7195 252.68294	
2022-08-21-19:55:01-709 3.2451172 0.98095703 -5.2192383 140.54878 -105.85366 160.06097	
2022-08-21-19:55:01-716 5.676758 -0.16357422 -2.3300781 -227.13416 303.2927 -12.560976	
2022-08-21-19:55:01-721 5.159668 -1.0371094 -0.58447266 -125.18293 658.5976 66.46342	
2022-08-21-19:55:01-725 3.9765625 -0.45410156 -1.3808594 42.012196 911.21954 297.86588	
2022-08-21-19:55:01-728 2.0791016 -0.9067383 -3.6240234 119.81708 1030.4269 396.2195	
2022-08-21-19:55:01-731 0.8588867 -0.44091797 -5.647461 334.0854 963.90247 346.64636	
2022-08-21-19:55:01-735 0.09863281 -0.049804688 -6.680664 402.92685 890.6098 199.14635	
2022-08-21-19:55:01-739 -0.19628906 -0.0859375 -6.388672 395.67075 874.14636 135.48781	
2022-08-21-19:55:01-743 -0.64160156 0.34033203 -5.680664 425.42685 786.8293 22.134148	
2022-08-21-19:55:01-749 -0.47607422 1.0517578 -5.2211914 453.23172 714.5732 8.231708	
2022-08-21-19:55:01-997 -1.4370117 1.7099609 -5.0532227 381.89026 713.65857 -2.6219513	
2022-08-21-19:55:02-001 -2.9975586 1.6611328 -5.744629 301.58536 667.6829 -46.463417	
2022-08-21-19:55:02-014 -6.2734375 1.4760742 -6.397949 193.65854 572.62195 -92.07317	
2022-08-21-19:55:02-019 -9.116699 1.5166016 -4.1430664 107.926834 309.32928 -44.45122	
2022-08-21-19:55:02-023 -8.649902 0.68310547 -1.4189453 -20.121952 127.0122 54.268295	
2022-08-21-19:55:02-027 -7.3842773 1.0917969 -0.2783203 -7.804878 -104.02439 108.04878	
2022-08-21-19:55:02-031 -8.760742 1.4018555 -1.6962891 -172.80489 -374.39026 99.268295	
2022-08-21-19:55:02-034 -2.5600586 0.359375 -13.269531 -311.70734 -1017.8659 -38.292683	
2022-08-21-19:55:02-039 1.5698242 0.63964844 1.4902344 -50.670734 -37.682926 24.939026	
2022-08-21-19:55:02-050 -0.32421875 -0.1508789 -1.059082 -50.0 -75.18293 20.182928	
2022-08-21-19:55:02-055 -0.115234375 -0.01171875 -0.95654297 -46.82927 -26.646341 19.146341	
2022-08-21-19:55:02-059 0.04638672 -0.017578125 -1.2568359 -28.841465 -43.109756 11.097561	
2022-08-21-19:55:02-062 -0.0034179688 -0.021484375 -0.99902344 -16.646341 -62.865856 20.365854	
2022-08-21-19:55:02-066 -0.057617188 -0.10595703 -1.1601562 -25.792683 -82.5 25.609756	
2022-08-21-19:55:02-070 -0.091796875 -0.123046875 -1.3637695 -45.975613 -129.20732 40.365856	
2022-08-21-19:55:02-074 -0.05419922 0.16308594 -2.0292969 -48.109756 -207.56097 -2.0731707	
2022-08-21-19:55:02-315 -0.06201172 0.14111328 -2.602539 -28.719513 -294.39026 -24.146341	
2022-08-21-19:55:02-322 0.21923828 0.104003906 -2.6020508 -24.573172 -412.5 -28.170732	
2022-08-21-19:55:02-327 0.14013672 -0.095703125 -2.5341797 -8.414635 -537.13416 -11.707317	
2022-08-21-19:55:02-330 -0.87597656 -0.1274414 -3.1191406 -35.914635 -590.8537 18.170732	
2022-08-21-19:55:02-333 -1.5898438 -0.6425781 -2.699707 83.10976 -515.1829 24.817074	
2022-08-21-19:55:02-341 -2.2719727 -0.055664062 -2.3085938 180.54878 -519.8171 78.78049	
2022-08-21-19:55:02-347 -2.6323242 -0.5571289 -2.8237305 -9.634147 -541.46344 65.73171	
2022-08-21-19:55:02-351 -1.706543 -0.7211914 -2.0751953 0.9756098 -291.52438 73.17073	
2022-08-21-19:55:02-355 -1.6831055 -0.83203125 -2.3339844 40.42683 -227.56097 148.78049	
2022-08-21-19:55:02-359 -1.4780273 -0.80371094 -2.6132812 70.97561 -284.32928 240.91464	
2022-08-21-19:55:02-363 -1.1586914 -0.79296875 -2.9672852 44.146343 -381.40244 317.98782	
2022-08-21-19:55:02-367 -0.7998047 -0.8979492 -3.0385742 -28.04878 -450.85367 358.41464	
2022-08-21-19:55:02-370 -0.6972656 -1.1640625 -3.152832 -86.097565 -466.95123 348.7805	
2022-08-21-19:55:02-375 -0.28076172 -1.2573242 -3.1542969 -62.2561 -408.0488 284.87805	
2022-08-21-19:55:02-379 0.4580078 -0.9604492 -3.1982422 -53.109756 -248.35367 143.41464	
2022-08-21-19:55:02-383 1.3217773 -0.7163086 -2.758789 -137.19513 -74.63415 -52.073174	
2022-08-21-19:55:02-755 1.7763672 -0.7495117 -2.2314453 -186.70732 8.658537 -140.97562	
2022-08-21-19:55:02-758 2.8510742 -0.9008789 -1.1430664 -208.2927 164.57318 -272.7439	
2022-08-21-19:55:02-760 3.1425781 -1.2026367 0.13720703 -146.70732 323.41464 -320.73172	
2022-08-21-19:55:02-762 2.381836 -0.8486328 -0.06347656 20.914635 504.0244 -280.60977	
2022-08-21-19:55:02-764 1.4467773 -0.0043945312 -1.2641602 90.85366 602.8049 -215.60976	
2022-08-21-19:55:02-766 0.6323242 0.061035156 -2.602539 48.170734 699.0244 -143.29268	
2022-08-21-19:55:02-768 -0.24316406 -0.19726562 -3.378418 65.85366 745.36584 -51.09756	
2022-08-21-19:55:02-770 -0.44091797 -0.03515625 -3.9794922 160.48781 722.13416 15.243903	
2022-08-21-19:55:02-773 -0.625 -0.0078125 -4.2958984 176.34146 724.20734 0.12195122	
2022-08-21-19:55:02-778 -1.0117188 -0.18310547 -4.0961914 179.57318 710.0 -46.52439	
2022-08-21-19:55:02-781 -1.2939453 -0.13085938 -4.1254883 214.20732 659.6951 -81.64635	
2022-08-21-19:55:02-784 -1.7875977 -0.20654297 -4.61084 182.62195 603.3537 -154.20732	
2022-08-21-19:55:02-786 -2.4794922 -0.5097656 -4.965332 144.93903 557.0732 -216.34146	
2022-08-21-19:55:02-788 -3.8110352 -0.37548828 -5.102051 132.31708 540.0 -230.97562	
2022-08-21-19:55:02-789 -5.6723633 -0.671875 -3.7358398 44.146343 474.93903 -219.63416	
2022-08-21-19:55:02-790 -6.6367188 -1.3344727 -0.6845703 16.280489 299.5122 -124.451225	
2022-08-21-19:55:02-824 0 0 0 0 0 1000	
2022-08-21-19:55:11-370 0 0 0 0 0 1000	
2022-08-21-19:55:11-537 -0.018554688 -0.016601562 -0.9814453 -0.85365856 -5.365854 1.8292683	
2022-08-21-19:55:11-542 -0.0234375 -0.0107421875 -0.9814453 -0.91463417 -3.9634147 0.85365856	
2022-08-21-19:55:11-546 -0.024902344 -0.009765625 -0.9838867 -0.79268295 -1.8902439 -0.36585367	
2022-08-21-19:55:11-549 -0.028320312 -0.011230469 -0.9794922 -0.85365856 0.6097561 -1.1585366	
2022-08-21-19:55:11-552 -0.0234375 -0.0107421875 -0.9863281 -0.36585367 2.195122 -1.8902439	
2022-08-21-19:55:11-554 -0.02734375 -0.0126953125 -0.9892578 0.6097561 3.0487804 -1.5853659	
2022-08-21-19:55:11-556 -0.01953125 -0.017089844 -0.9848633 -0.79268295 3.5365853 -0.9756098	
2022-08-21-19:55:11-559 -0.015136719 -0.0126953125 -0.96972656 -2.5 5.0 -0.36585367	
2022-08-21-19:55:11-561 -0.013183594 -0.0048828125 -0.96972656 -2.9268293 5.5487804 -0.18292683	
2022-08-21-19:55:11-563 -0.0078125 0.0034179688 -0.9765625 0.42682928 5.304878 -0.91463417	
2022-08-21-19:55:11-565 -0.0024414062 -0.00390625 -0.9848633 3.3536587 3.4146342 -1.097561	
2022-08-21-19:55:11-567 4.8828125E-4 -0.010253906 -0.9741211 3.3536587 1.5243902 -1.2804878	
2022-08-21-19:55:11-569 0.0024414062 -9.765625E-4 -0.98291016 3.902439 -0.73170733 -1.2195122	
2022-08-21-19:55:11-571 0.00390625 -0.0073242188 -0.9868164 7.3170733 -4.085366 -2.012195	
2022-08-21-19:55:11-574 -0.017089844 -0.04248047 -0.99316406 5.914634 -8.47561 -2.012195	
2022-08-21-19:55:11-579 0.0024414062 -0.12207031 -1.0253906 3.4146342 -16.036585 8.04878	
2022-08-21-19:55:11-855 -0.0390625 -0.106933594 -1.003418 3.7195122 -25.243902 24.085367	
2022-08-21-19:55:11-859 -0.08544922 -0.041992188 -0.91748047 7.1951222 -23.719513 37.682926	
2022-08-21-19:55:11-863 -0.024902344 -4.8828125E-4 -0.8964844 1.8292683 -11.829268 40.243904	
2022-08-21-19:55:11-867 -0.048339844 0.046875 -1.0180664 -7.7439027 -7.378049 33.109756	
2022-08-21-19:55:11-871 -0.041992188 0.08300781 -1.050293 -14.268293 -14.207317 15.609756	
2022-08-21-19:55:11-877 0.032226562 0.036132812 -1.1206055 -11.280488 -29.45122 4.512195	
2022-08-21-19:55:11-881 -0.07080078 -0.001953125 -1.2954102 -8.47561 -60.85366 -1.9512196	
2022-08-21-19:55:11-886 -0.032226562 -0.041503906 -1.3251953 -8.353659 -93.47561 1.1585366	
2022-08-21-19:55:11-889 -0.06347656 -0.092285156 -1.2695312 -8.841464 -121.34147 6.2195125	
2022-08-21-19:55:11-892 -0.1977539 -0.03173828 -1.0380859 0.85365856 -138.10976 12.621951	
2022-08-21-19:55:11-897 -0.18701172 0.051757812 -0.6591797 13.170732 -137.62195 11.402439	
2022-08-21-19:55:11-900 -0.21435547 0.17089844 -0.71875 29.146341 -130.42683 4.878049	
2022-08-21-19:55:11-905 -0.23925781 0.41796875 -1.0356445 46.463417 -135.24391 -17.37805	
2022-08-21-19:55:11-913 -0.42773438 0.028320312 -0.48779297 41.82927 -135.18292 -50.487804	
2022-08-21-19:55:11-918 -0.27539062 -0.4741211 0.4555664 34.634148 -77.31708 -40.609756	
2022-08-21-19:55:11-922 -0.50878906 -0.20458984 -1.0546875 37.134148 17.073172 -17.195122	
2022-08-21-19:55:12-166 -0.38964844 -0.30810547 -1.3974609 17.317074 11.341464 0.79268295	
2022-08-21-19:55:12-170 -0.3461914 0.13134766 -1.5107422 7.3170733 -34.146343 9.268292	
2022-08-21-19:55:12-178 -0.37353516 -0.09667969 -1.0063477 6.2195125 -80.60976 -6.585366	
2022-08-21-19:55:12-183 -0.46923828 -0.24658203 -0.7314453 -8.353659 -80.060974 1.4634147	
2022-08-21-19:55:12-187 -0.4921875 -0.23144531 -0.7939453 2.012195 -73.90244 23.170732	
2022-08-21-19:55:12-190 -0.49658203 -0.10644531 -1.0253906 19.87805 -82.926834 38.780487	
2022-08-21-19:55:12-194 -0.5058594 -0.040039062 -0.99316406 29.634148 -107.621956 37.317074	
2022-08-21-19:55:12-198 -0.4921875 0.15332031 -0.9506836 33.65854 -121.28049 24.756098	
2022-08-21-19:55:12-202 -0.5131836 0.328125 -1.5458984 33.048782 -148.84146 -11.8902445	
2022-08-21-19:55:12-206 -0.76904297 -0.09765625 -2.8579102 32.19512 -265.91464 -48.59756	
2022-08-21-19:55:12-212 -1.5913086 -0.8725586 -4.370117 68.35366 -508.84146 -19.573172	
2022-08-21-19:55:12-217 -6.4692383 -2.9208984 -4.489258 344.81708 -780.4878 -12.378049	
2022-08-21-19:55:12-221 -9.574219 -1.2353516 -3.0268555 656.0366 -851.5854 -29.207317	
2022-08-21-19:55:12-225 -4.8564453 7.057617 1.6191406 705.3049 -679.5732 411.89026	
2022-08-21-19:55:12-228 -6.3476562 0.2475586 -8.619141 -460.3049 -445.7927 336.2805	
2022-08-21-19:55:12-231 -6.6533203 -4.570801 -7.9799805 -469.14636 -598.96344 51.95122	
2022-08-21-19:55:12-483 -3.6992188 -2.5908203 -9.076172 84.14635 -821.8293 121.46342	
2022-08-21-19:55:12-489 -0.043945312 -0.8876953 -7.888672 125.54878 -656.95123 239.45122	
2022-08-21-19:55:12-492 0.6567383 -0.97753906 -6.522461 -108.65854 -260.12195 200.48781	
2022-08-21-19:55:12-496 2.4057617 0.52734375 -5.345703 3.9634147 -72.31708 134.39024	
2022-08-21-19:55:12-500 5.26416 0.45947266 -2.334961 -157.92683 217.2561 51.219513	
2022-08-21-19:55:12-503 5.383789 -0.5864258 -0.7832031 -219.45122 584.39026 120.60976	
2022-08-21-19:55:12-510 4.2958984 -0.97509766 -1.1025391 -85.54878 879.0244 351.70734	
2022-08-21-19:55:12-515 2.65625 -1.3305664 -3.0800781 74.02439 1026.3414 506.5244	
2022-08-21-19:55:12-518 1.0385742 -0.74853516 -5.270508 330.91464 963.71954 451.5244	
2022-08-21-19:55:12-522 0.015136719 -0.08105469 -6.284668 470.06097 847.0122 257.19513	
2022-08-21-19:55:12-525 -0.42871094 -0.10107422 -5.9746094 440.24393 785.1829 53.292683	
2022-08-21-19:55:12-529 -0.78515625 0.1899414 -5.2216797 493.7805 709.20734 -95.18293	
2022-08-21-19:55:12-532 -1.6376953 1.4516602 -4.864746 437.5 677.9878 -102.37805	
2022-08-21-19:55:12-536 -3.6445312 1.8266602 -4.3862305 337.86588 665.2439 -28.109756	
2022-08-21-19:55:12-548 -6.2387695 2.2749023 -5.1987305 235.42683 567.9268 -5.8536587	
2022-08-21-19:55:12-555 -9.688965 1.4125977 -3.5947266 73.35366 368.10977 1.7682927	
2022-08-21-19:55:12-797 -8.836426 1.0981445 -1.965332 24.268293 102.56098 37.621952	
2022-08-21-19:55:12-801 -14.9921875 2.6894531 -0.94189453 -95.914635 -165.60976 -1.8292683	
2022-08-21-19:55:12-805 -0.056640625 0.3334961 -15.240234 -304.87805 -975.12195 -61.28049	
2022-08-21-19:55:12-810 0.7368164 0.2626953 2.0625 -83.597565 -91.097565 54.7561	
2022-08-21-19:55:12-814 -0.27197266 0.17138672 -1.519043 -94.02439 -88.35366 28.292683	
2022-08-21-19:55:12-817 -0.0390625 -0.06933594 -1.1333008 -28.963415 -62.865856 23.353659	
2022-08-21-19:55:12-821 -0.03857422 -0.0390625 -1.0883789 -1.3414634 -68.96342 28.170732	
2022-08-21-19:55:12-825 -0.044921875 -0.09814453 -1.2260742 1.2804878 -96.03659 33.65854	
2022-08-21-19:55:12-828 -0.076660156 0.21484375 -1.7207031 -10.97561 -171.70732 35.609756	
2022-08-21-19:55:12-832 -0.09716797 0.088378906 -1.8945312 -20.42683 -236.46342 -3.7804878	
2022-08-21-19:55:12-836 -0.088378906 0.13623047 -1.9873047 -20.304878 -279.57318 -18.59756	
2022-08-21-19:55:12-840 0.07373047 0.1508789 -2.3339844 1.6463414 -371.5244 -27.195122	
2022-08-21-19:55:12-845 0.03857422 -0.23535156 -2.675293 16.524391 -514.3293 -13.597561	
2022-08-21-19:55:12-849 -0.94628906 -0.037109375 -3.6538086 -30.121952 -653.96344 16.280489	
2022-08-21-19:55:12-854 -3.0898438 -1.1933594 -3.5595703 135.54878 -677.0732 8.658537	
2022-08-21-19:55:12-858 -4.305664 -0.63720703 -3.2319336 311.89026 -686.3415 39.939026	
2022-08-21-19:55:13-116 -3.0639648 1.1821289 -0.12158203 353.90244 -623.5976 281.7683	
2022-08-21-19:55:13-121 -1.6708984 0.49902344 -2.383789 111.21951 -298.65854 348.10977	
2022-08-21-19:55:13-125 -2.7792969 -0.15429688 -2.7670898 -129.57318 -39.02439 293.9634	
2022-08-21-19:55:13-127 -2.1582031 -0.95410156 -2.5307617 -240.18294 -148.71951 301.64636	
2022-08-21-19:55:13-130 -1.8876953 -1.2119141 -3.065918 -147.01219 -310.30487 312.19513	
2022-08-21-19:55:13-134 -1.9775391 -1.171875 -4.0756836 -97.560974 -445.73172 303.0488	
2022-08-21-19:55:13-141 -1.6630859 -1.1972656 -4.739258 -126.46342 -516.46344 244.0244	
2022-08-21-19:55:13-146 -1.0605469 -1.5117188 -4.942383 -202.31708 -439.5122 117.743904	
2022-08-21-19:55:13-149 -0.68359375 -1.6762695 -5.081543 -239.93903 -270.5488 -15.304878	
2022-08-21-19:55:13-153 0.088378906 -1.5917969 -4.8286133 -214.57318 -178.96342 -92.31708	
2022-08-21-19:55:13-159 1.7348633 -1.4658203 -3.5097656 -128.90244 -106.52439 -134.93903	
2022-08-21-19:55:13-163 3.9677734 -0.9448242 -1.0463867 -78.71951 96.951225 -173.35367	
2022-08-21-19:55:13-166 4.857422 -0.81152344 0.78125 -48.414635 351.5854 -207.92683	
2022-08-21-19:55:13-170 3.8354492 -0.41992188 0.45166016 55.42683 592.3171 -201.82927	
2022-08-21-19:55:13-177 2.489746 0.16796875 -1.4902344 76.21951 767.6829 -156.95122	
2022-08-21-19:55:13-184 0.9667969 0.26660156 -3.8515625 122.0122 857.0732 -75.914635	
2022-08-21-19:55:13-385 0 0 0 0 0 1000	
2022-08-21-19:55:22-165 0 0 0 0 0 1000	
2022-08-21-19:55:22-225 -0.025878906 -0.016113281 -0.98779297 -1.402439 -0.12195122 -1.8292683	
2022-08-21-19:55:22-227 -0.020019531 -0.0126953125 -0.9824219 0.06097561 0.5487805 -2.7439024	
2022-08-21-19:55:22-229 -0.019042969 -0.018554688 -0.9897461 -0.06097561 -0.24390244 -2.987805	
2022-08-21-19:55:22-232 -0.018554688 -0.013671875 -0.9765625 -1.4634147 -1.3414634 -2.6219513	
2022-08-21-19:55:22-234 -0.019042969 -0.010253906 -0.9785156 -1.2804878 -2.195122 -2.378049	
2022-08-21-19:55:22-238 -0.020507812 -0.0126953125 -0.98876953 -1.3414634 -4.1463413 -2.378049	
2022-08-21-19:55:22-241 -0.024414062 -0.016113281 -0.96972656 -2.378049 -5.2439027 -1.1585366	
2022-08-21-19:55:22-244 -0.028320312 -0.005859375 -0.97021484 -3.1097562 -4.085366 -0.36585367	
2022-08-21-19:55:22-246 -0.020507812 -0.0068359375 -0.9663086 -2.7439024 -3.8414636 -0.36585367	
2022-08-21-19:55:22-248 -0.018554688 -0.016113281 -0.9746094 -3.7804878 -6.097561 0.24390244	
2022-08-21-19:55:22-250 -0.027832031 -0.017578125 -0.9692383 -5.670732 -7.5609756 0.9756098	
2022-08-21-19:55:22-252 -0.0390625 -0.012207031 -0.95996094 -9.02439 -6.280488 2.987805	
2022-08-21-19:55:22-254 -0.044921875 0.009765625 -0.95214844 -8.902439 -1.5243902 3.9634147	
2022-08-21-19:55:22-256 -0.044433594 0.0126953125 -0.9736328 -6.402439 4.1463413 2.5609756	
2022-08-21-19:55:22-258 -0.030761719 0.008300781 -1.0004883 -3.1707318 4.6951222 1.2804878	
2022-08-21-19:55:22-260 -0.03173828 0.0087890625 -1.0063477 -2.1341465 1.4634147 0.12195122	
2022-08-21-19:55:22-269 -0.037109375 0.013671875 -0.99853516 -0.5487805 -0.9756098 -1.0365853	
2022-08-21-19:55:22-272 -0.0390625 0.0048828125 -0.9746094 0.9756098 -0.24390244 -1.5243902	
2022-08-21-19:55:22-276 -0.033203125 0.009277344 -0.94921875 1.8292683 4.02439 -1.2804878	
2022-08-21-19:55:22-278 -0.022460938 0.009765625 -0.9838867 3.7804878 5.182927 -1.4634147	
2022-08-21-19:55:22-281 -0.021972656 0.00390625 -1.0107422 3.8414636 -0.42682928 -1.9512196	
2022-08-21-19:55:22-285 -0.032226562 -9.765625E-4 -0.9902344 1.8902439 -5.4268293 -2.2560976	
2022-08-21-19:55:22-287 -0.034179688 0.0043945312 -1.0063477 2.1341465 -9.146341 -1.6463414	
2022-08-21-19:55:22-289 -0.03515625 0.005859375 -1.0073242 3.6585367 -14.146341 -1.9512196	
2022-08-21-19:55:22-291 -0.047851562 -0.0034179688 -0.9707031 3.292683 -13.719513 -1.7073171	
2022-08-21-19:55:22-293 -0.052246094 9.765625E-4 -0.91308594 -2.195122 -3.8414636 -1.402439	
2022-08-21-19:55:22-295 -0.053710938 0.0024414062 -0.9355469 -2.4390244 9.146341 -0.85365856	
2022-08-21-19:55:22-296 -0.04248047 9.765625E-4 -0.9794922 -1.5243902 15.914635 -0.4878049	
2022-08-21-19:55:22-301 -0.019042969 0.009765625 -1.0058594 -0.91463417 13.536586 -0.5487805	
2022-08-21-19:55:22-304 -0.015136719 0.013671875 -1.0224609 2.0731707 2.682927 -1.2804878	
2022-08-21-19:55:22-307 -0.018066406 0.0073242188 -1.0229492 5.4268293 -11.036586 -2.0731707	
2022-08-21-19:55:22-311 -0.03466797 -0.038085938 -1.0390625 2.804878 -23.59756 -1.5853659	
2022-08-21-19:55:22-586 -0.040039062 -0.051757812 -1.0834961 -0.30487806 -36.09756 4.02439	
2022-08-21-19:55:22-590 -0.061523438 -0.041015625 -1.0703125 -9.268292 -45.975613 8.780488	
2022-08-21-19:55:22-594 -0.10595703 -0.10595703 -1.0463867 -15.365854 -55.548782 16.82927	
2022-08-21-19:55:22-598 -0.1459961 -0.06982422 -1.109375 -10.97561 -67.37805 27.256098	
2022-08-21-19:55:22-603 -0.16308594 0.0 -1.1235352 -5.8536587 -81.52439 32.92683	
2022-08-21-19:55:22-609 -0.12158203 0.09472656 -1.112793 1.0365853 -96.28049 26.036587	
2022-08-21-19:55:22-614 -0.099121094 0.11621094 -1.0366211 5.5487804 -102.621956 14.939025	
2022-08-21-19:55:22-619 -0.24267578 -0.08544922 -0.9555664 -1.5853659 -113.47561 11.097561	
2022-08-21-19:55:22-623 -0.27685547 -0.03173828 -0.80371094 15.792684 -124.451225 20.304878	
2022-08-21-19:55:22-627 -0.22070312 0.2421875 -0.8642578 29.939026 -132.13416 21.646341	
2022-08-21-19:55:22-630 -0.1953125 0.53759766 -0.53222656 48.90244 -125.73171 -1.097561	
2022-08-21-19:55:22-633 -0.4165039 -0.022949219 -0.09814453 68.10976 -86.64635 -41.52439	
2022-08-21-19:55:22-638 -0.5151367 -0.41748047 -0.4482422 54.512196 -2.9268293 -20.731709	
2022-08-21-19:55:22-642 -0.4609375 -0.30126953 -1.0297852 36.219513 24.32927 -5.0	
2022-08-21-19:55:22-646 -0.3774414 -0.17773438 -1.9199219 4.634146 -4.268293 12.134147	
2022-08-21-19:55:22-650 -0.3569336 -0.010253906 -1.6337891 -13.780488 -89.085365 22.134148	
2022-08-21-19:55:22-966 -0.37548828 -0.026855469 -0.96240234 -10.792684 -141.95122 15.0	
2022-08-21-19:55:22-971 -0.44091797 -0.009277344 -0.6010742 -13.292684 -139.39024 15.6707325	
2022-08-21-19:55:22-977 -0.49658203 -0.06542969 -0.6513672 -4.390244 -125.79269 17.865854	
2022-08-21-19:55:22-981 -0.5419922 -0.017578125 -0.91796875 13.170732 -129.93903 21.463415	
2022-08-21-19:55:22-986 -0.54589844 0.00390625 -0.8852539 17.682928 -149.57318 18.536585	
2022-08-21-19:55:22-989 -0.5991211 0.03857422 -0.734375 9.756098 -157.98781 13.109756	
2022-08-21-19:55:22-993 -0.6328125 0.23876953 -0.9238281 0.9756098 -159.2683 -2.378049	
2022-08-21-19:55:22-996 -0.8071289 0.45117188 -1.8662109 12.5 -207.37805 -45.182926	
2022-08-21-19:55:22-999 -1.8320312 0.040527344 -3.7080078 58.048782 -364.69513 -86.64635	
2022-08-21-19:55:23-002 -4.970703 -2.1342773 -4.5322266 128.04878 -602.13416 -69.63415	
2022-08-21-19:55:23-006 -9.699707 -0.43945312 -2.3500977 645.97565 -779.7561 -94.20732	
2022-08-21-19:55:23-010 -6.730957 6.460449 -2.7695312 417.13416 -778.5976 327.0122	
2022-08-21-19:55:23-014 -7.9750977 -1.1376953 -9.335449 -573.96344 -463.10977 165.85367	
2022-08-21-19:55:23-021 -6.3896484 -4.6831055 -8.260254 -203.53659 -703.1708 166.03659	
2022-08-21-19:55:23-025 -2.6713867 -2.0107422 -9.075684 141.7683 -776.46344 310.91464	
2022-08-21-19:55:23-028 -0.22167969 -1.0991211 -7.1606445 -41.646343 -509.39026 270.0	
2022-08-21-19:55:23-351 0.5600586 -1.4125977 -6.411621 -130.91464 -278.10977 181.34146	
2022-08-21-19:55:23-355 3.5844727 0.40039062 -4.3583984 23.658537 -91.28049 123.17074	
2022-08-21-19:55:23-359 5.991211 -0.5136719 -1.6206055 -167.43903 324.69513 31.40244	
2022-08-21-19:55:23-362 5.73584 -0.80029297 -0.2607422 -70.36585 678.1708 123.23171	
2022-08-21-19:55:23-365 4.480957 -1.4453125 -1.5849609 20.42683 923.4147 313.10977	
2022-08-21-19:55:23-368 2.180664 -1.5507812 -4.2495117 226.58537 1029.0244 408.0488	
2022-08-21-19:55:23-373 0.3178711 -0.21435547 -6.9213867 474.69513 968.5976 326.40244	
2022-08-21-19:55:23-378 -0.50341797 -0.26513672 -7.0356445 445.24393 878.90247 161.34146	
2022-08-21-19:55:23-382 -0.9057617 0.05419922 -6.5932617 457.43903 819.7561 9.329268	
2022-08-21-19:55:23-387 -1.3129883 0.5917969 -5.4125977 442.68292 734.3293 -80.48781	
2022-08-21-19:55:23-391 -2.2543945 1.6967773 -4.6743164 458.90244 695.7927 11.158537	
2022-08-21-19:55:23-395 -4.038574 3.2226562 -4.445801 393.47562 642.2561 49.390244	
2022-08-21-19:55:23-399 -6.7353516 2.821289 -4.6293945 182.37805 489.14636 44.817074	
2022-08-21-19:55:23-403 -9.825684 3.1254883 -2.7270508 121.40244 263.90244 5.7317076	
2022-08-21-19:55:23-408 -8.946777 1.6533203 -1.5664062 -24.390244 -14.207317 2.0731707	
2022-08-21-19:55:23-412 -6.6152344 1.4975586 0.6826172 -72.68293 -122.439026 33.048782	
2022-08-21-19:55:23-576 -3.9765625 1.4360352 -11.077637 -675.8537 -746.21954 76.46342	
2022-08-21-19:55:23-582 -1.0205078 1.4726562 -13.770996 -412.19513 -631.2805 -53.414635	
2022-08-21-19:55:23-587 0.9145508 0.50390625 2.5986328 -33.90244 -115.426834 14.02439	
2022-08-21-19:55:23-590 -0.42919922 -0.095703125 -1.4155273 57.621952 -103.84147 9.268292	
2022-08-21-19:55:23-595 -0.061035156 -0.079589844 -1.5620117 43.841465 -78.71951 15.609756	
2022-08-21-19:55:23-599 -0.091796875 -0.18115234 -1.1303711 34.390244 -75.121956 9.756098	
2022-08-21-19:55:23-604 -0.014160156 0.03125 -1.0874023 64.756096 -93.47561 8.04878	
2022-08-21-19:55:23-608 -0.049804688 -0.015136719 -1.5600586 121.951225 -154.51219 -8.353659	
2022-08-21-19:55:23-612 -0.1508789 -0.1850586 -2.0175781 96.82927 -268.41464 -18.04878	
2022-08-21-19:55:23-617 -0.079589844 0.14404297 -2.4926758 37.560978 -342.62195 -23.04878	
2022-08-21-19:55:23-621 0.043945312 -0.27978516 -2.8061523 20.487804 -428.17075 -33.59756	
2022-08-21-19:55:23-624 -0.2241211 -0.8676758 -2.9248047 31.95122 -584.2683 13.353659	
2022-08-21-19:55:23-628 -2.2861328 -1.8754883 -3.8413086 71.15854 -724.5122 82.98781	
2022-08-21-19:55:23-631 -3.3168945 -0.013671875 -3.869629 334.69513 -726.46344 253.04878	
2022-08-21-19:55:23-635 -4.291504 -0.51904297 0.18017578 263.47562 -601.2805 431.7683	
2022-08-21-19:55:23-641 -1.5541992 0.28955078 -1.8691406 99.32927 -93.90244 291.34146	
2022-08-21-19:55:23-913 -2.2416992 -1.2177734 -2.4697266 -225.18294 -87.68293 178.53659	
2022-08-21-19:55:23-919 -1.7592773 -1.8149414 -2.5688477 -131.7683 -250.60976 155.48781	
2022-08-21-19:55:23-923 -1.4697266 -1.2705078 -3.2631836 16.95122 -381.2195 187.0122	
2022-08-21-19:55:23-925 -1.2441406 -0.98339844 -4.0234375 -32.378048 -412.74393 181.09756	
2022-08-21-19:55:23-927 -0.8173828 -1.3125 -4.3276367 -155.06097 -369.45123 128.96342	
2022-08-21-19:55:23-929 -0.42529297 -1.6635742 -4.5493164 -150.85367 -305.12195 82.19512	
2022-08-21-19:55:23-931 0.14990234 -1.6826172 -4.5527344 -102.2561 -267.7439 75.36585	
2022-08-21-19:55:23-935 1.3271484 -1.4106445 -3.9838867 -50.975613 -211.15854 70.060974	
2022-08-21-19:55:23-938 2.6323242 -0.9863281 -2.4370117 -74.5122 -47.865856 18.170732	
2022-08-21-19:55:23-941 3.909668 -0.6694336 -0.30566406 -82.31708 173.59756 -68.71951	
2022-08-21-19:55:23-944 3.8764648 -0.5307617 0.7519531 -67.0122 396.7683 -140.67073	
2022-08-21-19:55:23-946 2.703125 -0.64160156 -0.08886719 -28.59756 595.97565 -166.40244	
2022-08-21-19:55:23-949 1.6669922 -0.7553711 -1.6582031 3.7804878 728.3537 -151.09756	
2022-08-21-19:55:23-952 0.31201172 -0.5292969 -3.6049805 98.78049 796.21954 -92.37805	
2022-08-21-19:55:23-954 -0.49902344 0.1328125 -4.8393555 160.60976 788.5366 -24.817074	
2022-08-21-19:55:23-956 -0.5883789 -0.18017578 -4.9057617 118.29269 772.2561 14.3902445	
2022-08-21-19:55:24-058 0 0 0 0 0 1000	
2022-08-21-19:55:34-142 0 0 0 0 0 1000	
2022-08-21-19:55:34-378 -0.036132812 -0.05029297 -1.0131836 3.292683 -26.09756 4.1463413	
2022-08-21-19:55:34-383 -0.022460938 -0.018066406 -1.0512695 4.878049 -33.414635 7.7439027	
2022-08-21-19:55:34-386 -0.034179688 -0.028320312 -1.0610352 1.2195122 -38.048782 7.4390244	
2022-08-21-19:55:34-389 -0.044433594 -0.021972656 -1.0908203 -2.7439024 -50.609756 8.597561	
2022-08-21-19:55:34-391 -0.07373047 -0.015136719 -1.0732422 -9.512196 -60.975613 7.6219516	
2022-08-21-19:55:34-393 -0.11279297 0.019042969 -1.034668 -10.914635 -67.31708 6.4634147	
2022-08-21-19:55:34-395 -0.11279297 0.04638672 -1.0253906 -10.670732 -71.46342 2.195122	
2022-08-21-19:55:34-397 -0.15039062 0.011230469 -1.1411133 -7.5609756 -83.17073 -2.2560976	
2022-08-21-19:55:34-403 -0.22265625 -0.01953125 -1.1708984 -0.6707317 -102.926834 -1.5853659	
2022-08-21-19:55:34-407 -0.20605469 -0.08984375 -0.88378906 1.0365853 -116.82927 1.8292683	
2022-08-21-19:55:34-409 -0.1928711 -0.0014648438 -0.7167969 13.353659 -113.10976 8.841464	
2022-08-21-19:55:34-411 -0.2084961 0.33154297 -0.828125 39.512196 -107.0122 2.2560976	
2022-08-21-19:55:34-414 -0.3076172 0.1899414 -0.734375 59.939026 -108.47561 -31.463415	
2022-08-21-19:55:34-418 -0.39648438 -0.43603516 -0.061523438 46.646343 -78.65854 -36.09756	
2022-08-21-19:55:34-421 -0.45703125 -0.2211914 -0.6875 13.719513 4.085366 3.3536587	
2022-08-21-19:55:34-423 -0.35107422 0.048828125 -1.3769531 -2.317073 14.817074 6.280488	
2022-08-21-19:55:34-713 -0.34472656 0.030761719 -1.3457031 -7.9268293 -19.634148 -3.8414636	
2022-08-21-19:55:34-717 -0.3647461 -0.03173828 -1.1264648 -5.97561 -59.02439 -13.109756	
2022-08-21-19:55:34-720 -0.4169922 -0.20996094 -0.6904297 -8.719512 -66.40244 -6.0365853	
2022-08-21-19:55:34-724 -0.4321289 -0.08935547 -0.7270508 0.6097561 -48.65854 12.865854	
2022-08-21-19:55:34-727 -0.45654297 -0.18945312 -1.0419922 15.243903 -53.90244 22.682928	
2022-08-21-19:55:34-730 -0.4555664 -0.020996094 -1.0913086 25.182928 -79.14635 31.280489	
2022-08-21-19:55:34-734 -0.453125 0.10644531 -1.0444336 31.036587 -100.54878 19.085367	
2022-08-21-19:55:34-738 -0.47021484 0.21923828 -1.5078125 30.609756 -131.21951 -7.865854	
2022-08-21-19:55:34-743 -0.5644531 -0.08154297 -2.6035156 23.231709 -234.39024 -34.207317	
2022-08-21-19:55:34-748 -1.0449219 -0.68310547 -3.5986328 24.390244 -445.7927 -5.7317076	
2022-08-21-19:55:34-751 -3.184082 -1.1474609 -4.399414 153.59756 -676.21954 27.317074	
2022-08-21-19:55:34-758 -8.035645 0.12158203 -2.4892578 543.8415 -788.47565 -10.304878	
2022-08-21-19:55:34-761 -4.504883 5.1865234 2.317871 543.2317 -651.64636 378.59756	
2022-08-21-19:55:34-765 -4.335449 1.4995117 -5.6430664 -252.86586 -326.15854 334.63416	
2022-08-21-19:55:34-768 -6.282715 -2.6293945 -6.907715 -411.64636 -505.0 114.085365	
2022-08-21-19:55:34-773 -5.0024414 -1.7705078 -8.477051 -44.390244 -755.1829 126.64635	
2022-08-21-19:55:35-011 -1.527832 -1.9589844 -7.894043 45.121952 -768.4147 216.5244	
2022-08-21-19:55:35-015 -0.1694336 -1.1420898 -6.8183594 -19.817074 -443.96344 233.17073	
2022-08-21-19:55:35-019 0.7685547 -1.0073242 -6.1103516 -38.59756 -249.7561 215.24391	
2022-08-21-19:55:35-024 3.3745117 0.66015625 -4.379883 25.853659 -26.95122 132.80489	
2022-08-21-19:55:35-028 5.2529297 -0.4868164 -2.2563477 -287.92685 414.39026 4.6951222	
2022-08-21-19:55:35-031 5.09375 -1.4423828 -1.2939453 -319.39026 610.36584 18.90244	
2022-08-21-19:55:35-035 3.7685547 -1.6723633 -1.1586914 -91.40244 902.1951 254.87805	
2022-08-21-19:55:35-039 2.4301758 -1.6645508 -3.3203125 90.30488 1041.0975 462.68292	
2022-08-21-19:55:35-044 1.0493164 -1.3989258 -6.0078125 350.85367 1032.0122 480.67075	
2022-08-21-19:55:35-047 -0.021972656 -0.49316406 -7.345215 502.98782 938.23175 328.65854	
2022-08-21-19:55:35-052 -0.67333984 -0.39160156 -6.6030273 540.1829 817.7439 138.04878	
2022-08-21-19:55:35-056 -0.9277344 0.5488281 -5.9106445 557.439 701.0366 -30.97561	
2022-08-21-19:55:35-061 -2.105957 1.2929688 -5.101074 515.7317 661.0366 -70.85366	
2022-08-21-19:55:35-065 -4.9282227 2.8623047 -4.486328 478.41464 604.39026 -56.585365	
2022-08-21-19:55:35-068 -8.011719 2.9135742 -4.7890625 255.7927 422.19513 -86.82927	
2022-08-21-19:55:35-074 -10.506836 2.0126953 -3.0234375 102.926834 212.0122 -38.90244	
2022-08-21-19:55:35-344 -9.934082 1.2431641 -1.3730469 0.0 -22.37805 46.890244	
2022-08-21-19:55:35-349 -9.99707 4.25 -0.94384766 -70.67073 -159.63416 133.59756	
2022-08-21-19:55:35-353 -1.1420898 2.0239258 -14.54541 -576.0366 -716.7683 -59.08537	
2022-08-21-19:55:35-358 0.9428711 0.20605469 2.2783203 -25.609756 -69.81708 29.268293	
2022-08-21-19:55:35-363 -0.19140625 0.025878906 -0.7885742 -63.719513 -63.048782 15.6707325	
2022-08-21-19:55:35-367 0.0087890625 -0.14892578 -1.2382812 -21.463415 -44.573174 10.914635	
2022-08-21-19:55:35-371 -0.049316406 0.0234375 -1.1289062 -19.634148 -60.548782 27.012196	
2022-08-21-19:55:35-376 -0.017089844 -0.010253906 -1.1416016 -12.804878 -78.65854 17.256098	
2022-08-21-19:55:35-381 -0.10498047 -0.23144531 -1.3339844 -13.963415 -132.5 24.32927	
2022-08-21-19:55:35-386 -0.040039062 0.35498047 -1.9511719 -21.280489 -210.54878 3.4146342	
2022-08-21-19:55:35-389 -0.0073242188 0.36914062 -2.4707031 14.512196 -281.2805 -45.85366	
2022-08-21-19:55:35-393 0.22753906 0.17871094 -2.8862305 35.121952 -421.82928 -61.28049	
2022-08-21-19:55:35-397 0.14111328 -0.1381836 -3.328125 30.670732 -611.40247 -40.792683	
2022-08-21-19:55:35-401 -1.1245117 0.31103516 -4.244629 -6.7073174 -737.5 4.4512196	
2022-08-21-19:55:35-405 -3.2148438 -1.4404297 -4.1445312 184.87805 -761.70734 -38.59756	
2022-08-21-19:55:35-409 -2.3041992 -0.07470703 -3.368164 546.7683 -762.62195 44.146343	
2022-08-21-19:55:35-636 -1.8764648 1.0561523 -3.8828125 173.78049 -660.97565 190.48781	
2022-08-21-19:55:35-642 -1.8378906 -0.3100586 -3.2041016 -176.46342 -202.56097 129.14635	
2022-08-21-19:55:35-646 -1.9750977 -1.3286133 -3.1347656 -231.58537 -173.47562 170.24391	
2022-08-21-19:55:35-650 -1.7524414 -1.262207 -3.578125 -33.048782 -297.31708 238.78049	
2022-08-21-19:55:35-655 -1.5966797 -0.9892578 -4.2973633 40.97561 -459.81708 303.35367	
2022-08-21-19:55:35-658 -1.4287109 -1.4248047 -4.9155273 -31.219513 -559.3293 336.40244	
2022-08-21-19:55:35-662 -0.35546875 -1.7324219 -4.8359375 -43.475613 -465.3049 291.82928	
2022-08-21-19:55:35-669 0.73583984 -1.3134766 -4.149414 -40.487804 -197.31708 131.70732	
2022-08-21-19:55:35-677 1.1264648 -0.9296875 -3.525879 -59.268295 -82.256096 42.80488	
2022-08-21-19:55:35-682 2.6953125 -0.77441406 -1.8129883 -165.7317 95.79269 -102.5	
2022-08-21-19:55:35-686 4.1640625 -1.3935547 0.13867188 -185.60976 275.42685 -186.64635	
2022-08-21-19:55:35-689 2.9697266 -0.9526367 0.32910156 8.414635 529.2683 -191.34146	
2022-08-21-19:55:35-692 2.3310547 -0.17333984 -0.39160156 32.987804 671.70734 -178.17073	
2022-08-21-19:55:35-695 1.1147461 -0.4790039 -1.7270508 11.768293 765.97565 -123.90244	
2022-08-21-19:55:35-699 -0.1821289 -0.057617188 -3.3276367 140.06097 794.7561 -27.92683	
2022-08-21-19:55:35-702 -0.7060547 -0.0014648438 -3.9453125 160.36586 771.21954 59.146343	
2022-08-21-19:55:36-042 -0.69628906 0.11328125 -4.180664 183.41464 759.8171 92.80488	
2022-08-21-19:55:36-046 -1.1040039 0.056640625 -4.189453 177.01219 742.7439 46.09756	
2022-08-21-19:55:36-050 -1.3520508 -0.018066406 -3.8598633 183.84146 697.3171 -23.780489	
2022-08-21-19:55:36-055 -1.6391602 -0.1352539 -3.8496094 187.92683 628.23175 -77.926834	
2022-08-21-19:55:36-058 -1.8696289 -0.39990234 -4.2460938 191.89024 578.47565 -109.20732	
2022-08-21-19:55:36-060 -2.6914062 -0.28955078 -4.8686523 203.59756 554.2683 -118.78049	
2022-08-21-19:55:36-063 -4.331543 -0.05810547 -4.686035 139.51219 528.90247 -177.5	
2022-08-21-19:55:36-066 -5.685547 -0.3310547 -3.043457 72.743904 401.2195 -222.13416	
2022-08-21-19:55:36-068 -7.033203 -1.0019531 -0.6621094 83.84147 190.7927 -130.79268	
2022-08-21-19:55:36-072 -6.2529297 2.9838867 -1.4780273 144.2683 -25.731709 18.353659	
2022-08-21-19:55:36-076 -14.695801 2.012207 -0.06933594 -221.5244 -300.06097 47.5	
2022-08-21-19:55:36-079 0.4038086 -1.2426758 -15.116211 -98.78049 -1364.9391 -18.04878	
2022-08-21-19:55:36-083 -2.5952148 -0.15722656 -1.715332 -281.0366 -1.5243902 16.585365	
2022-08-21-19:55:36-086 -0.43945312 0.1796875 -0.81347656 -96.15854 -121.28049 25.0	
2022-08-21-19:55:36-088 -0.18701172 -0.110839844 -1.3505859 -51.219513 -63.170734 11.707317	
2022-08-21-19:55:36-090 -0.06347656 0.09472656 -1.1499023 -48.963417 -50.42683 20.853659	
2022-08-21-19:55:36-241 0 0 0 0 0 1000	
2022-08-21-19:55:46-010 0 0 0 0 0 1000	
2022-08-21-19:55:46-120 -0.03857422 -0.018554688 -0.97314453 -0.85365856 1.2804878 0.12195122	
2022-08-21-19:55:46-122 -0.03125 -0.016113281 -0.99316406 -1.2804878 2.682927 0.06097561	
2022-08-21-19:55:46-123 -0.032226562 -0.0107421875 -0.9824219 -0.18292683 1.3414634 -0.4878049	
2022-08-21-19:55:46-125 -0.029785156 -0.015136719 -0.9819336 0.4878049 0.85365856 -0.85365856	
2022-08-21-19:55:46-127 -0.030761719 -0.0146484375 -0.97558594 0.4878049 0.91463417 -0.9756098	
2022-08-21-19:55:46-128 -0.030273438 -0.0146484375 -0.9741211 0.24390244 1.9512196 -1.0365853	
2022-08-21-19:55:46-130 -0.029785156 -0.0146484375 -0.9770508 -0.06097561 2.987805 -1.097561	
2022-08-21-19:55:46-132 -0.024902344 -0.013671875 -0.97753906 0.12195122 2.804878 -1.0365853	
2022-08-21-19:55:46-134 -0.027832031 -0.013183594 -0.984375 0.6707317 2.195122 -1.2804878	
2022-08-21-19:55:46-137 -0.026855469 -0.015136719 -0.98095703 0.6707317 1.6463414 -1.2195122	
2022-08-21-19:55:46-141 -0.024902344 -0.012207031 -0.9794922 0.24390244 1.1585366 -1.0365853	
2022-08-21-19:55:46-144 -0.022460938 -0.011230469 -0.97216797 0.4878049 0.85365856 -0.9756098	
2022-08-21-19:55:46-146 -0.021972656 -0.016113281 -0.9785156 0.36585367 0.30487806 -0.9756098	
2022-08-21-19:55:46-148 -0.024414062 -0.014160156 -0.984375 -0.6097561 -1.0365853 -0.42682928	
2022-08-21-19:55:46-151 -0.032226562 -0.0107421875 -0.9897461 -0.06097561 -1.8902439 -0.5487805	
2022-08-21-19:55:46-153 -0.026855469 -0.0146484375 -0.98339844 0.6707317 -2.804878 -0.73170733	
2022-08-21-19:55:46-155 -0.03173828 -0.017089844 -0.9848633 0.36585367 -3.2317073 -0.4878049	
2022-08-21-19:55:46-156 -0.025878906 -0.01171875 -0.9838867 0.91463417 -4.4512196 -0.30487806	
2022-08-21-19:55:46-159 -0.032226562 -0.020019531 -0.99072266 1.097561 -7.012195 -0.06097561	
2022-08-21-19:55:46-160 -0.036132812 -0.017089844 -0.99072266 0.4878049 -10.426829 0.85365856	
2022-08-21-19:55:46-162 -0.049316406 -0.0063476562 -0.99853516 -0.79268295 -10.853659 0.4878049	
2022-08-21-19:55:46-165 -0.05419922 -0.01171875 -0.97998047 -1.3414634 -9.02439 -0.24390244	
2022-08-21-19:55:46-167 -0.05908203 -0.0073242188 -0.94677734 -1.402439 -1.2195122 -0.5487805	
2022-08-21-19:55:46-170 -0.04638672 -0.005859375 -0.96240234 -1.0365853 8.780488 -1.2804878	
2022-08-21-19:55:46-173 -0.034179688 4.8828125E-4 -0.99609375 1.4634147 10.853659 -2.1341465	
2022-08-21-19:55:46-177 -0.020507812 -0.0029296875 -1.0043945 3.7804878 4.3292685 -3.4146342	
2022-08-21-19:55:46-180 -0.022949219 -0.019042969 -0.9946289 5.97561 -4.756098 -3.5365853	
2022-08-21-19:55:46-182 -0.027832031 -0.0126953125 -0.97802734 6.402439 -9.207317 -2.1341465	
2022-08-21-19:55:46-185 -0.044921875 -0.030761719 -0.94970703 2.4390244 -7.5609756 -2.195122	
2022-08-21-19:55:46-187 -0.05810547 -0.061035156 -0.9506836 -3.4146342 -2.804878 1.097561	
2022-08-21-19:55:46-189 -0.047851562 -0.072265625 -0.98583984 -9.695122 -0.6707317 7.5	
2022-08-21-19:55:46-190 -0.036132812 -0.04638672 -1.0546875 -11.036586 -9.085366 15.182927	
2022-08-21-19:55:46-437 -0.056152344 -0.041015625 -1.0986328 -9.817074 -27.804878 18.292683	
2022-08-21-19:55:46-444 -0.083496094 -0.021484375 -1.0849609 -9.02439 -45.609756 21.707317	
2022-08-21-19:55:46-452 -0.014160156 0.028808594 -1.0463867 -6.158537 -58.23171 22.012196	
2022-08-21-19:55:46-455 -0.08203125 0.1665039 -1.1230469 -2.195122 -68.96342 7.0731707	
2022-08-21-19:55:46-458 -0.06347656 0.076660156 -1.1391602 5.487805 -85.30488 -9.45122	
2022-08-21-19:55:46-462 -0.22558594 -0.053710938 -1.1020508 12.804878 -102.13415 -11.402439	
2022-08-21-19:55:46-466 -0.1665039 -0.10986328 -0.75878906 17.682928 -111.52439 -2.8658538	
2022-08-21-19:55:46-470 -0.14794922 0.008300781 -0.7973633 27.92683 -104.20732 9.02439	
2022-08-21-19:55:46-476 -0.24707031 0.11035156 -0.9975586 43.170734 -107.621956 3.292683	
2022-08-21-19:55:46-480 -0.30322266 0.115722656 -0.38085938 63.109756 -102.31708 -13.231708	
2022-08-21-19:55:46-483 -0.4013672 -0.2783203 -0.33984375 59.207317 -36.82927 -18.841463	
2022-08-21-19:55:46-487 -0.36279297 -0.28125 -1.3393555 15.304878 7.682927 -1.6463414	
2022-08-21-19:55:46-490 -0.31835938 -0.06689453 -1.5126953 -9.878049 -28.59756 12.195122	
2022-08-21-19:55:46-494 -0.31982422 -0.005859375 -1.347168 -5.8536587 -83.10976 2.804878	
2022-08-21-19:55:46-497 -0.36035156 -0.21533203 -0.9375 -15.792684 -110.67073 0.0	
2022-08-21-19:55:46-501 -0.4267578 -0.21826172 -0.74609375 -26.585367 -101.64635 25.060976	
2022-08-21-19:55:46-751 -0.42871094 -0.0126953125 -0.81396484 -11.707317 -103.23171 35.73171	
2022-08-21-19:55:46-755 -0.4243164 0.11230469 -0.7519531 13.231708 -105.36585 23.170732	
2022-08-21-19:55:46-758 -0.4921875 0.018066406 -0.8457031 27.317074 -101.70732 9.268292	
2022-08-21-19:55:46-762 -0.5004883 0.10498047 -1.1123047 29.146341 -112.80488 -3.0487804	
2022-08-21-19:55:46-765 -0.52734375 0.16601562 -1.4306641 23.780489 -151.58537 -25.609756	
2022-08-21-19:55:46-769 -0.734375 0.0126953125 -2.459961 22.621952 -249.20732 -49.268295	
2022-08-21-19:55:46-773 -1.4619141 -0.46728516 -4.0839844 63.841465 -460.18292 -36.768295	
2022-08-21-19:55:46-779 -5.189453 -2.3657227 -4.128418 210.12196 -688.3537 -22.560976	
2022-08-21-19:55:46-783 -7.961426 0.55908203 -1.9418945 754.7561 -757.62195 -6.585366	
2022-08-21-19:55:46-787 -3.9365234 6.4472656 1.4697266 841.2805 -660.97565 227.98781	
2022-08-21-19:55:46-790 -3.0683594 3.368164 -5.657715 -248.2927 -367.2561 351.7683	
2022-08-21-19:55:46-793 -6.1254883 -3.7050781 -6.6069336 -602.5 -455.97562 10.426829	
2022-08-21-19:55:46-797 -5.4257812 -2.3134766 -7.2558594 -29.32927 -749.14636 -29.817074	
2022-08-21-19:55:46-801 -3.1176758 -1.6679688 -8.065918 81.34147 -780.7927 102.56098	
2022-08-21-19:55:46-805 -1.2890625 -1.2456055 -6.760742 46.52439 -613.65857 218.10976	
2022-08-21-19:55:46-809 -0.63671875 -1.7944336 -6.1845703 22.256098 -403.90244 282.2561	
2022-08-21-19:55:47-066 1.1386719 0.15429688 -5.7216797 197.68294 -295.48782 235.60976	
2022-08-21-19:55:47-070 4.822754 1.2807617 -3.0756836 15.792684 -32.682926 49.45122	
2022-08-21-19:55:47-074 6.2875977 -0.39697266 -1.2514648 -253.35367 416.82928 -137.98781	
2022-08-21-19:55:47-079 4.995117 -0.35888672 -0.76123047 -80.121956 809.0854 -17.804878	
2022-08-21-19:55:47-082 3.7006836 -0.7241211 -2.5561523 43.170734 984.939 247.74391	
2022-08-21-19:55:47-087 1.6044922 -0.30810547 -5.357422 261.58536 1080.122 338.10977	
2022-08-21-19:55:47-089 0.05810547 0.62646484 -6.898926 389.20734 1020.97565 253.23172	
2022-08-21-19:55:47-093 -0.4814453 0.2998047 -6.6430664 376.82928 898.65857 121.40244	
2022-08-21-19:55:47-096 -0.42822266 0.22070312 -6.2353516 411.7683 819.87805 53.170734	
2022-08-21-19:55:47-100 -0.5546875 0.5546875 -5.777832 391.15854 770.1829 17.134148	
2022-08-21-19:55:47-105 -1.5146484 0.86035156 -5.395508 355.12195 749.45123 47.560978	
2022-08-21-19:55:47-109 -3.3793945 1.7182617 -5.2299805 347.37805 695.97565 48.963417	
2022-08-21-19:55:47-113 -6.538574 2.222168 -5.208008 253.53659 537.86584 -3.1707318	
2022-08-21-19:55:47-118 -9.192871 2.9282227 -3.6591797 172.62195 256.0366 32.80488	
2022-08-21-19:55:47-123 -8.891602 3.119629 -2.0615234 6.8292685 77.439026 103.71951	
2022-08-21-19:55:47-127 -8.46875 2.2177734 0.1586914 -126.40244 -67.68293 84.32927	
2022-08-21-19:55:47-383 -3.805664 1.8867188 -11.838379 -640.60974 -842.0732 -70.121956	
2022-08-21-19:55:47-388 -0.7426758 1.3730469 -3.15625 -218.35367 -14.45122 12.5	
2022-08-21-19:55:47-392 -0.23242188 -0.4345703 -0.4868164 57.37805 -167.2561 2.8658538	
2022-08-21-19:55:47-395 -0.080078125 -0.07080078 -0.8779297 -35.609756 -48.780487 6.2195125	
2022-08-21-19:55:47-400 0.056640625 0.20898438 -1.2407227 -34.7561 -52.621952 10.670732	
2022-08-21-19:55:47-405 -0.078125 0.06689453 -1.1005859 -2.317073 -64.02439 6.9512196	
2022-08-21-19:55:47-409 -0.08154297 -0.09863281 -1.25 -11.280488 -83.90244 6.7073174	
2022-08-21-19:55:47-412 -0.033691406 0.16552734 -1.5507812 -50.670734 -151.70732 14.3902445	
2022-08-21-19:55:47-416 -0.03857422 0.2993164 -1.8745117 -21.524391 -216.46342 -33.841465	
2022-08-21-19:55:47-421 -0.038085938 0.18945312 -2.2597656 10.792684 -278.23172 -54.7561	
2022-08-21-19:55:47-425 0.13183594 0.05517578 -2.6230469 27.804878 -402.31708 -47.37805	
2022-08-21-19:55:47-428 0.12402344 -0.018066406 -2.699707 38.59756 -484.14636 -33.23171	
2022-08-21-19:55:47-432 -0.34179688 0.0063476562 -3.0175781 5.0609756 -636.40247 14.573171	
2022-08-21-19:55:47-437 -1.7456055 -0.9042969 -3.9296875 32.560978 -665.73175 14.695123	
2022-08-21-19:55:47-441 -3.5195312 -0.029296875 -3.2836914 373.7195 -623.96344 59.08537	
2022-08-21-19:55:47-447 -3.4072266 1.0883789 0.78759766 221.15854 -548.1707 310.5488	
2022-08-21-19:55:47-696 -1.6313477 0.3515625 -1.796875 -30.42683 -141.15854 277.07318	
2022-08-21-19:55:47-702 -2.5449219 -0.62109375 -2.5498047 -250.91464 -54.512196 250.97562	
2022-08-21-19:55:47-705 -1.9926758 -1.2851562 -2.3901367 -268.17075 -188.10976 261.2805	
2022-08-21-19:55:47-711 -1.7617188 -1.0322266 -2.8999023 -99.939026 -337.2561 267.98782	
2022-08-21-19:55:47-715 -1.7636719 -0.7607422 -3.6464844 -66.28049 -448.7805 257.68292	
2022-08-21-19:55:47-721 -1.5600586 -0.8901367 -4.1464844 -148.59756 -507.07318 214.81708	
2022-08-21-19:55:47-725 -0.99902344 -1.3154297 -4.150879 -217.07318 -469.69513 130.0	
2022-08-21-19:55:47-727 -0.58984375 -1.6879883 -4.220703 -222.0122 -334.5122 47.073174	
2022-08-21-19:55:47-730 -0.103515625 -1.6103516 -4.208496 -138.47562 -226.15854 -2.317073	
2022-08-21-19:55:47-734 1.2172852 -1.1518555 -3.0214844 -72.98781 -113.96342 -43.048782	
2022-08-21-19:55:47-739 2.8251953 -0.9111328 -1.5175781 -114.451225 51.40244 -116.46342	
2022-08-21-19:55:47-745 4.001953 -1.0595703 0.30273438 -130.97562 271.40244 -194.32927	
2022-08-21-19:55:47-749 3.6503906 -1.1582031 0.7421875 -63.414635 523.65857 -226.64635	
2022-08-21-19:55:47-753 2.2036133 -0.83154297 -0.4169922 28.719513 676.89026 -192.74391	
2022-08-21-19:55:47-756 0.92285156 -0.35253906 -1.9975586 81.34147 768.8415 -137.86586	
2022-08-21-19:55:47-762 -0.13378906 0.16259766 -3.5263672 162.62195 777.8049 -88.23171	
2022-08-21-19:55:47-941 0 0 0 0 0 1000	
2022-08-21-19:55:57-312 0 0 0 0 0 1000	
2022-08-21-19:55:57-556 -0.028808594 -0.0107421875 -0.9897461 1.6463414 6.3414636 -1.402439	
2022-08-21-19:55:57-560 -0.024902344 -0.0034179688 -1.0029297 -0.4878049 6.890244 -1.2804878	
2022-08-21-19:55:57-562 -0.019042969 -0.0014648438 -0.99316406 0.4878049 5.914634 -1.5853659	
2022-08-21-19:55:57-565 -0.022949219 -0.0048828125 -0.9819336 0.9756098 6.585366 -1.7682927	
2022-08-21-19:55:57-567 -0.016113281 -0.0043945312 -0.9916992 1.0365853 5.4268293 -1.7073171	
2022-08-21-19:55:57-570 -0.011230469 -0.0087890625 -0.98583984 0.73170733 3.1097562 -1.8292683	
2022-08-21-19:55:57-573 -0.009277344 -0.0087890625 -0.9838867 -0.73170733 1.6463414 -0.85365856	
2022-08-21-19:55:57-576 -0.0063476562 -0.008300781 -0.9814453 -3.5975611 -0.6097561 -0.06097561	
2022-08-21-19:55:57-579 -0.00390625 0.0043945312 -0.95947266 -4.390244 -0.85365856 0.24390244	
2022-08-21-19:55:57-581 -0.0014648438 0.0087890625 -0.96728516 -1.5243902 -0.42682928 0.18292683	
2022-08-21-19:55:57-585 -0.0063476562 0.009765625 -0.9741211 2.1341465 -0.91463417 -0.4878049	
2022-08-21-19:55:57-587 -0.008300781 0.0043945312 -0.9794922 5.304878 -1.097561 -1.402439	
2022-08-21-19:55:57-589 -0.018554688 -0.012207031 -0.9794922 4.9390244 -1.3414634 -1.7073171	
2022-08-21-19:55:57-591 -0.0073242188 -4.8828125E-4 -0.9765625 0.6097561 -1.0365853 -1.402439	
2022-08-21-19:55:57-593 -0.009277344 0.009277344 -0.98828125 0.91463417 -2.5609756 -1.7073171	
2022-08-21-19:55:57-594 -0.008300781 -9.765625E-4 -0.9873047 2.682927 -6.097561 -2.987805	
2022-08-21-19:55:57-916 -0.019042969 -0.0234375 -0.9951172 -2.7439024 -8.597561 -3.5975611	
2022-08-21-19:55:57-922 -0.028808594 -0.020019531 -0.96777344 -6.9512196 -9.45122 0.91463417	
2022-08-21-19:55:57-925 -0.022949219 -0.005859375 -0.98339844 -10.304878 -8.536586 2.1341465	
2022-08-21-19:55:57-928 -0.023925781 -0.0126953125 -1.0205078 -12.439025 -11.829268 3.5365853	
2022-08-21-19:55:57-931 -0.020996094 0.0073242188 -1.0410156 -16.707317 -21.95122 4.512195	
2022-08-21-19:55:57-936 -0.025390625 0.08251953 -1.0483398 -14.02439 -34.817074 1.2195122	
2022-08-21-19:55:57-940 -0.096191406 0.111816406 -1.0771484 -5.609756 -47.621952 -6.52439	
2022-08-21-19:55:57-945 -0.024414062 0.030761719 -1.159668 -1.097561 -66.46342 -14.085366	
2022-08-21-19:55:57-949 -0.06542969 0.022460938 -1.2119141 0.91463417 -78.10976 -16.463415	
2022-08-21-19:55:57-952 -0.06347656 -0.022460938 -1.2138672 -0.85365856 -101.70732 -15.060976	
2022-08-21-19:55:57-957 -0.13916016 -0.027832031 -0.9707031 -6.768293 -116.46342 -12.012196	
2022-08-21-19:55:57-961 -0.15771484 0.16357422 -0.79296875 13.414635 -118.23171 -9.756098	
2022-08-21-19:55:57-965 -0.19433594 0.20898438 -1.0908203 47.621952 -126.15854 -22.195122	
2022-08-21-19:55:57-968 -0.24365234 0.115722656 -1.0327148 67.0122 -150.30489 -36.768295	
2022-08-21-19:55:57-973 -0.34521484 -0.35498047 -0.080566406 57.621952 -134.63416 -37.2561	
2022-08-21-19:55:57-979 -0.45361328 -0.3154297 -0.390625 35.42683 -44.69512 1.402439	
2022-08-21-19:55:58-227 -0.34277344 0.017089844 -1.3076172 16.40244 -11.280488 12.926829	
2022-08-21-19:55:58-231 -0.33642578 0.06591797 -1.6972656 13.353659 -58.536587 -1.2195122	
2022-08-21-19:55:58-236 -0.3696289 -0.19873047 -1.2504883 11.463415 -126.585365 -7.5609756	
2022-08-21-19:55:58-243 -0.40283203 -0.07373047 -0.50390625 14.817074 -138.65854 2.8658538	
2022-08-21-19:55:58-253 -0.49169922 -0.19824219 -0.60253906 13.353659 -108.96342 6.158537	
2022-08-21-19:55:58-258 -0.55615234 -0.2993164 -0.74316406 -0.18292683 -90.18293 23.90244	
2022-08-21-19:55:58-263 -0.55371094 -0.115722656 -0.88183594 -1.5853659 -87.926834 42.439026	
2022-08-21-19:55:58-266 -0.4892578 0.24804688 -1.1103516 17.073172 -109.5122 32.5	
2022-08-21-19:55:58-270 -0.5234375 0.21582031 -1.0825195 23.414635 -144.57318 -4.268293	
2022-08-21-19:55:58-275 -0.65234375 0.109375 -1.5351562 14.634147 -185.97562 -32.682926	
2022-08-21-19:55:58-280 -1.109375 -0.05517578 -2.989746 28.780489 -313.7805 -49.268295	
2022-08-21-19:55:58-286 -2.8496094 -0.90478516 -5.2314453 84.63415 -553.3537 -30.121952	
2022-08-21-19:55:58-291 -9.649414 -2.746582 -2.635254 528.96344 -816.15857 -55.18293	
2022-08-21-19:55:58-295 -4.274414 8.534668 1.2695312 931.89026 -681.15857 268.9634	
2022-08-21-19:55:58-298 -4.145996 4.1835938 -7.2348633 -378.84146 -389.32928 389.45123	
2022-08-21-19:55:58-302 -8.130859 -5.5722656 -8.920898 -745.8537 -527.37805 77.31708	
2022-08-21-19:55:58-498 -5.5410156 -2.8740234 -8.881348 12.439025 -840.48785 46.036587	
2022-08-21-19:55:58-504 -1.5825195 -2.097168 -8.4140625 106.21951 -793.23175 234.57318	
2022-08-21-19:55:58-509 -0.19824219 -1.7255859 -6.7021484 -11.646341 -402.92685 278.5366	
2022-08-21-19:55:58-513 0.6557617 -0.9326172 -6.3671875 83.29269 -260.2439 265.5488	
2022-08-21-19:55:58-518 3.7246094 0.7832031 -4.213867 41.82927 -20.182928 162.5	
2022-08-21-19:55:58-522 5.175293 -0.69873047 -1.8657227 -258.2927 386.0366 37.80488	
2022-08-21-19:55:58-526 4.955078 -0.9238281 -0.56884766 -75.0 705.8537 189.2683	
2022-08-21-19:55:58-529 3.940918 -0.9189453 -1.8017578 40.30488 948.96344 403.5366	
2022-08-21-19:55:58-533 2.3198242 -1.2905273 -4.432617 216.28049 1056.7683 478.7195	
2022-08-21-19:55:58-538 0.75927734 -0.4248047 -7.0581055 440.67075 1012.98785 357.86588	
2022-08-21-19:55:58-543 -0.106933594 -0.1743164 -7.342285 486.15854 909.5732 175.60976	
2022-08-21-19:55:58-547 -0.28466797 0.38427734 -6.779785 510.67075 796.40247 87.439026	
2022-08-21-19:55:58-553 -0.9633789 1.5913086 -6.351074 511.2805 729.2683 66.95122	
2022-08-21-19:55:58-556 -1.6791992 2.1435547 -5.9213867 479.87805 708.71954 77.0122	
2022-08-21-19:55:58-561 -4.7783203 2.9262695 -4.347168 417.92685 653.7805 73.35366	
2022-08-21-19:55:58-567 -7.76416 3.5673828 -4.461914 320.85367 419.39026 18.719513	
2022-08-21-19:55:58-812 -10.285645 2.7558594 -2.7910156 124.63415 210.60976 20.670732	
2022-08-21-19:55:58-820 -9.270508 2.352539 -0.4873047 23.231709 10.914635 85.18293	
2022-08-21-19:55:58-824 -12.290527 6.522949 -1.0698242 -208.2317 -184.39024 45.243904	
2022-08-21-19:55:58-827 -0.8515625 1.015625 -11.298828 -227.56097 -363.7805 -81.34147	
2022-08-21-19:55:58-830 -0.1430664 -0.16210938 0.4189453 4.4512196 -192.80489 21.280489	
2022-08-21-19:55:58-834 -0.21044922 0.15820312 -0.70458984 -36.768295 -78.414635 20.487804	
2022-08-21-19:55:58-838 0.046875 0.13623047 -1.46875 -25.182928 -61.219513 14.878049	
2022-08-21-19:55:58-843 -0.045410156 -0.044921875 -1.1928711 -22.92683 -99.451225 27.439026	
2022-08-21-19:55:58-848 -0.15429688 -0.20117188 -1.2661133 -38.23171 -149.2683 34.634148	
2022-08-21-19:55:58-853 -0.037597656 0.40429688 -1.5917969 -64.02439 -205.42683 10.121951	
2022-08-21-19:55:58-856 -0.079589844 0.29101562 -1.6821289 -24.695122 -244.2683 -40.85366	
2022-08-21-19:55:58-861 -0.11279297 0.23046875 -1.96875 -0.6707317 -296.95123 -53.414635	
2022-08-21-19:55:58-865 0.016113281 0.3076172 -2.5585938 24.573172 -398.65854 -52.134148	
2022-08-21-19:55:58-869 -0.22167969 -0.040039062 -3.0776367 18.963415 -564.3293 -36.09756	
2022-08-21-19:55:58-873 -1.4824219 0.05419922 -4.3066406 -26.463415 -675.6098 3.4146342	
2022-08-21-19:55:58-880 -4.279297 -1.0092773 -3.7045898 287.0122 -697.86584 -9.939025	
2022-08-21-19:55:59-283 -2.9423828 1.65625 -0.6977539 427.2561 -611.15857 211.95122	
2022-08-21-19:55:59-287 -1.6357422 1.6123047 -2.4023438 45.914635 -256.15854 251.21951	
2022-08-21-19:55:59-291 -3.1860352 -0.3017578 -3.0825195 -283.90244 -71.03659 228.10976	
2022-08-21-19:55:59-294 -2.1679688 -1.5195312 -2.7011719 -328.9634 -251.70732 249.5122	
2022-08-21-19:55:59-298 -1.8344727 -1.3701172 -3.3706055 -97.621956 -409.93903 255.24391	
2022-08-21-19:55:59-302 -1.7524414 -1.0639648 -4.1567383 -38.719513 -494.93903 260.7927	
2022-08-21-19:55:59-306 -1.4887695 -1.3017578 -4.929199 -123.78049 -507.56097 223.10976	
2022-08-21-19:55:59-310 -0.78808594 -1.7734375 -4.897949 -205.54878 -424.69513 129.69513	
2022-08-21-19:55:59-315 -0.5605469 -2.0898438 -5.0878906 -196.70732 -280.5488 43.841465	
2022-08-21-19:55:59-319 0.22314453 -1.8310547 -4.7807617 -88.90244 -188.59756 -0.9756098	
2022-08-21-19:55:59-323 1.8759766 -1.0327148 -3.0922852 -20.243902 -74.085365 -51.646343	
2022-08-21-19:55:59-326 3.6655273 -0.84228516 -1.2124023 -105.73171 136.03659 -146.7683	
2022-08-21-19:55:59-329 4.657715 -0.9995117 0.5834961 -82.13415 359.02438 -223.71951	
2022-08-21-19:55:59-333 3.3457031 -0.7597656 0.08251953 41.890244 588.71954 -228.78049	
2022-08-21-19:55:59-337 2.0141602 0.0126953125 -1.7270508 81.89024 755.5488 -190.24391	
2022-08-21-19:55:59-342 0.3569336 0.036132812 -3.668457 86.28049 844.7561 -112.19512	
2022-08-21-19:55:59-459 -0.6699219 0.36132812 -4.9853516 150.18294 841.70734 -39.573174	
2022-08-21-19:55:59-463 -0.7416992 0.29541016 -5.135742 131.58537 828.8415 -19.87805	
2022-08-21-19:55:59-467 -0.99853516 -0.17675781 -5.366699 110.97561 814.8171 -3.8414636	
2022-08-21-19:55:59-472 -1.3032227 -0.27734375 -5.130371 156.46342 806.15857 -16.524391	
2022-08-21-19:55:59-476 -1.5834961 -0.265625 -4.8754883 164.14635 760.1829 -41.40244	
2022-08-21-19:55:59-482 -1.9575195 -0.4326172 -4.915039 171.28049 673.4147 -64.14634	
2022-08-21-19:55:59-487 -2.4750977 -0.59765625 -5.772461 175.7927 572.86584 -99.085365	
2022-08-21-19:55:59-490 -3.5200195 -0.7441406 -6.3120117 209.93903 552.561 -154.45122	
2022-08-21-19:55:59-494 -5.413574 -0.6933594 -4.98584 108.96342 535.8537 -200.7927	
2022-08-21-19:55:59-498 -7.784668 -1.5473633 -0.9863281 69.69512 359.87805 -101.21951	
2022-08-21-19:55:59-502 -6.7250977 3.862793 -1.2202148 434.0854 45.487804 113.597565	
2022-08-21-19:55:59-508 -5.506836 2.6655273 -1.1450195 -176.09756 -1.9512196 69.085365	
2022-08-21-19:55:59-513 -8.637207 -0.5102539 -1.3413086 -196.64635 -206.15854 102.07317	
2022-08-21-19:55:59-517 -2.947754 -1.1235352 -10.833984 -360.97562 -1116.0975 23.04878	
2022-08-21-19:55:59-520 -4.131836 0.15429688 -4.257324 -342.56097 -104.32927 -6.585366	
2022-08-21-19:55:59-524 0.08642578 0.15917969 -0.29541016 -40.487804 -142.62195 2.9268293	
2022-08-21-19:55:59-801 -0.08935547 -0.036621094 -1.46875 -50.243904 -49.45122 7.0731707	
2022-08-21-19:55:59-807 -0.04248047 0.14550781 -0.9794922 -36.646343 -60.487804 20.609756	
2022-08-21-19:55:59-810 -0.08984375 -0.28076172 -1.137207 -24.146341 -67.07317 17.987804	
2022-08-21-19:55:59-814 -0.076660156 0.009765625 -1.2407227 -52.37805 -88.597565 37.682926	
2022-08-21-19:55:59-818 0.014160156 -0.0029296875 -2.1699219 -51.95122 -175.42683 5.792683	
2022-08-21-19:55:59-821 0.020996094 0.35351562 -2.7250977 -48.048782 -275.7927 -7.6219516	
2022-08-21-19:55:59-823 0.49853516 0.42285156 -3.2719727 -12.195122 -433.0488 -50.73171	
2022-08-21-19:55:59-825 0.64990234 -0.099609375 -3.3730469 -27.621952 -650.97565 -45.121952	
2022-08-21-19:55:59-827 -0.4560547 0.53125 -3.6982422 -72.256096 -713.90247 -34.085365	
2022-08-21-19:55:59-830 0.28222656 0.16455078 -2.0126953 19.146341 -452.13416 -54.69512	
2022-08-21-19:55:59-833 3.7363281 0.22070312 -2.6357422 -109.32927 -167.19513 -27.682928	
2022-08-21-19:55:59-837 2.2993164 -0.2841797 -1.5288086 -117.37805 163.41464 16.219513	
2022-08-21-19:55:59-841 2.0507812 -0.4711914 -1.5854492 -31.09756 7.865854 151.09756	
2022-08-21-19:55:59-844 2.3149414 -0.10839844 -1.7387695 -27.743902 132.19513 162.31708	
2022-08-21-19:55:59-846 1.847168 -0.38623047 -1.144043 -66.21951 237.56097 100.243904	
2022-08-21-19:55:59-849 1.6088867 -0.14990234 -0.81152344 -4.512195 264.5122 43.109756	
2022-08-21-19:55:59-908 0 0 0 0 0 1000	
2022-08-21-19:56:08-463 0 0 0 0 0 1000	
2022-08-21-19:56:08-710 -0.027832031 -0.041503906 -0.9941406 -7.804878 -5.4268293 1.402439	
2022-08-21-19:56:08-714 -0.027832031 -0.024902344 -0.9926758 -6.2195125 -2.7439024 -0.18292683	
2022-08-21-19:56:08-717 -0.022949219 -0.03125 -0.98535156 -4.085366 0.36585367 -1.6463414	
2022-08-21-19:56:08-720 -0.022949219 -0.032226562 -1.0083008 -5.97561 2.804878 -1.8292683	
2022-08-21-19:56:08-722 -0.021972656 -0.023925781 -0.9902344 -7.1341467 3.4146342 -1.1585366	
2022-08-21-19:56:08-724 -0.011230469 -0.021972656 -0.9741211 -7.1341467 2.6219513 -0.18292683	
2022-08-21-19:56:08-726 -0.013183594 -0.016601562 -0.97802734 -5.792683 0.0 0.18292683	
2022-08-21-19:56:08-728 -0.013671875 -0.013671875 -0.9628906 -4.878049 -0.06097561 0.79268295	
2022-08-21-19:56:08-731 -0.019042969 -0.017578125 -0.9819336 -5.121951 -0.30487806 1.402439	
2022-08-21-19:56:08-733 -0.018066406 -0.025878906 -0.9785156 -5.5487804 0.0 3.8414636	
2022-08-21-19:56:08-736 -0.005859375 0.012207031 -0.98095703 -5.487805 0.42682928 5.97561	
2022-08-21-19:56:08-742 0.0107421875 0.028320312 -0.96777344 -0.12195122 0.73170733 1.8902439	
2022-08-21-19:56:08-744 -0.00390625 -0.013671875 -0.9838867 3.5975611 -1.6463414 -2.4390244	
2022-08-21-19:56:08-747 -0.02734375 -0.032226562 -0.9746094 2.682927 -3.7195122 -1.1585366	
2022-08-21-19:56:08-749 -0.028320312 -0.07421875 -0.9770508 6.097561 -4.268293 9.573171	
2022-08-21-19:56:08-753 -0.05078125 -0.110839844 -0.9946289 4.390244 -7.3170733 23.47561	
2022-08-21-19:56:08-983 -0.057128906 -0.17236328 -0.9760742 1.7682927 -14.329268 42.560978	
2022-08-21-19:56:08-986 -0.048339844 -0.10546875 -0.9667969 3.6585367 -12.621951 67.68293	
2022-08-21-19:56:08-989 -0.053710938 -0.028320312 -0.98291016 -9.817074 -8.47561 72.37805	
2022-08-21-19:56:08-993 -0.032714844 0.049316406 -0.99902344 -17.5 -8.902439 67.0122	
2022-08-21-19:56:08-996 0.045410156 0.13867188 -1.1040039 -18.292683 -20.670732 49.87805	
2022-08-21-19:56:09-000 0.06933594 0.11621094 -1.2451172 -14.695123 -54.939026 27.92683	
2022-08-21-19:56:09-005 0.0546875 0.14208984 -1.3046875 -12.195122 -75.0 19.573172	
2022-08-21-19:56:09-012 -0.033691406 0.1459961 -1.284668 1.8292683 -110.85366 3.8414636	
2022-08-21-19:56:09-017 -0.060058594 0.06933594 -1.0361328 11.768293 -130.42683 -11.768293	
2022-08-21-19:56:09-022 -0.16601562 -0.010253906 -0.7260742 21.890244 -129.0244 -10.121951	
2022-08-21-19:56:09-026 -0.2163086 0.005859375 -0.70751953 34.57317 -119.87805 -6.646342	
2022-08-21-19:56:09-028 -0.24414062 0.028808594 -0.7597656 52.19512 -111.82927 -7.5609756	
2022-08-21-19:56:09-037 -0.3779297 -0.23583984 -0.6171875 63.78049 -98.414635 -1.7073171	
2022-08-21-19:56:09-043 -0.3305664 0.13427734 -0.34423828 55.609756 -36.646343 13.47561	
2022-08-21-19:56:09-048 -0.33740234 -0.056152344 -1.4467773 48.719513 -5.4268293 -13.536586	
2022-08-21-19:56:09-052 -0.32080078 -0.41552734 -1.6865234 13.780488 -51.28049 -0.4878049	
2022-08-21-19:56:09-334 -0.31591797 -0.025390625 -1.4277344 -12.134147 -118.47561 20.243902	
2022-08-21-19:56:09-340 -0.359375 -0.14013672 -0.67626953 -11.585366 -141.7683 17.134148	
2022-08-21-19:56:09-346 -0.4399414 -0.21533203 -0.63916016 -18.59756 -119.085365 30.97561	
2022-08-21-19:56:09-350 -0.46679688 -0.06933594 -0.7602539 -10.54878 -109.32927 41.219513	
2022-08-21-19:56:09-354 -0.47265625 0.07128906 -0.8178711 6.768293 -110.426834 36.09756	
2022-08-21-19:56:09-358 -0.47802734 0.16455078 -0.86865234 18.719513 -112.56098 21.40244	
2022-08-21-19:56:09-361 -0.50878906 0.21875 -1.0385742 20.609756 -124.69512 -6.097561	
2022-08-21-19:56:09-365 -0.61816406 0.22460938 -1.7138672 24.573172 -168.17073 -40.609756	
2022-08-21-19:56:09-372 -1.1088867 -0.27392578 -3.2338867 47.012196 -311.89026 -58.536587	
2022-08-21-19:56:09-378 -2.8554688 -1.9018555 -5.1713867 125.426834 -557.439 -16.707317	
2022-08-21-19:56:09-383 -9.596191 -2.9985352 -2.3242188 640.3049 -780.36584 27.987806	
2022-08-21-19:56:09-386 -4.746582 9.232422 2.0161133 961.0976 -647.37805 399.14636	
2022-08-21-19:56:09-389 -3.743164 3.9521484 -5.4506836 -452.62195 -280.85367 327.13416	
2022-08-21-19:56:09-393 -6.0302734 -3.8203125 -7.036133 -739.45123 -473.41464 -28.292683	
2022-08-21-19:56:09-398 -5.75 -1.8730469 -8.029297 -93.47561 -795.36584 -101.585365	
2022-08-21-19:56:09-403 -3.7524414 -1.2495117 -9.233398 76.097565 -846.89026 113.23171	
2022-08-21-19:56:09-614 -1.6875 -2.0610352 -7.697754 -68.84147 -614.5732 269.5122	
2022-08-21-19:56:09-619 -0.69970703 -2.7666016 -6.39209 -10.914635 -409.81708 363.23172	
2022-08-21-19:56:09-623 0.6142578 -1.6557617 -5.904785 169.2683 -298.17075 372.8049	
2022-08-21-19:56:09-628 3.0317383 0.32763672 -4.586914 221.15854 -88.65854 220.67073	
2022-08-21-19:56:09-631 5.8242188 0.42919922 -2.4506836 -162.13416 295.67075 -32.987804	
2022-08-21-19:56:09-635 5.0444336 -1.7641602 -0.9760742 -263.10977 732.37805 -12.621951	
2022-08-21-19:56:09-639 3.9970703 -1.027832 -1.7231445 65.0 992.6829 287.13416	
2022-08-21-19:56:09-644 2.480957 -0.79541016 -5.169922 263.59756 1092.7439 463.90244	
2022-08-21-19:56:09-648 0.8354492 0.053710938 -8.383301 483.35367 1088.5975 405.3049	
2022-08-21-19:56:09-652 -0.115722656 0.47021484 -9.001465 513.5976 996.0366 220.67073	
2022-08-21-19:56:09-656 -0.3178711 0.4741211 -8.437988 527.3171 930.4269 166.21951	
2022-08-21-19:56:09-660 -0.027832031 1.4584961 -7.782715 560.73175 798.65857 105.0	
2022-08-21-19:56:09-663 -1.065918 2.534668 -7.4833984 504.14636 753.90247 5.0609756	
2022-08-21-19:56:09-667 -3.965332 3.211914 -6.0458984 434.81708 700.8537 -59.32927	
2022-08-21-19:56:09-670 -7.1064453 3.275879 -5.6523438 301.09756 534.20734 -101.89024	
2022-08-21-19:56:09-675 -11.203613 1.9746094 -4.486328 76.64635 333.23172 -109.268295	
2022-08-21-19:56:10-016 -11.54834 0.70654297 -1.0888672 -12.987805 75.79269 -70.36585	
2022-08-21-19:56:10-021 -8.171387 0.060546875 1.2919922 -10.792684 -117.13415 27.134148	
2022-08-21-19:56:10-026 -4.484375 2.4121094 -12.38916 -227.62196 -945.6708 -104.32927	
2022-08-21-19:56:10-029 0.49023438 -0.033203125 -0.11328125 -149.51219 -5.0609756 60.85366	
2022-08-21-19:56:10-032 -0.37451172 -0.013671875 -1.3032227 -21.463415 -160.85367 28.170732	
2022-08-21-19:56:10-036 -0.12109375 -0.023925781 -0.9482422 -31.585367 -60.243904 20.914635	
2022-08-21-19:56:10-041 0.0390625 -0.17675781 -1.2509766 -14.939025 -78.90244 19.634148	
2022-08-21-19:56:10-045 -0.033203125 -0.013671875 -1.2475586 -45.548782 -128.29268 33.841465	
2022-08-21-19:56:10-048 -0.057128906 0.3330078 -1.590332 -52.682926 -187.86586 17.92683	
2022-08-21-19:56:10-053 -0.03955078 0.27490234 -1.6586914 -53.841465 -218.17073 -18.719513	
2022-08-21-19:56:10-057 -0.08154297 0.29296875 -1.6757812 -29.634148 -251.89024 -40.060978	
2022-08-21-19:56:10-061 0.012207031 0.28125 -1.887207 -0.24390244 -312.80487 -53.90244	
2022-08-21-19:56:10-065 -0.064453125 0.26416016 -2.322754 41.52439 -424.93903 -53.170734	
2022-08-21-19:56:10-068 -0.5751953 0.31298828 -2.850586 29.32927 -553.90247 -34.268295	
2022-08-21-19:56:10-072 -1.5107422 0.5576172 -3.8847656 -33.17073 -564.87805 -37.439026	
2022-08-21-19:56:10-079 -3.362793 -0.14794922 -2.2885742 125.06098 -521.15857 -69.45122	
2022-08-21-19:56:10-270 -3.2529297 0.8676758 -0.62841797 180.42683 -578.5366 59.207317	
2022-08-21-19:56:10-275 -1.5751953 -0.036132812 -2.0942383 91.52439 -365.3049 172.2561	
2022-08-21-19:56:10-280 -2.0161133 0.037597656 -2.4702148 37.439026 -137.01219 237.31708	
2022-08-21-19:56:10-286 -1.7568359 -0.26708984 -2.5634766 -28.780489 -192.68294 296.89026	
2022-08-21-19:56:10-291 -1.6704102 -0.5175781 -3.1831055 -51.463417 -316.7683 315.18292	
2022-08-21-19:56:10-296 -1.5458984 -1.027832 -3.7050781 -89.085365 -422.62195 313.0488	
2022-08-21-19:56:10-302 -1.2226562 -1.3632812 -3.9506836 -72.439026 -480.5488 290.42685	
2022-08-21-19:56:10-309 -0.60791016 -1.3911133 -3.9672852 -60.914635 -418.5366 229.2683	
2022-08-21-19:56:10-313 -0.22705078 -1.3657227 -4.007324 -133.41464 -263.65854 118.53659	
2022-08-21-19:56:10-324 0.2163086 -1.6401367 -3.8168945 -195.0 -139.81708 13.292684	
2022-08-21-19:56:10-328 1.09375 -1.4677734 -3.2749023 -103.96342 -72.07317 -61.707317	
2022-08-21-19:56:10-331 2.618164 -0.9165039 -1.5908203 -53.536587 39.32927 -137.68294	
2022-08-21-19:56:10-337 3.822754 -0.9609375 -0.09082031 -88.84147 237.86586 -215.60976	
2022-08-21-19:56:10-340 3.890625 -1.0512695 0.49414062 -60.85366 359.69513 -242.80489	
2022-08-21-19:56:10-345 2.6293945 -0.68652344 0.0024414062 77.07317 571.46344 -241.40245	
2022-08-21-19:56:10-349 1.5522461 0.28222656 -1.4038086 127.0122 684.14636 -200.30489	
2022-08-21-19:56:10-593 0.3046875 0.25097656 -3.1777344 112.2561 751.95123 -110.0	
2022-08-21-19:56:10-596 -0.31103516 0.6113281 -4.4223633 191.89024 777.8049 -13.597561	
2022-08-21-19:56:10-599 -0.6064453 0.42089844 -4.980957 158.47562 792.62195 20.304878	
2022-08-21-19:56:10-605 -0.97509766 -0.059570312 -4.852539 166.40244 781.7683 17.865854	
2022-08-21-19:56:10-611 -1.4130859 -0.09863281 -4.7651367 211.03659 741.2805 -1.8292683	
2022-08-21-19:56:10-618 -1.9335938 -0.110839844 -4.7734375 214.93903 680.2439 -66.40244	
2022-08-21-19:56:10-623 -2.4262695 -0.42626953 -4.9501953 190.36586 615.36584 -150.24391	
2022-08-21-19:56:10-627 -3.1259766 -0.56933594 -5.4882812 171.95122 563.90247 -204.81708	
2022-08-21-19:56:10-630 -4.8969727 -0.6767578 -5.120117 120.121956 527.7439 -222.37805	
2022-08-21-19:56:10-634 -6.2924805 -1.2109375 -2.378418 51.341465 420.73172 -157.13416	
2022-08-21-19:56:10-637 -6.507324 -0.123046875 -0.5415039 234.63416 154.2683 9.817074	
2022-08-21-19:56:10-641 -5.4750977 3.6586914 -1.2055664 162.19513 18.04878 94.87805	
2022-08-21-19:56:10-645 -4.5493164 -0.2915039 -0.2919922 -134.45122 -119.20732 107.439026	
2022-08-21-19:56:10-649 -5.538574 -0.67871094 -2.3041992 -299.63416 -661.21954 138.47562	
2022-08-21-19:56:10-654 -2.0708008 1.109375 -11.703613 -209.69513 -999.8171 -127.68293	
2022-08-21-19:56:10-659 1.1918945 0.6035156 0.2548828 -238.17073 27.073172 43.536587	
2022-08-21-19:56:10-804 0 0 0 0 0 1000	
2022-08-21-19:56:18-919 0 0 0 0 0 1000	
2022-08-21-19:56:19-163 -0.018066406 0.0073242188 -0.9716797 -9.634147 5.182927 0.18292683	
2022-08-21-19:56:19-165 -0.0068359375 0.0073242188 -0.97753906 -6.585366 3.8414636 0.12195122	
2022-08-21-19:56:19-167 -0.0073242188 0.0087890625 -0.9794922 -3.902439 0.36585367 0.0	
2022-08-21-19:56:19-170 -0.013671875 0.0078125 -0.9746094 -1.0365853 -2.012195 0.24390244	
2022-08-21-19:56:19-173 -0.028808594 0.0043945312 -0.9770508 2.012195 -0.85365856 0.24390244	
2022-08-21-19:56:19-175 -0.012207031 0.0014648438 -0.9736328 3.7804878 -0.18292683 0.30487806	
2022-08-21-19:56:19-177 -0.016601562 -0.0029296875 -0.98779297 4.8170733 -1.6463414 1.6463414	
2022-08-21-19:56:19-180 -0.019042969 -0.01171875 -0.9916992 7.6219516 -4.02439 3.5975611	
2022-08-21-19:56:19-182 -0.009277344 -0.009765625 -1.0102539 8.902439 -9.756098 3.4756098	
2022-08-21-19:56:19-184 -0.022949219 -0.046875 -1.0273438 6.402439 -20.42683 3.1097562	
2022-08-21-19:56:19-185 -0.04345703 -0.048339844 -1.0083008 -3.7195122 -27.743902 6.8292685	
2022-08-21-19:56:19-187 -0.06738281 -0.020507812 -0.96875 -7.012195 -27.743902 12.073171	
2022-08-21-19:56:19-188 -0.07421875 0.0063476562 -0.9394531 -9.817074 -24.512196 12.682927	
2022-08-21-19:56:19-189 -0.08642578 -0.0048828125 -0.90966797 -20.54878 -14.939025 9.878049	
2022-08-21-19:56:19-191 -0.05517578 0.07910156 -0.94970703 -15.304878 -8.47561 10.426829	
2022-08-21-19:56:19-193 -0.049804688 0.1508789 -1.0800781 -9.085366 -15.121951 -2.8658538	
2022-08-21-19:56:19-513 -0.064941406 0.052734375 -1.2016602 -1.8902439 -43.23171 -14.817074	
2022-08-21-19:56:19-518 0.041992188 -0.11767578 -1.171875 -5.97561 -70.60976 -16.280489	
2022-08-21-19:56:19-523 -0.15478516 -0.037109375 -1.1782227 -6.8292685 -93.414635 -4.268293	
2022-08-21-19:56:19-527 -0.109375 0.12060547 -1.0195312 9.695122 -111.52439 -1.5243902	
2022-08-21-19:56:19-530 -0.12011719 0.1743164 -1.2192383 37.317074 -133.84146 -9.756098	
2022-08-21-19:56:19-534 -0.1772461 0.16113281 -1.0673828 55.42683 -167.07318 -21.036587	
2022-08-21-19:56:19-542 -0.3017578 -0.036621094 -0.037597656 49.146343 -148.29268 -39.45122	
2022-08-21-19:56:19-547 -0.41308594 -0.35498047 -0.04345703 34.207317 -52.560978 -23.536587	
2022-08-21-19:56:19-551 -0.34472656 -0.11816406 -1.0229492 12.926829 13.414635 -2.987805	
2022-08-21-19:56:19-554 -0.31640625 -0.19091797 -1.5463867 -4.512195 -5.304878 1.6463414	
2022-08-21-19:56:19-558 -0.33251953 -0.029296875 -1.3349609 -23.109756 -53.292683 13.597561	
2022-08-21-19:56:19-561 -0.36523438 -0.059570312 -0.7607422 -22.743902 -75.0 10.853659	
2022-08-21-19:56:19-565 -0.39697266 -0.084472656 -0.8847656 -19.573172 -65.243904 15.609756	
2022-08-21-19:56:19-569 -0.4453125 -0.16601562 -0.9003906 -14.085366 -70.243904 25.914635	
2022-08-21-19:56:19-575 -0.44189453 -0.0043945312 -0.8222656 -0.6097561 -73.17073 39.268295	
2022-08-21-19:56:19-579 -0.38134766 0.28808594 -1.0332031 28.414635 -83.17073 23.231709	
2022-08-21-19:56:19-818 -0.44335938 0.11035156 -1.1918945 40.365856 -107.37805 -7.682927	
2022-08-21-19:56:19-823 -0.49169922 0.07763672 -1.7119141 27.743902 -153.90244 -21.82927	
2022-08-21-19:56:19-827 -0.58496094 -0.06640625 -2.7109375 12.621951 -277.98782 -33.47561	
2022-08-21-19:56:19-830 -1.0458984 -0.4189453 -3.6899414 27.560976 -492.8049 -9.634147	
2022-08-21-19:56:19-834 -3.1430664 -0.8803711 -4.5688477 134.20732 -682.0732 7.3170733	
2022-08-21-19:56:19-841 -7.010254 -0.06542969 -2.1049805 497.0122 -740.061 -16.890244	
2022-08-21-19:56:19-846 -4.309082 4.334961 0.5517578 421.15854 -717.439 300.36588	
2022-08-21-19:56:19-851 -3.8188477 1.2324219 -6.8447266 -216.89024 -424.2683 233.59756	
2022-08-21-19:56:19-854 -5.1625977 -1.6054688 -6.8789062 -378.84146 -439.39026 127.0122	
2022-08-21-19:56:19-857 -3.0317383 -1.8569336 -7.29834 -66.95122 -650.73175 200.97562	
2022-08-21-19:56:19-861 -0.43408203 -1.2958984 -6.6381836 85.914635 -648.1708 258.9634	
2022-08-21-19:56:19-869 0.6347656 -0.63183594 -5.645996 -69.14634 -308.84146 207.2561	
2022-08-21-19:56:19-875 1.7172852 -0.7451172 -4.6899414 -88.10976 -136.15854 137.31708	
2022-08-21-19:56:19-881 4.2680664 -0.17382812 -2.4604492 -40.365856 128.96342 53.65854	
2022-08-21-19:56:19-889 4.8984375 -1.449707 -1.0756836 -193.65854 556.2805 3.7195122	
2022-08-21-19:56:19-893 3.8095703 -1.8554688 -1.0073242 -152.92683 750.0 41.890244	
2022-08-21-19:56:20-136 2.5048828 -1.7998047 -1.7202148 32.987804 965.97565 205.0	
2022-08-21-19:56:20-142 0.9707031 -1.3603516 -3.9995117 244.57318 987.9269 278.84146	
2022-08-21-19:56:20-146 -0.109375 -0.7050781 -5.532715 386.2805 937.13416 235.30489	
2022-08-21-19:56:20-150 -0.57177734 -0.58496094 -5.632324 428.7805 837.37805 142.68294	
2022-08-21-19:56:20-155 -0.96533203 -0.22753906 -5.2070312 441.0366 760.4878 7.7439027	
2022-08-21-19:56:20-159 -1.2587891 0.20800781 -4.3984375 448.41464 691.2805 -122.80488	
2022-08-21-19:56:20-163 -2.317871 0.5493164 -3.8076172 416.2195 631.7683 -196.82927	
2022-08-21-19:56:20-167 -3.4316406 0.9448242 -4.2617188 383.9634 564.14636 -198.17073	
2022-08-21-19:56:20-170 -5.775879 1.4755859 -4.9663086 203.78049 519.87805 -154.69513	
2022-08-21-19:56:20-174 -8.510254 1.2871094 -3.0703125 99.32927 367.37805 -29.268293	
2022-08-21-19:56:20-179 -8.23877 0.7182617 -2.0859375 -3.8414636 109.69512 123.96342	
2022-08-21-19:56:20-183 -7.180664 0.4375 -0.96777344 -2.9268293 -20.54878 181.21951	
2022-08-21-19:56:20-189 -8.821289 1.0371094 -2.4819336 -353.2927 -405.60977 161.34146	
2022-08-21-19:56:20-192 -0.9741211 2.072754 -12.119141 -759.14636 -725.1829 -78.96342	
2022-08-21-19:56:20-197 0.2680664 0.22216797 0.33984375 -6.8292685 -73.84147 40.548782	
2022-08-21-19:56:20-202 -0.19189453 0.14892578 -0.95166016 -80.73171 -84.63415 16.280489	
2022-08-21-19:56:20-457 -0.053710938 -0.024902344 -1.137207 -36.585365 -62.012196 24.87805	
2022-08-21-19:56:20-461 0.033203125 0.052734375 -1.1137695 -1.0365853 -65.243904 20.54878	
2022-08-21-19:56:20-464 -0.032714844 -0.043945312 -1.1098633 16.219513 -79.32927 14.817074	
2022-08-21-19:56:20-467 -0.088378906 -0.07128906 -1.3408203 14.146341 -118.90244 32.560978	
2022-08-21-19:56:20-474 -0.09082031 0.020507812 -1.6777344 37.07317 -200.06097 -9.45122	
2022-08-21-19:56:20-481 -0.063964844 0.114746094 -2.2304688 45.487804 -252.62196 -28.231709	
2022-08-21-19:56:20-488 0.099609375 -0.064941406 -2.6152344 61.341465 -370.67075 -27.317074	
2022-08-21-19:56:20-493 0.11816406 -0.34375 -2.7763672 67.621956 -544.3293 8.231708	
2022-08-21-19:56:20-501 -0.92871094 -0.3251953 -3.9887695 119.451225 -689.0244 31.646341	
2022-08-21-19:56:20-505 -3.1386719 -0.9238281 -4.148926 352.2561 -668.8415 1.9512196	
2022-08-21-19:56:20-509 -2.984375 0.64404297 -1.699707 480.36588 -577.8049 172.80489	
2022-08-21-19:56:20-514 -2.2109375 0.6201172 -2.7939453 125.18293 -443.7195 445.42685	
2022-08-21-19:56:20-519 -2.6010742 -0.52685547 -2.6689453 -195.36586 -118.71951 303.5366	
2022-08-21-19:56:20-524 -1.828125 -1.6625977 -2.2578125 -259.14636 -234.7561 217.5	
2022-08-21-19:56:20-529 -1.6025391 -1.5712891 -2.519043 -78.84147 -338.65854 211.5244	
2022-08-21-19:56:20-534 -1.4179688 -1.3920898 -2.6323242 -38.59756 -369.63416 225.18294	
2022-08-21-19:56:20-771 -1.1953125 -1.0239258 -2.7939453 -12.134147 -401.70734 240.7927	
2022-08-21-19:56:20-774 -1.1040039 -0.77246094 -3.0273438 -40.670734 -405.12195 226.46342	
2022-08-21-19:56:20-776 -0.9892578 -0.89160156 -3.270996 -132.56097 -401.2195 181.34146	
2022-08-21-19:56:20-780 -0.8652344 -1.3364258 -3.4472656 -172.5 -389.57318 125.73171	
2022-08-21-19:56:20-783 -0.3305664 -1.390625 -3.2944336 -93.23171 -354.0854 84.268295	
2022-08-21-19:56:20-785 0.28222656 -1.3828125 -3.1982422 -57.743904 -258.65854 51.15854	
2022-08-21-19:56:20-787 1.1987305 -1.3193359 -3.1323242 -53.048782 -112.31708 5.792683	
2022-08-21-19:56:20-789 2.2192383 -0.75927734 -2.3769531 -7.1341467 63.90244 -74.268295	
2022-08-21-19:56:20-791 3.6645508 -0.30029297 -0.73535156 -15.182927 252.68294 -176.03659	
2022-08-21-19:56:20-793 3.5581055 -0.6044922 0.10205078 -56.036587 467.0122 -228.84146	
2022-08-21-19:56:20-796 2.2368164 -0.6142578 -0.8232422 32.439026 654.6951 -196.46342	
2022-08-21-19:56:20-801 0.95410156 -0.28564453 -2.3769531 76.03659 766.0366 -150.24391	
2022-08-21-19:56:20-805 -0.23779297 -0.5136719 -4.0371094 74.39024 819.63416 -95.79269	
2022-08-21-19:56:20-808 -1.1967773 -0.5 -4.995117 111.951225 826.2805 -57.317074	
2022-08-21-19:56:20-810 -1.5117188 -0.46240234 -4.879883 120.67074 805.73175 -51.036587	
2022-08-21-19:56:20-812 -1.3842773 -0.4663086 -4.567871 135.12195 756.5854 -56.219513	
2022-08-21-19:56:20-855 0 0 0 0 0 1000	
