2022-08-19-15:37:07-041 0 0 0 0 0 1000	
2022-08-19-15:37:10-258 0 0 0 0 0 1000	
2022-08-19-15:37:22-131 0 0 0 0 0 1000	
2022-08-19-15:37:24-348 0 0 0 0 0 1000	
2022-08-19-15:37:28-513 0 0 0 0 0 1000	
2022-08-19-15:37:30-864 0 0 0 0 0 1000	
2022-08-19-15:37:35-084 0 0 0 0 0 1000	
2022-08-19-15:37:38-507 0 0 0 0 0 1000	
2022-08-19-15:37:41-608 0 0 0 0 0 1000	
2022-08-19-15:37:45-139 0 0 0 0 0 1000	
2022-08-19-15:37:48-245 0 0 0 0 0 1000	
2022-08-19-15:37:50-669 0 0 0 0 0 1000	
2022-08-19-15:37:54-814 0 0 0 0 0 1000	
2022-08-19-15:37:57-841 0 0 0 0 0 1000	
2022-08-19-15:38:01-021 0 0 0 0 0 1000	
2022-08-19-15:38:04-051 0 0 0 0 0 1000	
2022-08-19-15:38:07-663 0 0 0 0 0 1000	
2022-08-19-15:38:10-452 0 0 0 0 0 1000	
2022-08-19-15:38:14-056 0 0 0 0 0 1000	
2022-08-19-15:38:17-328 0 0 0 0 0 1000	
