2022-08-19-16:55:09-957 0 0 0 0 0 1000	
2022-08-19-16:55:12-314 0 0 0 0 0 1000	
2022-08-19-16:55:20-830 0 0 0 0 0 1000	
2022-08-19-16:55:23-567 0 0 0 0 0 1000	
2022-08-19-16:55:33-047 0 0 0 0 0 1000	
2022-08-19-16:55:35-911 0 0 0 0 0 1000	
2022-08-19-16:55:44-264 0 0 0 0 0 1000	
2022-08-19-16:55:47-196 0 0 0 0 0 1000	
2022-08-19-16:56:03-898 0 0 0 0 0 1000	
2022-08-19-16:56:06-191 0 0 0 0 0 1000	
2022-08-19-16:56:14-930 0 0 0 0 0 1000	
2022-08-19-16:56:17-637 0 0 0 0 0 1000	
2022-08-19-16:56:27-101 0 0 0 0 0 1000	
2022-08-19-16:56:29-485 0 0 0 0 0 1000	
2022-08-19-16:56:38-179 0 0 0 0 0 1000	
2022-08-19-16:56:41-176 0 0 0 0 0 1000	
2022-08-19-16:56:48-735 0 0 0 0 0 1000	
2022-08-19-16:56:51-017 0 0 0 0 0 1000	
2022-08-19-16:56:59-928 0 0 0 0 0 1000	
2022-08-19-16:57:02-478 0 0 0 0 0 1000	
