2022-08-19-16:51:49-240 0 0 0 0 0 1000	
2022-08-19-16:51:50-164 0.27148438 1.0405273 -0.13916016 18.658537 4.3292685 4.6951222	
2022-08-19-16:51:50-174 0.29052734 1.0258789 -0.107910156 21.524391 12.987805 4.8170733	
2022-08-19-16:51:50-183 0.30273438 1.015625 -0.0703125 26.341463 16.524391 6.0365853	
2022-08-19-16:51:50-195 0.30517578 1.0102539 -0.056640625 31.95122 17.865854 9.329268	
2022-08-19-16:51:50-205 0.31640625 1.0253906 -0.05078125 35.914635 18.841463 15.121951	
2022-08-19-16:51:50-219 0.33203125 1.0527344 -0.052246094 36.15854 23.292683 22.073172	
2022-08-19-16:51:50-230 0.31982422 1.0869141 -0.052734375 30.97561 32.378048 29.207317	
2022-08-19-16:51:50-240 0.3149414 1.0893555 -0.03125 20.243902 37.439026 38.35366	
2022-08-19-16:51:50-250 0.22363281 1.0649414 -0.04638672 9.817074 28.658537 46.40244	
2022-08-19-16:51:50-261 0.22509766 1.0478516 -0.063964844 5.8536587 -6.158537 52.80488	
2022-08-19-16:51:50-271 0.2836914 1.059082 -0.07421875 4.878049 -47.012196 58.65854	
2022-08-19-16:51:50-280 0.3330078 1.0629883 -0.092285156 1.2195122 -65.18293 64.14634	
2022-08-19-16:51:50-292 0.34814453 1.0507812 -0.122558594 -5.304878 -60.121952 68.78049	
2022-08-19-16:51:50-302 0.3544922 1.043457 -0.14160156 -13.231708 -46.82927 72.07317	
2022-08-19-16:51:50-312 0.34472656 1.0478516 -0.14941406 -19.817074 -36.219513 72.5	
2022-08-19-16:51:50-323 0.3618164 1.0302734 -0.13671875 -23.04878 -33.47561 69.756096	
2022-08-19-16:51:51-085 0.35546875 1.0068359 -0.119140625 -23.719513 -28.841465 64.45122	
2022-08-19-16:51:51-095 0.3564453 0.9902344 -0.12548828 -22.012196 -18.04878 58.65854	
2022-08-19-16:51:51-106 0.3623047 0.9765625 -0.13720703 -19.634148 -5.365854 52.560978	
2022-08-19-16:51:51-114 0.37402344 0.953125 -0.140625 -17.987804 4.8170733 45.365856	
2022-08-19-16:51:51-127 0.38427734 0.92041016 -0.13476562 -16.890244 10.487805 37.378048	
2022-08-19-16:51:51-136 0.40234375 0.89697266 -0.125 -15.487805 13.597561 29.573172	
2022-08-19-16:51:51-144 0.40673828 0.8720703 -0.11230469 -13.719513 17.743902 22.560976	
2022-08-19-16:51:51-151 0.41357422 0.8588867 -0.10449219 -11.341464 22.743902 16.40244	
2022-08-19-16:51:51-161 0.4326172 0.8515625 -0.091796875 -8.353659 26.341463 10.731708	
2022-08-19-16:51:51-170 0.45458984 0.8457031 -0.083984375 -5.8536587 28.353659 5.121951	
2022-08-19-16:51:51-178 0.46240234 0.8515625 -0.09472656 -4.1463413 28.04878 0.18292683	
2022-08-19-16:51:51-187 0.48486328 0.85498047 -0.08984375 -3.8414636 26.40244 -3.292683	
2022-08-19-16:51:51-196 0.5097656 0.8642578 -0.07763672 -3.9634147 23.414635 -5.7317076	
2022-08-19-16:51:51-206 0.55078125 0.86572266 -0.06738281 -3.1707318 17.439024 -8.04878	
2022-08-19-16:51:51-215 0.61621094 0.86572266 -0.041015625 -1.2195122 9.085366 -9.878049	
2022-08-19-16:51:51-225 0.66503906 0.86376953 0.0053710938 1.5243902 3.9634147 -10.914635	
2022-08-19-16:51:51-406 0.73291016 0.8613281 0.06640625 5.2439027 6.9512196 -9.573171	
2022-08-19-16:51:51-414 0.78222656 0.9008789 0.095214844 8.109756 15.365854 -4.8170733	
2022-08-19-16:51:51-423 0.8178711 0.9135742 0.08251953 8.170732 22.256098 3.0487804	
2022-08-19-16:51:51-429 0.828125 0.9321289 0.08300781 4.6951222 22.92683 12.804878	
2022-08-19-16:51:51-437 0.8364258 0.94189453 0.087890625 -0.73170733 19.146341 23.719513	
2022-08-19-16:51:51-444 0.8647461 0.9433594 0.122558594 -8.597561 17.865854 36.280487	
2022-08-19-16:51:51-451 0.8774414 0.96484375 0.12597656 -16.463415 18.719513 48.170734	
2022-08-19-16:51:51-461 0.8720703 0.92041016 0.103027344 -22.560976 16.40244 59.146343	
2022-08-19-16:51:51-471 0.8339844 0.90966797 0.064453125 -23.719513 12.439025 71.95122	
2022-08-19-16:51:51-479 0.85302734 0.8798828 0.06689453 -20.42683 6.4634147 84.5122	
2022-08-19-16:51:51-488 0.85009766 0.8496094 0.114746094 -21.524391 4.2073174 94.81708	
2022-08-19-16:51:51-498 0.81103516 0.82373047 0.09814453 -27.560976 6.890244 101.70732	
2022-08-19-16:51:51-509 0.76708984 0.7626953 0.063964844 -32.439026 10.54878 107.86585	
2022-08-19-16:51:51-521 0.7832031 0.7167969 0.10986328 -33.292683 4.6951222 115.54878	
2022-08-19-16:51:51-534 0.76220703 0.69384766 0.09667969 -32.5 -8.536586 117.439026	
2022-08-19-16:51:51-546 0.83984375 0.7036133 0.13232422 -30.853659 -7.3170733 123.414635	
2022-08-19-16:51:51-962 0.8774414 0.72802734 0.0625 -39.45122 18.414635 138.53659	
2022-08-19-16:51:51-967 0.7734375 0.73828125 -0.07714844 -80.18293 57.68293 150.85367	
2022-08-19-16:51:51-970 0.7631836 0.7260742 -0.2861328 -80.18293 57.68293 150.85367	
2022-08-19-16:51:51-975 0.78759766 0.6328125 -0.7783203 -165.12195 87.19512 159.81708	
2022-08-19-16:51:51-978 0.90966797 0.2006836 -0.37304688 -312.86588 123.597565 158.2927	
2022-08-19-16:51:51-982 -0.34277344 -0.13183594 0.17675781 -451.0366 230.42683 136.82927	
2022-08-19-16:51:51-986 -0.42919922 -0.12548828 0.1850586 -448.0488 198.78049 113.04878	
2022-08-19-16:51:51-990 0.41992188 0.13183594 -0.07470703 -355.48782 24.634148 74.20732	
2022-08-19-16:51:51-996 0.7368164 0.54052734 -0.5058594 -165.36586 -64.32927 -41.646343	
2022-08-19-16:51:52-000 0.18603516 0.42089844 0.03515625 102.13415 -167.98781 -227.13416	
2022-08-19-16:51:52-005 -0.5263672 0.89404297 0.25390625 320.97562 -440.5488 -448.84146	
2022-08-19-16:51:52-009 -1.2426758 1.9589844 -1.8491211 466.89026 -612.0122 -573.71954	
2022-08-19-16:51:52-020 2.6572266 2.104004 -1.4277344 418.47562 -370.73172 -460.91464	
2022-08-19-16:51:52-024 0.87597656 1.527832 -0.2211914 195.67073 180.12195 -80.73171	
2022-08-19-16:51:52-032 0.4790039 0.5395508 0.72314453 -6.3414636 426.5854 135.0	
2022-08-19-16:51:52-038 1.2265625 0.3618164 0.39404297 -17.134148 53.65854 129.39024	
2022-08-19-16:51:52-260 1.7089844 0.28173828 0.1484375 86.951225 -231.64635 122.86586	
2022-08-19-16:51:52-267 2.2080078 0.56689453 -0.14160156 134.87805 -254.5122 113.96342	
2022-08-19-16:51:52-280 2.7211914 0.6713867 -0.2133789 142.86586 -182.98781 94.87805	
2022-08-19-16:51:52-291 3.5410156 0.30908203 0.14990234 154.0244 -96.28049 90.48781	
2022-08-19-16:51:52-303 3.9335938 -0.47802734 0.4086914 163.10976 -25.182928 108.84147	
2022-08-19-16:51:52-313 4.061035 -1.1064453 0.21875 164.87805 19.146341 121.03659	
2022-08-19-16:51:52-325 3.8671875 -1.5297852 -0.015136719 132.68292 5.792683 136.64635	
2022-08-19-16:51:52-335 3.4682617 -2.2363281 0.23730469 76.34147 -0.18292683 195.60976	
2022-08-19-16:51:52-344 2.0732422 -2.5361328 0.50390625 -5.365854 174.2683 275.91464	
2022-08-19-16:51:52-357 0.9580078 -2.588379 1.1176758 -99.085365 400.06097 306.0366	
2022-08-19-16:51:52-368 1.3740234 -1.730957 1.0268555 -140.67073 150.06097 196.7683	
2022-08-19-16:51:52-377 1.2885742 0.6376953 -0.78027344 -66.52439 -354.02438 24.45122	
2022-08-19-16:51:52-385 -2.071289 3.0888672 -0.5551758 -15.304878 -368.9634 0.91463417	
2022-08-19-16:51:52-397 -1.8452148 7.7734375 -1.7084961 -145.48781 10.365854 78.10976	
2022-08-19-16:51:52-408 0.8046875 4.5683594 -0.4560547 -467.68295 138.17073 -63.414635	
2022-08-19-16:51:52-417 -4.0410156 -1.2402344 -3.3129883 -671.0976 439.14636 -259.2683	
2022-08-19-16:51:52-752 0.71484375 0.47216797 1.6298828 -205.7927 233.90245 164.51219	
2022-08-19-16:51:52-764 -1.4414062 1.4052734 0.9633789 372.98782 -288.17075 400.36588	
2022-08-19-16:51:52-775 -1.7954102 1.0791016 0.079589844 240.67073 87.68293 -57.37805	
2022-08-19-16:51:52-786 0.47705078 0.484375 -0.0043945312 -96.15854 230.60976 -92.37805	
2022-08-19-16:51:52-797 1.440918 0.640625 -0.31347656 -149.39024 -15.182927 72.743904	
2022-08-19-16:51:52-809 1.3125 0.72998047 -0.18896484 -32.134148 -23.109756 25.487806	
2022-08-19-16:51:52-819 1.4155273 1.0234375 -0.3774414 61.341465 52.92683 -50.609756	
2022-08-19-16:51:52-831 1.2553711 0.72314453 -0.33203125 40.487804 33.963417 -31.463415	
2022-08-19-16:51:52-843 1.3076172 0.7504883 -0.2998047 -44.390244 22.134148 34.7561	
2022-08-19-16:51:52-855 1.1367188 0.61621094 0.04248047 -71.46342 19.512196 55.670734	
2022-08-19-16:51:52-868 1.019043 0.7216797 -0.13232422 -18.170732 42.621952 15.060976	
2022-08-19-16:51:52-880 1.2573242 0.7480469 -0.29296875 34.390244 14.268293 -22.195122	
2022-08-19-16:51:52-893 1.2827148 0.73535156 -0.27734375 25.304878 -5.97561 -12.134147	
2022-08-19-16:51:52-909 1.1201172 0.6245117 -0.18945312 -21.40244 24.87805 16.646341	
2022-08-19-16:51:52-923 0.9790039 0.5917969 -0.0034179688 -43.23171 48.170734 23.90244	
2022-08-19-16:51:52-935 1.2666016 0.6689453 0.001953125 -10.914635 25.243902 12.195122	
2022-08-19-16:51:53-227 1.1030273 0.6147461 -0.38378906 20.487804 -10.487805 -9.878049	
2022-08-19-16:51:53-236 1.0146484 0.6557617 -0.3564453 10.426829 -6.7073174 -12.987805	
2022-08-19-16:51:53-243 1.2231445 0.64404297 -0.08105469 -10.792684 -13.597561 13.780488	
2022-08-19-16:51:53-250 1.1542969 0.63623047 -0.15185547 -13.597561 -12.378049 17.256098	
2022-08-19-16:51:53-264 1.0673828 0.56884766 -0.1328125 -4.878049 9.268292 1.7682927	
2022-08-19-16:51:53-274 1.0698242 0.66015625 -0.15820312 7.1951222 6.52439 0.91463417	
2022-08-19-16:51:53-281 1.206543 0.6635742 -0.2368164 12.743903 -19.024391 6.3414636	
2022-08-19-16:51:53-287 1.0229492 0.6303711 -0.2109375 -3.8414636 -15.426829 7.9268293	
2022-08-19-16:51:53-293 0.9628906 0.61376953 -0.08984375 -16.890244 9.512196 10.731708	
2022-08-19-16:51:53-299 0.9560547 0.7319336 -0.16894531 -3.5365853 0.91463417 8.841464	
2022-08-19-16:51:53-305 0.90966797 0.82373047 -0.21435547 11.585366 -19.87805 7.378049	
2022-08-19-16:51:53-313 0.9663086 0.8754883 -0.234375 10.365854 -26.95122 10.365854	
2022-08-19-16:51:53-322 0.90966797 0.78027344 -0.27783203 5.670732 -26.219513 16.341463	
2022-08-19-16:51:53-328 0.60498047 0.7792969 -0.4711914 10.487805 -9.756098 32.80488	
2022-08-19-16:51:53-333 0.2211914 0.9355469 -0.48388672 28.04878 5.0 63.78049	
2022-08-19-16:51:53-338 0.13330078 1.3227539 -0.4038086 60.609756 -11.829268 98.53659	
2022-08-19-16:51:53-622 0.28076172 1.5151367 -0.27294922 104.085365 -62.134148 116.82927	
2022-08-19-16:51:53-636 0.08691406 1.5214844 -0.3466797 135.60976 -77.68293 95.243904	
2022-08-19-16:51:53-647 -0.029785156 1.2666016 -0.32617188 140.42683 -65.60976 67.256096	
2022-08-19-16:51:53-657 0.107910156 1.0161133 -0.2524414 133.17073 -93.53659 53.35366	
2022-08-19-16:51:53-668 0.7753906 0.9355469 -0.3725586 131.28049 -108.597565 42.2561	
2022-08-19-16:51:53-678 0.5522461 0.55859375 -0.2290039 100.97561 -39.634148 14.085366	
2022-08-19-16:51:53-687 0.47607422 0.18847656 -0.049804688 48.414635 41.463417 -56.219513	
2022-08-19-16:51:53-696 0.828125 0.025878906 -0.2055664 47.012196 -27.621952 -125.79269	
2022-08-19-16:51:53-704 1.0097656 -0.08642578 -0.4350586 51.341465 -110.73171 -156.28049	
2022-08-19-16:51:53-715 1.1591797 -0.13476562 -0.38085938 31.036587 -69.939026 -152.56097	
2022-08-19-16:51:53-726 1.7519531 -0.18896484 0.13378906 30.97561 9.817074 -149.81708	
2022-08-19-16:51:53-738 1.6713867 -0.24414062 0.036621094 65.85366 -1.8292683 -173.71951	
2022-08-19-16:51:53-747 1.4106445 -0.171875 -0.48242188 75.30488 -75.121956 -189.5122	
2022-08-19-16:51:53-758 1.7915039 -0.15039062 -0.48291016 27.804878 -104.085365 -148.65854	
2022-08-19-16:51:53-769 2.0356445 -0.30371094 0.1015625 -45.792683 -37.560978 -90.30488	
2022-08-19-16:51:53-780 2.0200195 -0.3491211 0.36328125 -74.939026 29.756098 -99.7561	
2022-08-19-16:51:53-941 0 0 0 0 0 1000	
2022-08-19-16:51:56-615 0 0 0 0 0 1000	
2022-08-19-16:51:56-763 0.69970703 0.7519531 -0.123046875 9.3902445 -20.97561 23.109756	
2022-08-19-16:51:56-767 0.6928711 0.75390625 -0.16064453 8.719512 -24.634148 23.719513	
2022-08-19-16:51:56-770 0.7084961 0.76220703 -0.17822266 6.3414636 -26.158537 23.963415	
2022-08-19-16:51:56-774 0.7167969 0.7763672 -0.16503906 3.9634147 -24.512196 21.95122	
2022-08-19-16:51:56-776 0.7167969 0.8027344 -0.1538086 4.2073174 -20.182928 17.37805	
2022-08-19-16:51:56-780 0.69384766 0.80615234 -0.18457031 6.7073174 -16.585365 11.707317	
2022-08-19-16:51:56-783 0.6928711 0.79248047 -0.2133789 8.719512 -15.121951 7.9268293	
2022-08-19-16:51:56-785 0.71191406 0.7758789 -0.21044922 8.902439 -15.731708 6.097561	
2022-08-19-16:51:56-788 0.70996094 0.78125 -0.20654297 8.536586 -16.09756 5.2439027	
2022-08-19-16:51:56-790 0.68896484 0.79052734 -0.2241211 8.170732 -13.47561 5.365854	
2022-08-19-16:51:56-795 0.65966797 0.79345703 -0.27001953 6.280488 -8.841464 5.97561	
2022-08-19-16:51:56-797 0.6381836 0.7895508 -0.30810547 2.0731707 -5.609756 6.158537	
2022-08-19-16:51:56-800 0.6201172 0.79296875 -0.30859375 -2.6219513 -6.8292685 5.0	
2022-08-19-16:51:56-803 0.6352539 0.8066406 -0.3154297 -4.9390244 -9.085366 2.7439024	
2022-08-19-16:51:56-806 0.63427734 0.83447266 -0.34326172 -5.97561 -4.2073174 0.6097561	
2022-08-19-16:51:56-808 0.63916016 0.8461914 -0.3857422 -7.4390244 4.634146 -0.36585367	
2022-08-19-16:51:57-187 0.59716797 0.83154297 -0.4169922 -9.817074 12.987805 -1.097561	
2022-08-19-16:51:57-198 0.56103516 0.8222656 -0.4350586 -11.95122 15.6707325 -1.1585366	
2022-08-19-16:51:57-207 0.53564453 0.8203125 -0.43798828 -12.439025 10.609756 0.5487805	
2022-08-19-16:51:57-215 0.5185547 0.8310547 -0.46289062 -12.012196 2.4390244 3.2317073	
2022-08-19-16:51:57-226 0.5336914 0.84375 -0.48876953 -12.256098 -4.3292685 5.4268293	
2022-08-19-16:51:57-237 0.5317383 0.85595703 -0.5131836 -14.329268 -6.3414636 6.4634147	
2022-08-19-16:51:57-246 0.51904297 0.85546875 -0.51953125 -17.134148 -6.4634147 8.170732	
2022-08-19-16:51:57-256 0.5102539 0.8588867 -0.5078125 -18.719513 -8.536586 11.52439	
2022-08-19-16:51:57-268 0.52246094 0.84521484 -0.49072266 -18.719513 -11.8902445 15.365854	
2022-08-19-16:51:57-279 0.5336914 0.8276367 -0.46875 -17.317074 -14.878049 18.292683	
2022-08-19-16:51:57-290 0.5732422 0.81152344 -0.44384766 -14.634147 -15.731708 19.390244	
2022-08-19-16:51:57-301 0.5761719 0.7944336 -0.45263672 -11.158537 -14.695123 18.292683	
2022-08-19-16:51:57-311 0.5678711 0.77734375 -0.4580078 -8.658537 -14.512196 16.585365	
2022-08-19-16:51:57-321 0.6113281 0.7714844 -0.44677734 -7.1951222 -16.646341 15.792684	
2022-08-19-16:51:57-331 0.6455078 0.73779297 -0.39697266 -5.304878 -19.756098 15.060976	
2022-08-19-16:51:57-340 0.6894531 0.69384766 -0.359375 -0.85365856 -22.560976 14.939025	
2022-08-19-16:51:57-599 0.8022461 0.6699219 -0.3251953 5.670732 -28.719513 17.560976	
2022-08-19-16:51:57-604 0.84521484 0.6352539 -0.31396484 12.195122 -43.963417 20.853659	
2022-08-19-16:51:57-612 0.8881836 0.6352539 -0.33740234 16.463415 -53.536587 25.731709	
2022-08-19-16:51:57-621 0.94091797 0.6352539 -0.32421875 16.036585 -45.0 35.670734	
2022-08-19-16:51:57-629 0.8901367 0.60546875 -0.26660156 11.585366 -12.560976 47.012196	
2022-08-19-16:51:57-636 0.83740234 0.58935547 -0.22070312 8.597561 23.780489 55.792683	
2022-08-19-16:51:57-641 0.7207031 0.5966797 -0.25439453 7.9268293 42.5 59.207317	
2022-08-19-16:51:57-646 0.6357422 0.5756836 -0.27539062 5.0609756 43.414635 54.085365	
2022-08-19-16:51:57-652 0.55371094 0.48242188 -0.3076172 -4.512195 34.45122 42.80488	
2022-08-19-16:51:57-658 0.55566406 0.41064453 -0.25390625 -17.743902 18.841463 30.0	
2022-08-19-16:51:57-664 0.5136719 0.32714844 -0.17089844 -26.524391 5.5487804 17.195122	
2022-08-19-16:51:57-671 0.60839844 0.20703125 0.03173828 -26.707317 2.5 0.42682928	
2022-08-19-16:51:57-676 0.6738281 0.1352539 0.20019531 -17.621952 17.439024 -20.54878	
2022-08-19-16:51:57-680 0.79541016 0.17626953 0.05126953 -3.1707318 37.317074 -34.7561	
2022-08-19-16:51:57-685 1.1147461 0.51123047 -0.25146484 4.8170733 3.9634147 -29.45122	
2022-08-19-16:51:57-689 1.3457031 0.7993164 -0.36621094 -10.304878 -56.09756 -19.024391	
2022-08-19-16:51:57-964 1.6020508 1.3398438 -0.31054688 -36.40244 -89.268295 18.536585	
2022-08-19-16:51:57-973 1.8925781 1.4140625 -0.1640625 -51.768295 -88.71951 88.17073	
2022-08-19-16:51:57-983 1.9453125 1.1674805 -0.31933594 -48.90244 -56.15854 140.42683	
2022-08-19-16:51:57-993 2.385254 0.72753906 -0.2836914 -11.219512 -51.15854 165.97562	
2022-08-19-16:51:58-003 3.1669922 -0.09765625 0.123046875 47.5 -60.487804 155.7927	
2022-08-19-16:51:58-010 3.7216797 -1.2182617 0.54833984 129.51219 -64.63415 101.15854	
2022-08-19-16:51:58-020 4.3066406 -1.7973633 0.2602539 200.97562 -51.890244 55.85366	
2022-08-19-16:51:58-029 4.0463867 -1.8798828 -0.25927734 175.7927 31.463415 75.36585	
2022-08-19-16:51:58-038 3.2050781 -2.5668945 0.4477539 68.10976 174.08537 194.45122	
2022-08-19-16:51:58-047 1.6289062 -3.09375 1.1962891 -28.658537 350.7927 331.40244	
2022-08-19-16:51:58-055 0.6660156 -3.4389648 1.7216797 -113.23171 287.31708 323.41464	
2022-08-19-16:51:58-064 1.4033203 -2.604004 1.1660156 -118.10976 -131.03659 162.98781	
2022-08-19-16:51:58-073 0.3720703 -0.1665039 -0.42626953 -58.59756 -300.0 13.841464	
2022-08-19-16:51:58-081 -4.150879 3.5195312 -0.37402344 -91.34147 -79.756096 -34.390244	
2022-08-19-16:51:58-091 -1.6967773 9.084961 -1.097168 -304.32928 -165.7927 -96.82927	
2022-08-19-16:51:58-103 0.8071289 5.7680664 -2.1503906 -615.6708 -74.45122 -227.80489	
2022-08-19-16:51:58-452 -0.6269531 -0.24707031 -2.4624023 -440.42685 285.91464 -5.365854	
2022-08-19-16:51:58-464 0.4501953 1.1303711 1.355957 362.68292 -54.45122 295.0	
2022-08-19-16:51:58-475 -1.0371094 1.8032227 1.5444336 420.5488 128.78049 85.36585	
2022-08-19-16:51:58-487 -0.9379883 0.94384766 0.22265625 -94.451225 283.65854 -7.378049	
2022-08-19-16:51:58-498 0.52246094 0.15820312 -0.68359375 -259.20734 116.70732 102.0122	
2022-08-19-16:51:58-510 0.52783203 0.56152344 -0.14501953 -16.82927 79.87805 81.89024	
2022-08-19-16:51:58-522 0.18408203 0.57910156 -0.19824219 94.20732 186.70732 -35.792683	
2022-08-19-16:51:58-534 0.8100586 0.58984375 -0.5620117 -24.32927 154.14635 -55.73171	
2022-08-19-16:51:58-543 1.5698242 0.47070312 -0.16748047 -94.57317 48.65854 24.085367	
2022-08-19-16:51:58-554 1.0566406 0.47070312 0.2421875 -38.47561 28.90244 66.70732	
2022-08-19-16:51:58-564 0.76953125 0.59277344 0.1694336 40.85366 44.146343 4.5731707	
2022-08-19-16:51:58-576 1.1235352 0.67822266 -0.1875 50.121952 -21.09756 -33.292683	
2022-08-19-16:51:58-585 1.6572266 0.78515625 -0.25634766 13.597561 -49.7561 -10.060976	
2022-08-19-16:51:58-594 1.3945312 0.70214844 0.37158203 -16.09756 38.109756 7.6219516	
2022-08-19-16:51:58-604 1.1279297 0.5595703 0.3486328 -6.280488 68.78049 2.9268293	
2022-08-19-16:51:58-612 1.0576172 0.54052734 0.24560547 4.634146 4.02439 2.9268293	
2022-08-19-16:51:58-781 1.1845703 0.6850586 0.17529297 -10.304878 -12.621951 3.902439	
2022-08-19-16:51:58-785 1.1308594 0.53271484 0.15820312 -12.134147 -7.9268293 6.646342	
2022-08-19-16:51:58-789 1.0385742 0.5263672 0.1459961 -0.91463417 6.3414636 2.987805	
2022-08-19-16:51:58-793 1.0639648 0.4716797 0.049316406 -4.268293 5.97561 -0.6707317	
2022-08-19-16:51:58-799 1.1367188 0.4423828 -0.045410156 -17.743902 -9.45122 11.036586	
2022-08-19-16:51:58-803 1.0625 0.36865234 0.037109375 -25.914635 -6.52439 18.59756	
2022-08-19-16:51:58-806 0.98583984 0.34277344 0.0014648438 -9.939025 -4.4512196 12.865854	
2022-08-19-16:51:58-808 0.9975586 0.45117188 4.8828125E-4 5.97561 -11.707317 2.7439024	
2022-08-19-16:51:58-811 0.95458984 0.41015625 -0.09814453 1.8902439 0.06097561 -5.914634	
2022-08-19-16:51:58-817 1.0097656 0.36083984 -0.056152344 -15.6707325 -0.5487805 0.06097561	
2022-08-19-16:51:58-821 1.1738281 0.390625 -0.067871094 -21.768293 -12.804878 6.097561	
2022-08-19-16:51:58-826 1.1518555 0.42382812 -0.12646484 -15.304878 5.304878 -2.7439024	
2022-08-19-16:51:58-830 1.1210938 0.43359375 -0.03125 -9.268292 22.987806 -5.97561	
2022-08-19-16:51:58-835 1.1738281 0.5336914 -0.18798828 -4.9390244 1.9512196 -5.2439027	
2022-08-19-16:51:58-839 1.2836914 0.6152344 -0.114746094 -8.04878 -4.512195 -5.0	
2022-08-19-16:51:58-843 1.0039062 0.6040039 0.027832031 -11.646341 20.487804 -6.646342	
2022-08-19-16:51:59-011 1.1005859 0.6357422 0.057617188 3.6585367 1.8902439 -4.6951222	
2022-08-19-16:51:59-016 1.0410156 0.6743164 0.0546875 15.426829 -27.256098 -2.8658538	
2022-08-19-16:51:59-021 0.88134766 0.7729492 0.05859375 9.939025 -18.170732 -6.0365853	
2022-08-19-16:51:59-028 0.5878906 0.6694336 -0.104003906 2.2560976 -5.182927 -4.5731707	
2022-08-19-16:51:59-034 0.4189453 0.63720703 -0.1899414 5.609756 -14.146341 5.182927	
2022-08-19-16:51:59-038 0.69677734 0.9165039 0.049804688 34.7561 -13.414635 12.5	
2022-08-19-16:51:59-042 0.2368164 1.1479492 -0.07910156 65.243904 43.414635 15.060976	
2022-08-19-16:51:59-046 -0.18603516 1.4272461 -0.1821289 80.79269 56.09756 43.59756	
2022-08-19-16:51:59-050 0.26416016 1.5708008 0.029785156 79.81708 -20.54878 76.64635	
2022-08-19-16:51:59-055 0.5234375 1.3134766 -0.15722656 73.53659 -79.39024 75.67073	
2022-08-19-16:51:59-061 0.54785156 0.9453125 -0.3100586 75.54878 -37.621952 69.81708	
2022-08-19-16:51:59-066 0.8310547 0.9658203 -0.2133789 83.04878 39.085365 56.95122	
2022-08-19-16:51:59-071 0.60839844 0.49316406 0.18164062 69.87805 60.914635 10.243902	
2022-08-19-16:51:59-077 0.92578125 0.3095703 -0.05859375 97.0122 10.853659 -36.707317	
2022-08-19-16:51:59-082 1.0893555 -0.048828125 -0.13671875 89.756096 -25.609756 -59.7561	
2022-08-19-16:51:59-086 1.3374023 -0.25732422 0.08496094 50.121952 -28.536587 -69.14634	
2022-08-19-16:51:59-242 0 0 0 0 0 1000	
2022-08-19-16:51:59-251 0 0 0 0 0 1000	
2022-08-19-16:52:02-446 0 0 0 0 0 1000	
2022-08-19-16:52:02-935 0.6567383 0.6411133 -0.20458984 -98.84147 -226.82927 154.51219	
2022-08-19-16:52:02-942 0.82470703 0.59814453 -0.20654297 -81.89024 -243.78049 156.34146	
2022-08-19-16:52:02-950 0.8383789 0.54541016 -0.19384766 -62.073174 -226.5244 143.84146	
2022-08-19-16:52:02-960 0.8076172 0.50634766 -0.11328125 -39.573174 -185.7927 119.69512	
2022-08-19-16:52:02-969 0.8359375 0.4736328 -0.09472656 -9.695122 -166.03659 93.47561	
2022-08-19-16:52:02-977 0.81152344 0.4584961 -0.1640625 24.756098 -154.14635 68.414635	
2022-08-19-16:52:02-985 0.79833984 0.4663086 -0.25878906 49.45122 -123.17074 50.243904	
2022-08-19-16:52:02-996 0.8496094 0.4350586 -0.30615234 60.548782 -93.96342 46.09756	
2022-08-19-16:52:03-005 0.90722656 0.46923828 -0.34814453 62.317074 -54.817074 50.365856	
2022-08-19-16:52:03-017 0.93847656 0.484375 -0.3256836 56.15854 -14.756098 56.40244	
2022-08-19-16:52:03-026 0.8598633 0.45263672 -0.3046875 47.560978 3.2317073 56.585365	
2022-08-19-16:52:03-035 0.8310547 0.44091797 -0.28564453 41.036587 12.682927 50.73171	
2022-08-19-16:52:03-043 0.77001953 0.44189453 -0.3125 38.292683 12.682927 46.09756	
2022-08-19-16:52:03-050 0.7519531 0.46142578 -0.35302734 37.682926 4.9390244 40.792683	
2022-08-19-16:52:03-060 0.8041992 0.48779297 -0.4008789 36.219513 -6.52439 35.85366	
2022-08-19-16:52:03-070 0.80322266 0.4873047 -0.40673828 30.121952 -10.121951 30.731709	
2022-08-19-16:52:03-568 0.82958984 0.46972656 -0.42236328 22.134148 -6.2195125 23.841463	
2022-08-19-16:52:03-577 0.86035156 0.49072266 -0.4482422 17.37805 -4.4512196 17.195122	
2022-08-19-16:52:03-581 0.8208008 0.44677734 -0.43066406 14.085366 -1.6463414 11.402439	
2022-08-19-16:52:03-587 0.8051758 0.43945312 -0.4086914 11.219512 10.853659 7.378049	
2022-08-19-16:52:03-593 0.7504883 0.43798828 -0.43359375 12.317074 24.146341 6.097561	
2022-08-19-16:52:03-598 0.6982422 0.5004883 -0.43066406 14.268293 28.90244 5.97561	
2022-08-19-16:52:03-604 0.6123047 0.57128906 -0.3930664 14.085366 28.353659 4.085366	
2022-08-19-16:52:03-609 0.46728516 0.73583984 -0.4580078 13.536586 26.890245 -4.3292685	
2022-08-19-16:52:03-616 0.4482422 0.9555664 -0.56591797 9.207317 19.085367 -15.060976	
2022-08-19-16:52:03-623 0.4399414 0.9658203 -0.68115234 -6.097561 5.2439027 -19.573172	
2022-08-19-16:52:03-629 0.38623047 0.8178711 -0.60791016 -35.85366 5.670732 -19.085367	
2022-08-19-16:52:03-638 0.2939453 0.61328125 -0.47460938 -59.87805 -4.878049 -14.634147	
2022-08-19-16:52:03-644 0.26708984 0.29785156 -0.27978516 -60.243904 -16.280489 -0.6707317	
2022-08-19-16:52:03-653 0.5644531 0.19335938 -0.05078125 -39.573174 -2.6219513 30.97561	
2022-08-19-16:52:03-661 0.87109375 0.22021484 -0.088378906 -2.378049 13.47561 67.98781	
2022-08-19-16:52:03-668 0.85498047 0.19140625 -0.25195312 17.92683 39.268295 84.39024	
2022-08-19-16:52:03-901 1.0268555 -0.09033203 -0.0126953125 5.8536587 30.731709 87.98781	
2022-08-19-16:52:03-909 1.8339844 -0.6279297 0.107910156 -3.0487804 -28.170732 95.67073	
2022-08-19-16:52:03-918 2.4868164 -1.0415039 -0.0126953125 8.414635 -22.195122 93.35366	
2022-08-19-16:52:03-928 2.9995117 -1.3125 0.0078125 16.646341 29.085367 69.57317	
2022-08-19-16:52:03-936 3.5844727 -1.2744141 -0.20019531 35.548782 -13.780488 21.768293	
2022-08-19-16:52:03-943 4.1655273 -1.2680664 -0.33251953 71.82927 -111.34147 2.6219513	
2022-08-19-16:52:03-952 3.817871 -1.6293945 -0.27734375 62.80488 -47.987804 68.78049	
2022-08-19-16:52:03-961 2.7441406 -2.211914 -0.26953125 20.670732 133.59756 159.63416	
2022-08-19-16:52:03-971 2.0517578 -2.4770508 0.061523438 -12.743903 237.19513 212.13416	
2022-08-19-16:52:03-980 2.0708008 -2.4160156 0.6430664 -21.707317 166.40244 196.82927	
2022-08-19-16:52:03-990 2.1020508 -1.7871094 0.31884766 6.768293 -18.47561 110.48781	
2022-08-19-16:52:03-999 0.9189453 -0.5732422 -0.68066406 32.92683 -91.28049 34.390244	
2022-08-19-16:52:04-008 -0.7480469 1.2241211 0.3857422 16.036585 4.2073174 34.207317	
2022-08-19-16:52:04-020 -1.2446289 3.540039 1.6469727 -57.012196 25.54878 73.53659	
2022-08-19-16:52:04-030 -1.3837891 5.145508 0.2368164 -140.24391 -57.37805 -3.2317073	
2022-08-19-16:52:04-041 -1.5229492 4.875 -1.9780273 -265.42685 -61.52439 -131.40244	
2022-08-19-16:52:04-209 -0.49902344 0.81884766 -1.7094727 -426.89026 73.04878 -86.585365	
2022-08-19-16:52:04-216 0.7373047 -0.23486328 -0.57910156 -387.43903 37.865856 74.20732	
2022-08-19-16:52:04-223 -0.1352539 1.5532227 -0.14111328 -22.317074 -40.182926 131.03659	
2022-08-19-16:52:04-234 -1.0419922 1.1953125 -0.07519531 209.2683 131.70732 53.475613	
2022-08-19-16:52:04-246 -0.21679688 0.6586914 0.4584961 74.14634 200.06097 1.8292683	
2022-08-19-16:52:04-262 1.2431641 0.6035156 0.25683594 -45.487804 71.89024 34.69512	
2022-08-19-16:52:04-274 1.6884766 0.44433594 -0.27685547 -41.82927 -20.365854 20.487804	
2022-08-19-16:52:04-287 1.6030273 0.52490234 -0.6484375 -12.560976 23.90244 -25.060976	
2022-08-19-16:52:04-301 1.3603516 0.51220703 -0.49121094 14.634147 38.170734 -12.012196	
2022-08-19-16:52:04-313 0.9116211 0.4296875 -0.2685547 32.80488 17.743902 28.47561	
2022-08-19-16:52:04-326 0.93896484 0.7260742 -0.25585938 19.634148 34.02439 26.158537	
2022-08-19-16:52:04-339 1.2104492 0.8144531 -0.036621094 -3.5975611 35.792683 -8.658537	
2022-08-19-16:52:04-349 1.3359375 0.64501953 -0.03955078 -3.1097562 9.268292 -23.841463	
2022-08-19-16:52:04-360 1.5908203 0.7373047 0.0390625 13.292684 -30.792685 -14.146341	
2022-08-19-16:52:04-372 1.5922852 0.56640625 0.03857422 2.9268293 -28.719513 -6.158537	
2022-08-19-16:52:04-384 1.496582 0.5644531 0.07763672 -8.170732 7.7439027 -13.536586	
2022-08-19-16:52:04-747 1.6245117 0.6879883 -0.051757812 14.207317 2.195122 -9.146341	
2022-08-19-16:52:04-754 1.3720703 0.6723633 -0.12548828 26.036587 -21.524391 2.5	
2022-08-19-16:52:04-758 1.2016602 0.48291016 -0.048339844 -6.768293 -6.7073174 20.853659	
2022-08-19-16:52:04-762 1.2646484 0.4741211 4.8828125E-4 -36.40244 5.2439027 29.695122	
2022-08-19-16:52:04-766 1.1982422 0.46777344 -0.008300781 -31.09756 13.902439 13.04878	
2022-08-19-16:52:04-769 1.1865234 0.64501953 0.029296875 -0.24390244 17.317074 -3.4146342	
2022-08-19-16:52:04-774 1.1708984 0.6977539 0.0048828125 29.32927 -8.414635 -6.0365853	
2022-08-19-16:52:04-777 1.3149414 0.84521484 0.011230469 37.134148 -30.54878 -4.1463413	
2022-08-19-16:52:04-780 1.1943359 0.97021484 -0.19189453 32.439026 -26.341463 10.670732	
2022-08-19-16:52:04-784 0.8930664 1.1914062 -0.81152344 31.463415 1.8292683 37.5	
2022-08-19-16:52:04-790 0.49365234 2.25 -0.85253906 49.45122 35.0 86.34147	
2022-08-19-16:52:04-795 0.6123047 3.1137695 -0.044921875 110.914635 30.731709 158.17073	
2022-08-19-16:52:04-798 0.12548828 2.5092773 0.45898438 206.34146 16.463415 197.56097	
2022-08-19-16:52:04-802 0.016601562 1.8554688 0.11279297 323.84146 129.32927 186.34146	
2022-08-19-16:52:04-805 0.023925781 1.0097656 -0.1328125 368.65854 251.46342 176.89024	
2022-08-19-16:52:04-808 -0.118652344 0.38330078 -0.21240234 320.73172 275.12195 141.46342	
2022-08-19-16:52:04-985 -0.041015625 -0.18066406 -0.25927734 248.10976 251.70732 82.621956	
2022-08-19-16:52:04-990 0.08203125 -0.4453125 0.09863281 177.68294 199.0244 29.268293	
2022-08-19-16:52:04-995 0.4716797 -0.6435547 0.36376953 132.31708 107.2561 -28.780489	
2022-08-19-16:52:05-001 0.52734375 -0.703125 0.13330078 116.52439 -3.7195122 -106.70732	
2022-08-19-16:52:05-005 0.6411133 -0.5722656 0.08935547 108.71951 -77.19512 -174.69513	
2022-08-19-16:52:05-009 1.0649414 -0.40722656 0.4951172 81.95122 -135.7317 -189.93903	
2022-08-19-16:52:05-014 1.315918 -0.31445312 0.85498047 36.768295 -143.10976 -164.08537	
2022-08-19-16:52:05-018 1.2480469 -0.36132812 0.8076172 15.609756 -105.243904 -134.32927	
2022-08-19-16:52:05-024 1.2011719 -0.38330078 0.6645508 21.158537 -83.84147 -130.67073	
2022-08-19-16:52:05-029 1.5615234 -0.21289062 1.2758789 38.719513 -78.96342 -154.32927	
2022-08-19-16:52:05-036 1.6884766 -0.0703125 1.3466797 71.46342 -45.609756 -196.28049	
2022-08-19-16:52:05-041 1.4897461 0.08154297 1.1923828 110.06098 53.65854 -230.67073	
2022-08-19-16:52:05-046 1.3608398 0.15429688 1.0683594 117.5 166.82927 -217.92683	
2022-08-19-16:52:05-050 0.8808594 0.27929688 0.85546875 110.121956 203.47562 -183.53659	
2022-08-19-16:52:05-057 1.0258789 0.43847656 0.6118164 116.34147 46.036587 -170.42683	
2022-08-19-16:52:05-062 1.4179688 0.62402344 0.69970703 104.39024 -193.10976 -159.81708	
2022-08-19-16:52:05-299 1.6191406 0.62841797 1.0791016 69.02439 -258.9634 -133.53659	
2022-08-19-16:52:05-306 1.3261719 0.5083008 1.1567383 49.268295 -192.37805 -115.36586	
2022-08-19-16:52:05-313 1.2099609 0.4921875 1.003418 55.487804 -65.36585 -98.84147	
2022-08-19-16:52:05-320 1.1992188 0.5908203 0.89453125 67.68293 57.19512 -81.21951	
2022-08-19-16:52:05-327 1.1025391 0.7451172 0.8457031 81.95122 149.57318 -82.19512	
2022-08-19-16:52:05-334 1.0161133 0.9199219 0.7207031 102.13415 202.86586 -107.621956	
2022-08-19-16:52:05-341 1.0048828 1.1625977 0.50683594 123.23171 222.56097 -144.08537	
2022-08-19-16:52:05-346 0.7792969 1.3427734 0.1640625 133.35367 223.47562 -176.40245	
2022-08-19-16:52:05-352 0.52197266 1.2456055 0.03955078 99.268295 233.47562 -184.57318	
2022-08-19-16:52:05-358 0.39941406 1.175293 0.049804688 34.817074 199.81708 -162.31708	
2022-08-19-16:52:05-364 0.24267578 1.1425781 -0.017578125 -11.829268 79.69512 -146.64635	
2022-08-19-16:52:05-370 0.11621094 1.0986328 -0.15478516 -40.792683 -55.243904 -134.63416	
2022-08-19-16:52:05-376 0.056152344 1.0371094 -0.2866211 -77.560974 -166.28049 -112.37805	
2022-08-19-16:52:05-382 0.08544922 0.9316406 -0.3876953 -116.34147 -264.20734 -81.89024	
2022-08-19-16:52:05-389 0.1508789 0.8725586 -0.5341797 -140.85367 -358.65854 -48.841465	
2022-08-19-16:52:05-397 0.2524414 0.8652344 -0.64208984 -150.30489 -451.7683 -12.195122	
2022-08-19-16:52:05-414 0 0 0 0 0 1000	
2022-08-19-16:52:09-797 0 0 0 0 0 1000	
2022-08-19-16:52:10-194 0.5595703 0.6796875 -0.30273438 14.02439 20.0 14.207317	
2022-08-19-16:52:10-203 0.5678711 0.7011719 -0.31591797 12.865854 17.621952 6.2195125	
2022-08-19-16:52:10-213 0.5732422 0.7163086 -0.34179688 8.902439 17.5 -1.1585366	
2022-08-19-16:52:10-222 0.5834961 0.71240234 -0.34521484 2.378049 16.341463 -5.304878	
2022-08-19-16:52:10-232 0.5996094 0.7055664 -0.34960938 -3.5975611 12.682927 -9.02439	
2022-08-19-16:52:10-241 0.5913086 0.703125 -0.3388672 -6.8292685 3.2317073 -13.170732	
2022-08-19-16:52:10-250 0.61035156 0.7089844 -0.3227539 -6.158537 -7.0731707 -18.109756	
2022-08-19-16:52:10-260 0.625 0.73046875 -0.3022461 -3.4146342 -10.731708 -24.207317	
2022-08-19-16:52:10-272 0.6230469 0.7602539 -0.3383789 0.18292683 -10.670732 -30.670732	
2022-08-19-16:52:10-282 0.61865234 0.77734375 -0.39404297 2.2560976 -11.646341 -34.939026	
2022-08-19-16:52:10-294 0.60498047 0.77783203 -0.4140625 1.1585366 -13.353659 -37.012196	
2022-08-19-16:52:10-304 0.6635742 0.7758789 -0.3642578 -1.402439 -11.707317 -37.92683	
2022-08-19-16:52:10-315 0.70214844 0.7915039 -0.34326172 -2.5609756 -7.3170733 -39.390244	
2022-08-19-16:52:10-327 0.7128906 0.7939453 -0.35742188 -1.9512196 -3.1097562 -42.19512	
2022-08-19-16:52:10-338 0.74560547 0.8071289 -0.37646484 -1.0365853 1.402439 -44.207317	
2022-08-19-16:52:10-348 0.82421875 0.7919922 -0.3544922 0.85365856 2.987805 -45.670734	
2022-08-19-16:52:10-640 1.074707 0.7290039 -0.20263672 7.9268293 0.79268295 -48.59756	
2022-08-19-16:52:10-646 1.4287109 0.6347656 0.18701172 27.012196 12.317074 -54.146343	
2022-08-19-16:52:10-650 1.6328125 0.55908203 0.5097656 63.35366 69.39024 -67.560974	
2022-08-19-16:52:10-657 1.3164062 0.64990234 0.25683594 99.14635 176.15854 -78.78049	
2022-08-19-16:52:10-662 0.72753906 0.64941406 -0.37451172 87.86585 285.5488 -48.65854	
2022-08-19-16:52:10-668 0.27197266 0.93603516 -0.18017578 -21.341463 408.0488 77.19512	
2022-08-19-16:52:10-675 0.61328125 0.68359375 -0.21875 -219.57318 472.74393 240.12196	
2022-08-19-16:52:10-680 -0.13964844 0.18554688 -1.0537109 -377.07318 263.90244 261.52438	
2022-08-19-16:52:10-686 -0.7919922 0.53466797 -2.150879 -427.31708 -276.7683 87.37805	
2022-08-19-16:52:10-692 1.2509766 1.0517578 -1.2099609 -432.0122 -738.90247 -44.69512	
2022-08-19-16:52:10-701 0.96484375 0.2783203 0.6401367 -332.92685 -637.13416 -129.32927	
2022-08-19-16:52:10-707 0.6328125 0.47705078 0.22949219 17.37805 -325.0 -340.0	
2022-08-19-16:52:10-714 -0.056640625 0.7675781 -0.83203125 300.06097 -136.15854 -430.91464	
2022-08-19-16:52:10-722 1.4130859 1.6831055 -1.2636719 352.56097 -15.365854 -275.12195	
2022-08-19-16:52:10-732 2.6879883 1.1308594 -0.28320312 172.62195 102.80488 -22.439024	
2022-08-19-16:52:10-739 1.9375 0.12792969 0.34472656 7.378049 97.19512 122.98781	
2022-08-19-16:52:11-007 2.359375 -0.078125 0.044921875 -8.109756 -111.28049 157.74391	
2022-08-19-16:52:11-015 2.9780273 0.19091797 -0.5029297 36.646343 -244.93903 168.71951	
2022-08-19-16:52:11-025 3.206543 0.4790039 -0.50390625 57.19512 -149.81708 179.81708	
2022-08-19-16:52:11-035 2.8710938 0.5708008 -0.7631836 108.17073 62.012196 212.92683	
2022-08-19-16:52:11-045 2.3291016 0.67822266 -1.1831055 161.89024 225.97562 271.2805	
2022-08-19-16:52:11-054 1.9086914 0.20605469 -0.93066406 151.09756 254.81708 294.69513	
2022-08-19-16:52:11-065 1.8979492 -0.6015625 -0.4501953 110.67073 185.97562 263.59756	
2022-08-19-16:52:11-074 2.1103516 -1.1635742 0.05517578 89.5122 152.01219 220.91464	
2022-08-19-16:52:11-083 1.7114258 -1.7275391 0.3803711 69.939026 252.07318 201.95122	
2022-08-19-16:52:11-092 1.1459961 -2.2509766 0.62646484 17.37805 281.64636 164.39024	
2022-08-19-16:52:11-101 1.6484375 -2.1953125 0.9682617 -37.2561 58.963417 91.21951	
2022-08-19-16:52:11-109 2.4638672 -1.6176758 1.2070312 -64.268295 -154.32927 49.7561	
2022-08-19-16:52:11-120 1.425293 -0.64941406 0.8120117 -84.02439 -59.87805 43.414635	
2022-08-19-16:52:11-128 -2.3735352 1.0385742 0.8647461 -134.0244 147.19513 15.54878	
2022-08-19-16:52:11-138 -2.7060547 4.130371 -0.49316406 -182.74391 -143.65854 -69.63415	
2022-08-19-16:52:11-143 0.93115234 5.9907227 -2.709961 -309.93903 -348.23172 -152.43903	
2022-08-19-16:52:11-462 -1.3076172 1.7646484 -1.2851562 -517.561 271.2195 -141.34146	
2022-08-19-16:52:11-474 -1.2885742 -0.3930664 -0.9838867 -236.40245 300.7927 41.036587	
2022-08-19-16:52:11-490 -0.09375 0.82177734 0.7973633 191.46342 -92.19512 188.04878	
2022-08-19-16:52:11-504 0.2006836 0.86621094 0.3461914 170.24391 4.3292685 54.817074	
2022-08-19-16:52:11-514 0.11376953 0.6982422 -0.30273438 -57.92683 118.90244 5.0	
2022-08-19-16:52:11-524 0.59228516 0.9614258 -0.2607422 -123.90244 65.85366 101.64635	
2022-08-19-16:52:11-535 0.29492188 0.31201172 0.42236328 -31.890245 43.292683 107.621956	
2022-08-19-16:52:11-542 0.7597656 0.6767578 0.078125 75.18293 45.42683 20.54878	
2022-08-19-16:52:11-548 1.2392578 0.77001953 -0.46484375 51.646343 10.426829 -36.768295	
2022-08-19-16:52:11-555 1.2558594 0.53027344 -0.2944336 -56.036587 14.573171 23.963415	
2022-08-19-16:52:11-563 1.6894531 0.6333008 -0.15673828 -91.951225 -11.8902445 71.64634	
2022-08-19-16:52:11-571 1.0483398 0.22705078 -0.046875 -41.463417 27.804878 46.341465	
2022-08-19-16:52:11-579 1.0727539 0.43945312 -0.095214844 40.365856 27.92683 6.280488	
2022-08-19-16:52:11-587 1.1040039 0.58203125 -0.28173828 59.390244 9.268292 -22.92683	
2022-08-19-16:52:11-596 1.0410156 0.4814453 -0.2734375 12.5 25.731709 -6.280488	
2022-08-19-16:52:11-605 1.0170898 0.44726562 0.005859375 -27.682928 9.329268 26.890245	
2022-08-19-16:52:11-834 1.0097656 0.4008789 0.056640625 -21.707317 -3.1097562 23.963415	
2022-08-19-16:52:11-841 1.0307617 0.46435547 -0.05517578 4.6951222 8.597561 -10.670732	
2022-08-19-16:52:11-848 1.1826172 0.5214844 -0.048828125 22.256098 9.268292 -28.231709	
2022-08-19-16:52:11-856 1.0634766 0.3935547 -0.13671875 19.817074 9.268292 -16.463415	
2022-08-19-16:52:11-863 1.121582 0.39160156 -0.15771484 -1.7682927 0.6707317 4.02439	
2022-08-19-16:52:11-872 1.2519531 0.3828125 -0.15478516 -23.04878 -3.2317073 11.8902445	
2022-08-19-16:52:11-879 1.1499023 0.31884766 -0.1484375 -19.817074 11.158537 7.378049	
2022-08-19-16:52:11-886 1.0830078 0.3095703 -0.07421875 5.7317076 9.695122 1.7682927	
2022-08-19-16:52:11-895 1.206543 0.39257812 -0.20019531 19.634148 -3.7804878 -5.609756	
2022-08-19-16:52:11-902 1.1826172 0.32470703 -0.21142578 1.7682927 6.3414636 -5.487805	
2022-08-19-16:52:11-909 1.1455078 0.32763672 -0.052246094 -16.95122 21.707317 4.1463413	
2022-08-19-16:52:11-916 1.059082 0.2861328 0.04736328 -9.573171 11.707317 4.8170733	
2022-08-19-16:52:11-922 1.2050781 0.3178711 0.05126953 10.304878 -11.585366 -8.109756	
2022-08-19-16:52:11-931 1.3046875 0.39648438 -0.056640625 14.02439 -17.195122 -18.963415	
2022-08-19-16:52:11-938 1.3085938 0.3095703 -0.07470703 -1.6463414 -2.1341465 -11.585366	
2022-08-19-16:52:11-945 1.1787109 0.27392578 -0.05078125 -14.085366 7.9268293 3.5365853	
2022-08-19-16:52:12-073 1.1386719 0.27978516 -0.0043945312 -11.707317 2.1341465 9.268292	
2022-08-19-16:52:12-077 1.1113281 0.3071289 -0.11816406 -4.2073174 -2.378049 5.0	
2022-08-19-16:52:12-081 1.0766602 0.32177734 -0.119140625 -4.2073174 -2.378049 5.0	
2022-08-19-16:52:12-087 1.0864258 0.34179688 -0.16894531 0.4878049 -2.9268293 2.0731707	
2022-08-19-16:52:12-095 1.0512695 0.3569336 -0.26464844 6.097561 -8.353659 7.378049	
2022-08-19-16:52:12-102 1.0546875 0.41357422 -0.17480469 8.292683 -8.292683 15.914635	
2022-08-19-16:52:12-106 0.96484375 0.50439453 -0.16015625 13.04878 6.2195125 26.341463	
2022-08-19-16:52:12-111 0.80810547 0.5073242 -0.2631836 27.439026 21.82927 27.804878	
2022-08-19-16:52:12-117 0.83984375 0.64501953 -0.3046875 41.890244 22.256098 28.109756	
2022-08-19-16:52:12-122 0.84765625 0.9169922 -0.22558594 52.134148 44.390244 46.036587	
2022-08-19-16:52:12-126 0.6557617 1.1743164 -0.07519531 55.914635 97.560974 73.04878	
2022-08-19-16:52:12-131 0.6279297 1.2529297 -0.08496094 63.109756 98.96342 97.19512	
2022-08-19-16:52:12-137 0.76904297 1.2973633 -0.079589844 80.243904 21.341463 110.54878	
2022-08-19-16:52:12-141 0.75097656 1.2753906 -0.13476562 97.743904 -29.32927 112.07317	
2022-08-19-16:52:12-145 1.1772461 1.0737305 -0.22216797 104.02439 -22.256098 108.78049	
2022-08-19-16:52:12-148 0.9873047 0.76953125 -0.080078125 84.63415 37.5 87.439026	
2022-08-19-16:52:12-353 0.8408203 0.58154297 0.34423828 62.98781 100.73171 41.15854	
2022-08-19-16:52:12-359 0.88720703 0.46679688 0.18652344 80.243904 75.060974 -0.06097561	
2022-08-19-16:52:12-364 0.6489258 0.14208984 -0.3881836 87.256096 13.170732 -31.585367	
2022-08-19-16:52:12-370 0.66796875 -0.040527344 -0.47265625 38.109756 7.5 -60.609756	
2022-08-19-16:52:12-376 0.90185547 -0.049316406 0.18115234 -19.146341 48.048782 -83.53659	
2022-08-19-16:52:12-378 1.0478516 -0.14208984 0.5991211 2.6219513 29.939026 -116.82927	
2022-08-19-16:52:12-381 1.1337891 -0.0546875 -0.05517578 76.21951 -77.31708 -161.09756	
2022-08-19-16:52:12-383 1.3134766 -0.1640625 -0.42041016 111.40244 -166.15854 -181.82927	
2022-08-19-16:52:12-385 1.6303711 -0.3334961 0.07373047 73.84147 -122.68293 -145.30489	
2022-08-19-16:52:12-388 1.4135742 -0.42041016 0.5883789 42.987804 -40.365856 -100.97561	
2022-08-19-16:52:12-391 1.2026367 -0.44921875 0.5234375 68.04878 -30.121952 -103.414635	
2022-08-19-16:52:12-395 1.0878906 -0.36083984 0.00390625 101.585365 -68.84147 -118.78049	
2022-08-19-16:52:12-397 1.4057617 -0.34277344 0.32910156 97.2561 -70.243904 -116.82927	
2022-08-19-16:52:12-401 1.4731445 -0.37158203 0.7392578 73.23171 -13.353659 -102.68293	
2022-08-19-16:52:12-404 1.5410156 -0.12548828 0.57910156 76.768295 23.292683 -116.28049	
2022-08-19-16:52:12-407 1.487793 0.122558594 0.32470703 85.18293 25.182928 -132.01219	
2022-08-19-16:52:12-516 0 0 0 0 0 1000	
2022-08-19-16:52:15-686 0 0 0 0 0 1000	
2022-08-19-16:52:15-871 0.31689453 0.95947266 -0.07421875 -11.829268 -20.914635 -8.841464	
2022-08-19-16:52:15-876 0.3178711 0.9765625 -0.06640625 -9.329268 -27.012196 -2.317073	
2022-08-19-16:52:15-880 0.33203125 1.0009766 -0.0859375 -2.987805 -28.353659 4.5731707	
2022-08-19-16:52:15-884 0.3623047 1.0166016 -0.123046875 3.2317073 -24.268293 8.902439	
2022-08-19-16:52:15-888 0.35595703 1.0092773 -0.1484375 5.97561 -16.341463 8.963415	
2022-08-19-16:52:15-894 0.3486328 1.0161133 -0.15136719 4.6951222 -6.097561 6.768293	
2022-08-19-16:52:15-899 0.33544922 1.0234375 -0.1508789 2.4390244 3.292683 5.792683	
2022-08-19-16:52:15-904 0.32470703 1.0317383 -0.15283203 0.4878049 10.243902 5.7317076	
2022-08-19-16:52:15-908 0.3149414 1.0161133 -0.17382812 -0.91463417 13.231708 5.97561	
2022-08-19-16:52:15-911 0.31396484 1.0014648 -0.19726562 -3.292683 12.012196 6.158537	
2022-08-19-16:52:15-916 0.31201172 1.0009766 -0.21484375 -6.7073174 8.353659 6.280488	
2022-08-19-16:52:15-920 0.30517578 1.0053711 -0.23291016 -10.609756 3.0487804 6.402439	
2022-08-19-16:52:15-924 0.28320312 1.0058594 -0.24560547 -14.268293 -3.1097562 7.012195	
2022-08-19-16:52:15-930 0.29638672 0.9902344 -0.25683594 -16.463415 -10.0 8.47561	
2022-08-19-16:52:15-935 0.28808594 0.9614258 -0.2578125 -16.646341 -17.804878 10.304878	
2022-08-19-16:52:15-939 0.29296875 0.9501953 -0.25585938 -14.939025 -23.414635 10.97561	
2022-08-19-16:52:16-174 0.30810547 0.95654297 -0.2397461 -11.280488 -27.865854 10.670732	
2022-08-19-16:52:16-184 0.30419922 0.95751953 -0.24609375 -6.7073174 -28.658537 8.963415	
2022-08-19-16:52:16-196 0.29736328 0.94921875 -0.2626953 -2.5 -23.90244 6.097561	
2022-08-19-16:52:16-206 0.3017578 0.94873047 -0.2734375 0.12195122 -16.280489 3.292683	
2022-08-19-16:52:16-214 0.31884766 0.9658203 -0.2758789 0.91463417 -7.6219516 0.06097561	
2022-08-19-16:52:16-225 0.32226562 0.9770508 -0.26464844 0.6097561 1.6463414 -4.2073174	
2022-08-19-16:52:16-237 0.31933594 0.97753906 -0.26757812 0.5487805 10.0 -8.658537	
2022-08-19-16:52:16-248 0.31835938 0.96484375 -0.2734375 1.3414634 16.09756 -11.707317	
2022-08-19-16:52:16-260 0.34228516 0.9873047 -0.29101562 2.378049 17.621952 -12.195122	
2022-08-19-16:52:16-269 0.3779297 1.0239258 -0.27783203 3.902439 13.536586 -10.853659	
2022-08-19-16:52:16-279 0.4404297 1.0512695 -0.2397461 5.4268293 5.670732 -9.329268	
2022-08-19-16:52:16-289 0.51416016 1.0073242 -0.17773438 8.963415 -3.9634147 -5.914634	
2022-08-19-16:52:16-301 0.6191406 1.0371094 -0.13134766 14.207317 -11.52439 0.6097561	
2022-08-19-16:52:16-313 0.6791992 1.0942383 -0.12060547 19.695122 -7.5609756 11.158537	
2022-08-19-16:52:16-323 0.6982422 1.1401367 -0.13134766 22.317074 4.1463413 25.609756	
2022-08-19-16:52:16-333 0.6699219 1.1152344 -0.15820312 20.304878 15.182927 42.865856	
2022-08-19-16:52:16-623 0.66308594 1.0874023 -0.16894531 13.597561 20.365854 59.7561	
2022-08-19-16:52:16-629 0.6118164 1.0693359 -0.14697266 4.268293 23.90244 73.35366	
2022-08-19-16:52:16-635 0.61816406 1.0576172 -0.026367188 -1.7073171 21.524391 82.86585	
2022-08-19-16:52:16-640 0.5644531 1.0405273 -0.055664062 -1.7073171 17.621952 88.78049	
2022-08-19-16:52:16-647 0.4477539 1.0273438 -0.1850586 -4.268293 15.792684 93.04878	
2022-08-19-16:52:16-652 0.38720703 1.0380859 -0.34716797 -16.707317 1.8292683 98.17073	
2022-08-19-16:52:16-659 0.28808594 1.0014648 -0.39208984 -39.207317 -16.280489 102.13415	
2022-08-19-16:52:16-665 0.27246094 0.9033203 -0.35839844 -58.78049 -44.268295 102.86585	
2022-08-19-16:52:16-671 0.30566406 0.82958984 -0.2890625 -65.426834 -71.82927 99.085365	
2022-08-19-16:52:16-678 0.4116211 0.82421875 -0.2602539 -58.78049 -86.097565 91.28049	
2022-08-19-16:52:16-683 0.4086914 0.7885742 -0.25390625 -47.682926 -85.426834 78.23171	
2022-08-19-16:52:16-689 0.36523438 0.7636719 -0.2861328 -36.15854 -69.87805 62.92683	
2022-08-19-16:52:16-697 0.36279297 0.7207031 -0.33789062 -21.341463 -58.475613 51.219513	
2022-08-19-16:52:16-703 0.46972656 0.69140625 -0.28710938 -8.414635 -62.073174 50.670734	
2022-08-19-16:52:16-710 0.73339844 0.6796875 -0.1303711 0.0 -66.585365 53.90244	
2022-08-19-16:52:16-716 0.86865234 0.63671875 -0.04296875 8.658537 -53.475613 53.719513	
2022-08-19-16:52:16-978 0.9145508 0.58251953 -0.16601562 15.182927 -41.82927 57.80488	
2022-08-19-16:52:16-985 0.82910156 0.6040039 -0.20410156 14.756098 -51.341465 82.37805	
2022-08-19-16:52:16-995 1.0063477 0.66552734 -0.092285156 11.158537 -81.64635 123.90244	
2022-08-19-16:52:17-002 1.3730469 0.6821289 -0.08496094 14.02439 -95.0 152.80489	
2022-08-19-16:52:17-010 1.4931641 0.67822266 -0.21582031 14.207317 -56.768295 154.57318	
2022-08-19-16:52:17-019 1.4853516 0.59765625 -0.4165039 13.536586 -23.719513 150.18294	
2022-08-19-16:52:17-027 1.6987305 0.43310547 -0.22509766 19.573172 -27.317074 158.71951	
2022-08-19-16:52:17-037 1.9736328 0.053222656 0.09423828 42.80488 -17.92683 157.31708	
2022-08-19-16:52:17-046 1.9873047 -0.4868164 0.36328125 73.04878 26.707317 123.597565	
2022-08-19-16:52:17-056 2.302246 -1.0322266 0.41796875 119.268295 3.3536587 74.939026	
2022-08-19-16:52:17-065 3.2416992 -1.5849609 0.5854492 138.10976 -53.536587 36.280487	
2022-08-19-16:52:17-075 3.7885742 -1.9091797 0.87060547 101.64635 -33.048782 37.92683	
2022-08-19-16:52:17-083 3.7670898 -2.1655273 1.3300781 70.060974 88.10976 78.78049	
2022-08-19-16:52:17-094 2.487793 -2.7167969 1.8754883 33.048782 246.82927 128.35367	
2022-08-19-16:52:17-104 1.609375 -2.8398438 1.824707 -54.817074 265.67075 134.51219	
2022-08-19-16:52:17-114 2.0 -2.3657227 1.765625 -181.09756 45.609756 81.89024	
2022-08-19-16:52:17-455 2.7475586 -0.9350586 0.9248047 -228.90245 -111.21951 60.42683	
2022-08-19-16:52:17-466 -0.12890625 1.9536133 -0.41552734 -223.65854 -2.4390244 22.92683	
2022-08-19-16:52:17-475 -2.1030273 7.7685547 -2.6918945 -205.18294 -175.60976 -56.95122	
2022-08-19-16:52:17-482 1.6835938 8.149414 -4.7055664 -347.0122 -170.18294 -66.28049	
2022-08-19-16:52:17-491 -2.838379 0.4296875 -0.89746094 -514.39026 554.45123 -38.65854	
2022-08-19-16:52:17-500 -2.8925781 0.32910156 1.2871094 -18.963415 432.56097 114.69512	
2022-08-19-16:52:17-512 -1.4526367 1.0532227 -0.17138672 190.36586 -3.7195122 80.48781	
2022-08-19-16:52:17-526 -1.065918 0.072753906 -0.42529297 -54.207317 93.10976 55.18293	
2022-08-19-16:52:17-537 -0.24658203 0.47607422 0.087402344 -189.0244 132.19513 112.07317	
2022-08-19-16:52:17-549 -0.09326172 0.22802734 -0.064941406 -88.47561 80.79269 76.70732	
2022-08-19-16:52:17-560 0.053710938 0.27001953 -0.17382812 32.134148 61.707317 16.463415	
2022-08-19-16:52:17-572 0.79003906 0.77685547 -0.08935547 47.865856 46.95122 -1.6463414	
2022-08-19-16:52:17-584 0.82910156 0.49267578 0.4633789 -8.658537 57.317074 10.54878	
2022-08-19-16:52:17-599 1.7749023 0.71240234 0.46240234 -25.914635 6.097561 24.390244	
2022-08-19-16:52:17-611 1.3491211 0.5957031 0.4375 -5.670732 -3.2317073 19.817074	
2022-08-19-16:52:17-624 1.0283203 0.6254883 0.65966797 31.40244 -2.195122 24.45122	
2022-08-19-16:52:17-828 1.1640625 0.79345703 0.5307617 47.012196 -33.292683 13.353659	
2022-08-19-16:52:17-832 1.3881836 0.89208984 0.39990234 4.9390244 -18.353659 2.987805	
2022-08-19-16:52:17-837 1.2856445 0.5732422 0.55615234 -39.512196 -14.45122 17.256098	
2022-08-19-16:52:17-840 1.0771484 0.40820312 0.46679688 -16.524391 -36.036587 35.365856	
2022-08-19-16:52:17-843 1.1762695 0.55126953 0.21240234 17.134148 -47.865856 22.012196	
2022-08-19-16:52:17-845 0.8623047 0.5336914 0.19482422 -2.5 0.42682928 -2.195122	
2022-08-19-16:52:17-848 0.9765625 0.50439453 0.19189453 -14.3902445 7.1951222 -3.7804878	
2022-08-19-16:52:17-852 1.0712891 0.42578125 0.20263672 -6.280488 -22.92683 5.182927	
2022-08-19-16:52:17-857 1.1259766 0.40185547 0.20996094 -4.756098 -19.207317 5.487805	
2022-08-19-16:52:17-861 1.2133789 0.4321289 0.0146484375 -5.670732 -13.47561 2.012195	
2022-08-19-16:52:17-864 1.0893555 0.4321289 0.15771484 -8.170732 -2.8658538 2.804878	
2022-08-19-16:52:17-869 1.0131836 0.35742188 0.1484375 -0.6707317 -11.768293 6.280488	
2022-08-19-16:52:17-873 1.206543 0.37841797 0.02734375 4.756098 -43.414635 7.7439027	
2022-08-19-16:52:17-876 1.2602539 0.3544922 0.04248047 -6.646342 -25.609756 5.8536587	
2022-08-19-16:52:17-879 1.0649414 0.38476562 0.07324219 -9.695122 9.45122 2.804878	
2022-08-19-16:52:17-885 0.8676758 0.38916016 0.1665039 0.42682928 9.45122 3.7195122	
2022-08-19-16:52:18-045 1.0722656 0.4111328 0.13134766 12.317074 -26.463415 5.365854	
2022-08-19-16:52:18-055 1.1586914 0.42578125 0.103515625 4.4512196 -20.914635 0.6097561	
2022-08-19-16:52:18-065 1.0483398 0.38964844 0.32714844 -8.353659 23.658537 -6.0365853	
2022-08-19-16:52:18-074 1.0151367 0.42333984 0.33544922 -2.012195 20.914635 -7.0731707	
2022-08-19-16:52:18-078 1.0874023 0.44580078 0.29101562 8.353659 -20.121952 -2.0731707	
2022-08-19-16:52:18-086 1.1235352 0.51123047 0.25634766 4.756098 -31.036587 -0.5487805	
2022-08-19-16:52:18-099 0.9897461 0.5522461 0.109375 -1.6463414 -26.524391 4.878049	
2022-08-19-16:52:18-104 0.94091797 0.5517578 -0.1381836 -3.5365853 -43.109756 25.0	
2022-08-19-16:52:18-108 0.7294922 0.48095703 -0.21875 -0.85365856 -67.07317 60.243904	
2022-08-19-16:52:18-112 0.8227539 0.6616211 -0.2919922 12.317074 -113.96342 109.63415	
2022-08-19-16:52:18-118 0.6503906 1.0009766 -0.2788086 6.52439 -145.91464 168.59756	
2022-08-19-16:52:18-122 0.9213867 1.4331055 0.09716797 -17.987804 -135.48781 220.7927	
2022-08-19-16:52:18-129 0.7680664 1.2158203 0.17773438 -7.804878 -102.743904 209.93903	
2022-08-19-16:52:18-134 0.8876953 1.2558594 0.087402344 61.82927 -94.87805 150.0	
2022-08-19-16:52:18-138 0.8935547 1.2446289 -0.14355469 155.0 -105.30488 102.743904	
2022-08-19-16:52:18-143 1.1337891 1.074707 -0.26953125 195.7927 -82.80488 90.18293	
2022-08-19-16:52:18-341 0 0 0 0 0 1000	
2022-08-19-16:52:21-348 0 0 0 0 0 1000	
2022-08-19-16:52:21-617 0.26611328 1.0214844 -0.10205078 7.5 0.18292683 17.5	
2022-08-19-16:52:21-621 0.25830078 1.0078125 -0.08642578 12.743903 13.292684 15.97561	
2022-08-19-16:52:21-625 0.26367188 0.9926758 -0.078125 20.54878 22.743902 15.731708	
2022-08-19-16:52:21-628 0.27392578 1.0014648 -0.05810547 27.621952 31.768293 15.304878	
2022-08-19-16:52:21-633 0.27783203 1.03125 -0.048339844 32.560978 43.109756 13.963415	
2022-08-19-16:52:21-636 0.26953125 1.0493164 -0.044921875 34.7561 57.560978 11.463415	
2022-08-19-16:52:21-641 0.25830078 1.0541992 -0.040039062 34.146343 73.04878 8.292683	
2022-08-19-16:52:21-646 0.29785156 1.0800781 -0.021484375 31.280489 86.097565 5.4268293	
2022-08-19-16:52:21-650 0.25439453 1.0644531 0.010253906 24.573172 100.54878 1.5243902	
2022-08-19-16:52:21-659 0.18408203 1.0463867 0.025878906 14.634147 120.36586 -4.756098	
2022-08-19-16:52:21-663 0.18164062 1.0258789 0.06542969 5.487805 123.597565 -5.792683	
2022-08-19-16:52:21-669 0.1381836 1.0146484 0.08691406 -2.378049 110.48781 -2.195122	
2022-08-19-16:52:21-672 0.1381836 1.0297852 0.1303711 -7.4390244 90.30488 3.9634147	
2022-08-19-16:52:21-676 0.16259766 1.0654297 0.1640625 -11.52439 57.317074 13.292684	
2022-08-19-16:52:21-682 0.17138672 1.074707 0.1743164 -14.45122 22.987806 20.54878	
2022-08-19-16:52:21-689 0.19140625 1.0771484 0.15234375 -12.865854 -3.292683 23.719513	
2022-08-19-16:52:21-859 0.23339844 1.0668945 0.13232422 -7.0731707 -25.304878 24.024391	
2022-08-19-16:52:21-868 0.24707031 1.0322266 0.11816406 -3.1707318 -40.792683 22.743902	
2022-08-19-16:52:21-875 0.27539062 0.9838867 0.099121094 -2.8658538 -46.707317 19.512196	
2022-08-19-16:52:21-884 0.2734375 0.95214844 0.071777344 -3.5975611 -51.768295 16.82927	
2022-08-19-16:52:21-892 0.32763672 0.95703125 0.04638672 -0.6097561 -59.146343 15.365854	
2022-08-19-16:52:21-902 0.38183594 0.96240234 0.011230469 3.2317073 -68.96342 12.865854	
2022-08-19-16:52:21-909 0.40234375 0.9506836 -0.0126953125 2.0731707 -69.20732 7.9268293	
2022-08-19-16:52:21-916 0.41748047 0.9433594 -0.03466797 -2.682927 -60.18293 2.4390244	
2022-08-19-16:52:21-924 0.45947266 0.91015625 -0.016113281 -5.670732 -53.65854 -1.1585366	
2022-08-19-16:52:21-932 0.50146484 0.92578125 0.017578125 -3.3536587 -54.87805 -0.73170733	
2022-08-19-16:52:21-941 0.59472656 0.95654297 0.036132812 5.4268293 -62.134148 3.902439	
2022-08-19-16:52:21-947 0.6821289 1.0234375 -0.01953125 15.121951 -64.268295 11.341464	
2022-08-19-16:52:21-957 0.72509766 1.0141602 -0.0625 17.5 -47.134148 20.54878	
2022-08-19-16:52:21-967 0.7241211 1.0043945 -0.014160156 12.195122 -21.646341 29.024391	
2022-08-19-16:52:21-977 0.7314453 1.0136719 0.04248047 5.4268293 -1.097561 37.621952	
2022-08-19-16:52:21-985 0.70166016 1.0224609 0.057128906 2.195122 16.585365 48.719513	
2022-08-19-16:52:22-745 0.64697266 0.92626953 0.021484375 1.2804878 19.695122 62.073174	
2022-08-19-16:52:22-754 0.64990234 0.9350586 -0.048339844 2.804878 -6.2195125 81.21951	
2022-08-19-16:52:22-762 0.79248047 0.92285156 -0.047851562 13.414635 -50.548782 99.5122	
2022-08-19-16:52:22-772 0.8647461 0.94140625 -0.115234375 17.92683 -85.18293 109.085365	
2022-08-19-16:52:22-781 0.7915039 0.9223633 -0.21923828 15.6707325 -88.65854 108.414635	
2022-08-19-16:52:22-792 0.765625 0.90283203 -0.23046875 11.219512 -90.060974 101.768295	
2022-08-19-16:52:22-799 0.8227539 0.87597656 -0.13720703 6.9512196 -97.5 102.56098	
2022-08-19-16:52:22-808 0.7915039 0.8198242 -0.091796875 9.695122 -93.84147 107.621956	
2022-08-19-16:52:22-815 0.73828125 0.8310547 -0.17089844 24.085367 -77.5 105.73171	
2022-08-19-16:52:22-822 0.70214844 0.89208984 -0.24072266 38.719513 -58.475613 101.82927	
2022-08-19-16:52:22-830 0.5878906 0.89697266 -0.3232422 40.243904 -28.47561 92.0122	
2022-08-19-16:52:22-838 0.40625 0.82958984 -0.2578125 28.292683 6.4634147 75.79269	
2022-08-19-16:52:22-845 0.33935547 0.7519531 -0.22070312 24.146341 -1.5853659 62.134148	
2022-08-19-16:52:22-852 0.35839844 0.6879883 -0.19580078 37.439026 -45.975613 46.40244	
2022-08-19-16:52:22-860 0.44873047 0.6142578 -0.27539062 45.609756 -68.414635 33.414635	
2022-08-19-16:52:22-867 0.390625 0.47998047 -0.36083984 31.95122 -46.09756 35.060978	
2022-08-19-16:52:23-014 0.08203125 0.20166016 -0.32177734 -5.609756 -6.4634147 50.365856	
2022-08-19-16:52:23-022 0.39013672 0.0029296875 -0.080566406 -36.82927 -9.085366 75.36585	
2022-08-19-16:52:23-032 0.8222656 -0.067871094 0.1352539 -24.817074 -54.45122 109.085365	
2022-08-19-16:52:23-041 0.8569336 0.011230469 0.15039062 13.658537 -55.243904 125.97562	
2022-08-19-16:52:23-050 1.3188477 0.4584961 -0.10205078 45.609756 -30.182928 134.7561	
2022-08-19-16:52:23-059 2.2773438 0.7480469 -0.14990234 57.68293 -22.195122 162.98781	
2022-08-19-16:52:23-070 3.2612305 0.3852539 -0.023925781 47.19512 9.45122 194.57318	
2022-08-19-16:52:23-078 3.7929688 -0.53222656 0.3623047 53.109756 74.32927 201.95122	
2022-08-19-16:52:23-086 4.1552734 -1.3115234 0.45507812 95.54878 85.79269 173.78049	
2022-08-19-16:52:23-095 4.345703 -1.3608398 0.36376953 158.04878 -19.939024 126.15854	
2022-08-19-16:52:23-106 3.6503906 -1.862793 0.6459961 163.53659 -28.231709 132.37805	
2022-08-19-16:52:23-115 1.340332 -2.6796875 0.77001953 80.30488 203.59756 226.7683	
2022-08-19-16:52:23-127 0.43945312 -3.352539 1.5429688 -55.914635 426.2195 311.09756	
2022-08-19-16:52:23-136 0.9506836 -2.5566406 1.8662109 -157.68294 311.15854 216.28049	
2022-08-19-16:52:23-143 0.5439453 -0.9506836 0.5332031 -153.2317 28.963415 -13.170732	
2022-08-19-16:52:23-151 -0.20263672 2.209961 -1.0708008 -103.65854 -195.91464 -142.5	
2022-08-19-16:52:23-483 -2.2421875 4.5996094 -0.23339844 -150.67073 -139.63416 -62.560978	
2022-08-19-16:52:23-494 -0.859375 6.1538086 -1.4848633 -338.2927 -48.475613 4.512195	
2022-08-19-16:52:23-505 -0.7758789 1.6088867 -1.4150391 -436.89026 -98.23171 -77.926834	
2022-08-19-16:52:23-518 -0.3076172 0.9067383 -0.9213867 -293.5366 48.109756 -70.060974	
2022-08-19-16:52:23-531 0.014160156 1.4833984 0.18017578 16.341463 48.475613 23.841463	
2022-08-19-16:52:23-544 -0.8569336 0.85498047 0.4873047 42.073174 72.621956 33.23171	
2022-08-19-16:52:23-558 0.42626953 0.75927734 0.26171875 -69.02439 71.95122 94.5122	
2022-08-19-16:52:23-573 0.6567383 0.7446289 -0.15625 -57.743904 -7.5609756 83.29269	
2022-08-19-16:52:23-583 0.5908203 0.8208008 0.43896484 23.90244 43.414635 18.841463	
2022-08-19-16:52:23-599 0.84521484 0.8417969 0.045410156 79.085365 59.817074 -5.7317076	
2022-08-19-16:52:23-606 1.4082031 0.57666016 -0.08496094 22.92683 39.32927 -18.841463	
2022-08-19-16:52:23-608 1.7739258 0.45898438 -0.2783203 -101.52439 46.280487 17.37805	
2022-08-19-16:52:23-610 1.4887695 0.65771484 -0.03173828 -102.0122 42.80488 49.573174	
2022-08-19-16:52:23-613 0.92626953 0.6044922 0.0107421875 13.902439 36.341465 33.719513	
2022-08-19-16:52:23-616 1.2124023 0.6669922 -0.17578125 63.23171 19.512196 -20.0	
2022-08-19-16:52:23-618 1.5483398 0.54785156 -0.25439453 7.0731707 9.939025 -23.719513	
2022-08-19-16:52:23-753 1.5742188 0.42382812 -0.099121094 -61.28049 8.963415 26.341463	
2022-08-19-16:52:23-757 1.2504883 0.4477539 -0.055664062 -42.560978 -2.7439024 53.23171	
2022-08-19-16:52:23-761 1.1591797 0.5727539 -0.064453125 25.42683 -17.073172 26.95122	
2022-08-19-16:52:23-765 1.1230469 0.61816406 -0.08935547 42.134148 3.292683 -12.317074	
2022-08-19-16:52:23-770 1.0805664 0.5786133 0.080566406 12.317074 42.5 -21.463415	
2022-08-19-16:52:23-773 1.0693359 0.43164062 0.034179688 -10.97561 27.256098 6.52439	
2022-08-19-16:52:23-777 1.0405273 0.41357422 -0.043945312 -20.853659 -1.0365853 22.439024	
2022-08-19-16:52:23-780 1.0043945 0.42822266 -0.05810547 -20.42683 6.280488 10.853659	
2022-08-19-16:52:23-784 1.0683594 0.4350586 -0.043945312 -5.0 1.8292683 3.902439	
2022-08-19-16:52:23-788 0.9868164 0.35498047 -0.06201172 10.365854 -9.146341 2.8658538	
2022-08-19-16:52:23-793 0.9746094 0.34521484 -0.068359375 4.756098 7.7439027 -0.91463417	
2022-08-19-16:52:23-797 1.0849609 0.37304688 -0.08984375 -9.512196 11.585366 2.1341465	
2022-08-19-16:52:23-801 1.0341797 0.34765625 -0.033691406 -14.878049 4.8170733 5.914634	
2022-08-19-16:52:23-805 1.0551758 0.31396484 -0.045898438 -6.2195125 -0.12195122 7.1341467	
2022-08-19-16:52:23-808 1.015625 0.31201172 -0.041015625 4.634146 -10.121951 6.8292685	
2022-08-19-16:52:23-811 1.0546875 0.36328125 -0.09716797 5.4268293 -6.402439 3.1097562	
2022-08-19-16:52:24-004 0.97998047 0.28027344 -0.061523438 0.06097561 -2.804878 3.3536587	
2022-08-19-16:52:24-009 0.9248047 0.2944336 -0.087402344 -3.8414636 -9.085366 8.841464	
2022-08-19-16:52:24-016 0.98339844 0.2578125 -0.16357422 4.390244 -39.45122 15.914635	
2022-08-19-16:52:24-023 1.0717773 0.15625 -0.25048828 15.304878 -62.560978 23.47561	
2022-08-19-16:52:24-035 0.8979492 0.15234375 -0.35107422 28.109756 -64.02439 37.560978	
2022-08-19-16:52:24-045 0.76708984 0.33154297 -0.51416016 49.268295 -69.268295 62.92683	
2022-08-19-16:52:24-054 0.79589844 0.63671875 -0.6010742 79.81708 -78.78049 108.597565	
2022-08-19-16:52:24-064 0.6274414 0.9375 -0.41748047 91.03659 -48.963417 155.0	
2022-08-19-16:52:24-074 0.86328125 1.1606445 -0.111816406 117.68293 -23.658537 173.17073	
2022-08-19-16:52:24-089 0.97558594 1.1791992 -0.12988281 168.90245 -32.80488 158.84146	
2022-08-19-16:52:24-101 0.7963867 1.2314453 -0.23925781 204.32927 -23.719513 119.085365	
2022-08-19-16:52:24-113 0.86621094 1.0258789 -0.30078125 206.09756 29.939026 89.81708	
2022-08-19-16:52:24-125 0.75927734 0.78125 -0.25097656 177.74391 133.29268 77.80488	
2022-08-19-16:52:24-137 0.8798828 0.51123047 0.00390625 158.78049 195.85367 53.719513	
2022-08-19-16:52:24-149 0.7836914 0.3076172 0.19433594 174.08537 168.2927 10.182927	
2022-08-19-16:52:24-161 0.7519531 0.24707031 0.23828125 187.13416 118.96342 -30.914635	
2022-08-19-16:52:24-399 0.6738281 0.30322266 0.0014648438 171.89024 110.426834 -55.85366	
2022-08-19-16:52:24-405 0.6816406 0.43115234 -0.25048828 142.19513 133.96342 -84.69512	
2022-08-19-16:52:24-410 0.9428711 0.36328125 0.068359375 115.243904 78.23171 -143.78049	
2022-08-19-16:52:24-417 0.98876953 0.5180664 0.22314453 87.13415 -27.134148 -234.2683	
2022-08-19-16:52:24-423 1.4448242 0.74853516 0.09082031 62.012196 -82.0122 -306.5854	
2022-08-19-16:52:24-431 1.4902344 0.6640625 0.47802734 31.585367 -96.46342 -336.40244	
2022-08-19-16:52:24-438 1.6240234 0.5019531 0.6303711 5.8536587 -124.39024 -342.19513	
2022-08-19-16:52:24-443 1.53125 0.36572266 0.52978516 -5.121951 -153.47562 -324.2683	
2022-08-19-16:52:24-452 1.4375 0.21582031 0.5839844 -15.914635 -165.0 -296.64636	
2022-08-19-16:52:24-459 1.550293 0.07470703 0.8623047 -29.939026 -153.78049 -268.84146	
2022-08-19-16:52:24-465 1.6660156 0.13378906 0.89404297 -37.865856 -88.53659 -240.18294	
2022-08-19-16:52:24-474 1.418457 0.20605469 0.7167969 -35.42683 8.963415 -212.86586	
2022-08-19-16:52:24-480 1.1035156 0.37060547 0.45263672 -20.914635 66.52439 -189.63416	
2022-08-19-16:52:24-487 1.3427734 0.7050781 0.296875 -4.390244 60.609756 -174.51219	
2022-08-19-16:52:24-493 1.2783203 0.89746094 0.3466797 4.390244 21.40244 -182.68294	
2022-08-19-16:52:24-501 1.1938477 0.9902344 0.42382812 20.42683 -31.09756 -224.5122	
2022-08-19-16:52:24-517 0 0 0 0 0 1000	
2022-08-19-16:52:27-341 0 0 0 0 0 1000	
2022-08-19-16:52:27-547 0.2939453 1.1259766 -0.08886719 7.1951222 39.02439 58.59756	
2022-08-19-16:52:27-554 0.25683594 1.1801758 -0.10498047 6.9512196 40.670734 67.926834	
2022-08-19-16:52:27-561 0.2319336 1.2036133 -0.114746094 7.5 38.963417 77.743904	
2022-08-19-16:52:27-570 0.22460938 1.1845703 -0.122558594 7.804878 34.390244 87.256096	
2022-08-19-16:52:27-573 0.23144531 1.1572266 -0.125 8.719512 30.365854 95.60976	
2022-08-19-16:52:27-576 0.24023438 1.1416016 -0.11035156 9.939025 31.036587 102.56098	
2022-08-19-16:52:27-580 0.23144531 1.1474609 -0.10595703 11.585366 36.890244 108.35366	
2022-08-19-16:52:27-584 0.20605469 1.1484375 -0.11767578 13.292684 44.085365 112.926834	
2022-08-19-16:52:27-590 0.18164062 1.1469727 -0.13330078 13.597561 49.7561 116.28049	
2022-08-19-16:52:27-597 0.16992188 1.1538086 -0.14111328 12.682927 52.37805 118.17074	
2022-08-19-16:52:27-602 0.15673828 1.1499023 -0.14013672 11.097561 51.585365 118.35366	
2022-08-19-16:52:27-606 0.14160156 1.1362305 -0.1459961 9.146341 48.048782 116.89024	
2022-08-19-16:52:27-610 0.1274414 1.1132812 -0.15429688 7.804878 41.82927 114.02439	
2022-08-19-16:52:27-616 0.13183594 1.0727539 -0.16357422 6.890244 33.292683 109.87805	
2022-08-19-16:52:27-621 0.13232422 1.0336914 -0.16259766 5.97561 24.817074 104.5122	
2022-08-19-16:52:27-628 0.13476562 1.0073242 -0.15576172 5.8536587 18.04878 97.80488	
2022-08-19-16:52:28-054 0.13232422 0.9897461 -0.15722656 6.890244 12.743903 89.81708	
2022-08-19-16:52:28-061 0.12939453 0.9584961 -0.1640625 7.9268293 8.841464 79.939026	
2022-08-19-16:52:28-067 0.12890625 0.9213867 -0.17285156 8.597561 5.8536587 68.53659	
2022-08-19-16:52:28-073 0.13134766 0.88671875 -0.17333984 8.841464 3.5975611 55.670734	
2022-08-19-16:52:28-079 0.14257812 0.8671875 -0.1772461 9.207317 1.7682927 41.341465	
2022-08-19-16:52:28-086 0.14941406 0.8569336 -0.1743164 9.939025 0.4878049 25.54878	
2022-08-19-16:52:28-091 0.1484375 0.87597656 -0.19140625 11.280488 -0.79268295 8.780488	
2022-08-19-16:52:28-100 0.14550781 0.8666992 -0.2006836 12.621951 -2.682927 -8.353659	
2022-08-19-16:52:28-107 0.14648438 0.85791016 -0.19677734 13.658537 -5.182927 -24.939026	
2022-08-19-16:52:28-114 0.15820312 0.84228516 -0.19091797 15.54878 -7.3170733 -40.487804	
2022-08-19-16:52:28-122 0.171875 0.85546875 -0.18896484 18.59756 -8.04878 -54.939026	
2022-08-19-16:52:28-129 0.19824219 0.8979492 -0.21484375 22.37805 -9.207317 -69.085365	
2022-08-19-16:52:28-136 0.22021484 0.95996094 -0.2944336 25.609756 -19.45122 -82.98781	
2022-08-19-16:52:28-143 0.2709961 0.9995117 -0.36328125 29.695122 -61.768295 -95.0	
2022-08-19-16:52:28-151 0.50634766 1.1318359 -0.3569336 32.80488 -149.0244 -104.085365	
2022-08-19-16:52:28-159 0.890625 1.3056641 -0.17626953 28.414635 -219.2683 -113.597565	
2022-08-19-16:52:28-433 1.2392578 1.4707031 -0.2578125 17.317074 -203.47562 -120.914635	
2022-08-19-16:52:28-444 1.5327148 1.8115234 -0.4326172 -11.646341 -124.69512 -103.65854	
2022-08-19-16:52:28-455 1.2294922 1.9448242 -0.9003906 -41.15854 -73.71951 -51.28049	
2022-08-19-16:52:28-466 0.7836914 1.3149414 -0.72509766 -50.121952 -81.21951 56.890244	
2022-08-19-16:52:28-477 0.8256836 1.1088867 -0.5058594 20.853659 -128.2317 210.60976	
2022-08-19-16:52:28-486 1.0273438 0.8232422 -0.2524414 128.10976 -163.59756 290.97562	
2022-08-19-16:52:28-495 0.85302734 0.6015625 -0.25390625 155.30489 -124.69512 279.39026	
2022-08-19-16:52:28-505 0.5205078 0.14257812 -0.3330078 96.82927 -39.146343 230.97562	
2022-08-19-16:52:28-513 -0.09033203 -0.011230469 -0.36669922 32.5 49.45122 180.7317	
2022-08-19-16:52:28-524 -0.5097656 -0.25976562 -0.30126953 -20.792683 55.060978 136.58537	
2022-08-19-16:52:28-534 4.8828125E-4 -0.10595703 0.0043945312 -39.02439 -37.743904 103.597565	
2022-08-19-16:52:28-544 0.6010742 0.1430664 0.13623047 -9.207317 -77.37805 100.97561	
2022-08-19-16:52:28-555 1.0126953 0.5571289 0.07910156 43.170734 -20.731709 108.71951	
2022-08-19-16:52:28-566 0.97802734 0.71191406 -0.043945312 80.60976 40.73171 116.82927	
2022-08-19-16:52:28-577 1.6181641 1.3974609 -0.8666992 86.70732 79.756096 141.82927	
2022-08-19-16:52:28-586 2.0947266 1.3569336 -1.0214844 0.42682928 97.37805 182.43903	
2022-08-19-16:52:28-911 2.770996 0.63183594 -0.28271484 -88.90244 65.060974 194.32927	
2022-08-19-16:52:28-916 3.2792969 -0.22070312 0.28076172 -5.609756 -7.987805 171.28049	
2022-08-19-16:52:28-921 3.5859375 -0.74121094 0.24267578 186.58537 9.45122 151.82927	
2022-08-19-16:52:28-927 2.9892578 -1.4697266 -0.099121094 241.46342 123.17074 131.58537	
2022-08-19-16:52:28-935 3.0385742 -1.7392578 0.19580078 157.2561 95.36585 133.59756	
2022-08-19-16:52:28-941 3.1987305 -2.3764648 0.84716797 77.743904 4.3292685 177.68294	
2022-08-19-16:52:28-945 2.6098633 -2.7373047 1.015625 55.0 98.597565 218.04878	
2022-08-19-16:52:28-951 1.5375977 -2.9082031 1.4750977 9.146341 325.36588 221.21951	
2022-08-19-16:52:28-957 1.1040039 -2.347168 1.4248047 -54.207317 213.71951 132.2561	
2022-08-19-16:52:28-964 1.2734375 -0.7084961 0.57421875 -67.19512 -209.20732 39.32927	
2022-08-19-16:52:28-970 0.60546875 1.5888672 0.73583984 -120.97561 -194.0244 98.10976	
2022-08-19-16:52:28-975 -4.288086 4.4570312 0.20166016 -292.92685 302.19513 112.68293	
2022-08-19-16:52:28-980 -1.1206055 7.5649414 -0.66552734 -451.34146 100.85366 -125.30488	
2022-08-19-16:52:28-986 0.5004883 4.296875 -1.5336914 -487.98782 -127.56098 -342.2561	
2022-08-19-16:52:28-991 -0.8300781 0.51220703 -3.022461 -301.4634 116.21951 -88.84147	
2022-08-19-16:52:28-998 0.8730469 -0.080078125 0.7763672 86.82927 -10.0 255.30489	
2022-08-19-16:52:29-254 -0.75341797 0.88183594 0.69677734 250.73172 40.792683 111.34147	
2022-08-19-16:52:29-265 -0.5834961 1.2832031 -0.43701172 79.45122 120.73171 -41.890244	
2022-08-19-16:52:29-274 0.12158203 0.5864258 -0.296875 -98.65854 42.987804 47.19512	
2022-08-19-16:52:29-282 0.7993164 0.41210938 0.0546875 -88.17073 12.378049 117.19512	
2022-08-19-16:52:29-292 0.8852539 0.50927734 0.08105469 24.512196 44.085365 28.658537	
2022-08-19-16:52:29-303 1.1108398 0.71728516 -0.033203125 65.243904 77.68293 -55.18293	
2022-08-19-16:52:29-311 1.1401367 0.74121094 -0.33544922 -0.4878049 52.80488 -38.90244	
2022-08-19-16:52:29-322 1.3789062 0.3461914 -0.119628906 -75.914635 8.841464 37.5	
2022-08-19-16:52:29-333 1.5869141 0.38916016 0.1928711 -52.317074 -15.243903 56.341465	
2022-08-19-16:52:29-343 1.2646484 0.5083008 0.053222656 30.121952 2.8658538 8.780488	
2022-08-19-16:52:29-350 1.2636719 0.58984375 -0.23388672 63.35366 2.378049 -32.07317	
2022-08-19-16:52:29-358 1.1503906 0.6738281 -0.14746094 30.853659 20.792683 -15.853659	
2022-08-19-16:52:29-368 1.2841797 0.70214844 0.13867188 -14.085366 25.97561 24.45122	
2022-08-19-16:52:29-376 1.1655273 0.4584961 0.27246094 -30.121952 11.158537 32.743904	
2022-08-19-16:52:29-385 1.2001953 0.47460938 0.16552734 -6.7073174 -0.5487805 14.45122	
2022-08-19-16:52:29-397 1.3100586 0.54003906 -0.044433594 13.04878 -13.841464 -0.36585367	
2022-08-19-16:52:29-678 1.2255859 0.5 -0.07910156 -1.8292683 13.780488 -5.121951	
2022-08-19-16:52:29-683 1.0688477 0.42333984 0.029296875 -21.95122 18.414635 7.987805	
2022-08-19-16:52:29-689 1.3442383 0.38623047 -0.057128906 -28.292683 -14.3902445 20.609756	
2022-08-19-16:52:29-700 1.4355469 0.44091797 -0.16503906 -34.512196 2.682927 6.646342	
2022-08-19-16:52:29-706 1.0581055 0.33691406 -0.13623047 -30.121952 40.914635 -4.878049	
2022-08-19-16:52:29-710 1.0615234 0.38964844 -4.8828125E-4 2.012195 3.0487804 5.0	
2022-08-19-16:52:29-716 1.1079102 0.43847656 -0.016601562 29.146341 -44.45122 8.47561	
2022-08-19-16:52:29-721 1.0678711 0.5131836 -0.25683594 20.54878 -44.817074 -1.1585366	
2022-08-19-16:52:29-727 1.1474609 0.58154297 -0.47314453 -11.707317 -29.207317 11.280488	
2022-08-19-16:52:29-733 1.1171875 0.5625 -0.5859375 -34.32927 -19.024391 49.7561	
2022-08-19-16:52:29-740 0.89208984 0.68896484 -0.51171875 -20.060976 -19.390244 91.951225	
2022-08-19-16:52:29-745 0.7753906 1.0786133 -0.47070312 34.817074 -55.060978 131.89024	
2022-08-19-16:52:29-750 1.0263672 1.4677734 -0.42529297 99.57317 -95.914635 153.10976	
2022-08-19-16:52:29-759 0.859375 1.5737305 -0.31152344 143.2317 -64.57317 152.86586	
2022-08-19-16:52:29-773 0.84765625 1.609375 -0.22705078 191.15854 -22.621952 148.35367	
2022-08-19-16:52:29-780 0.9423828 1.3544922 -0.3725586 258.35367 15.792684 137.86586	
2022-08-19-16:52:29-921 0.9013672 1.1606445 -0.40234375 281.64636 128.78049 129.51219	
2022-08-19-16:52:29-925 0.6459961 0.8334961 -0.14794922 236.89024 236.15854 131.95122	
2022-08-19-16:52:29-929 0.7373047 0.48046875 0.17480469 216.70732 207.5 116.768295	
2022-08-19-16:52:29-935 0.8847656 0.33691406 -0.18457031 198.10976 80.67073 73.597565	
2022-08-19-16:52:29-939 1.0219727 -0.083984375 -0.4975586 128.84146 24.817074 29.268293	
2022-08-19-16:52:29-942 0.6513672 -0.109375 -0.39111328 65.121956 41.09756 -23.292683	
2022-08-19-16:52:29-945 0.7631836 -0.24316406 0.3701172 32.80488 -23.658537 -91.585365	
2022-08-19-16:52:29-949 0.9838867 -0.37939453 0.76123047 53.65854 -97.07317 -159.20732	
2022-08-19-16:52:29-953 1.090332 -0.23632812 0.6064453 82.0122 -116.89024 -218.2927	
2022-08-19-16:52:29-957 1.5053711 -0.05419922 0.068359375 75.67073 -106.28049 -236.70732	
2022-08-19-16:52:29-960 1.5825195 -0.09765625 0.15820312 22.317074 -82.743904 -220.12196	
2022-08-19-16:52:29-964 1.4550781 -0.32910156 0.7055664 -11.097561 -142.56097 -206.28049	
2022-08-19-16:52:29-968 1.3300781 -0.5102539 0.9921875 0.24390244 -203.41464 -196.21951	
2022-08-19-16:52:29-974 1.3618164 -0.4946289 0.8129883 21.585367 -189.39024 -180.06097	
2022-08-19-16:52:29-980 1.2758789 -0.4580078 0.55859375 21.158537 -81.28049 -142.98781	
2022-08-19-16:52:29-985 1.3286133 -0.5234375 0.76123047 10.426829 39.02439 -101.585365	
2022-08-19-16:52:30-275 1.3217773 -0.5253906 0.8964844 30.121952 88.71951 -80.97561	
2022-08-19-16:52:30-283 1.4667969 -0.37841797 0.8955078 73.35366 74.81708 -88.96342	
2022-08-19-16:52:30-292 1.4370117 -0.19677734 0.78759766 111.89024 18.90244 -108.29269	
2022-08-19-16:52:30-302 1.5615234 -0.08496094 0.8588867 118.65854 -39.32927 -118.47561	
2022-08-19-16:52:30-311 1.6333008 -0.01953125 0.9042969 99.81708 -36.768295 -112.31708	
2022-08-19-16:52:30-322 1.5722656 -0.05029297 0.86816406 80.30488 -17.134148 -101.89024	
2022-08-19-16:52:30-334 1.3378906 0.08935547 0.6699219 72.926834 -17.439024 -91.097565	
2022-08-19-16:52:30-347 1.5029297 0.20019531 0.48242188 52.439026 -32.439026 -77.07317	
2022-08-19-16:52:30-359 1.5170898 0.35742188 0.40039062 22.804878 -27.92683 -60.060978	
2022-08-19-16:52:30-370 1.4150391 0.39990234 0.4453125 -1.2195122 -28.841465 -44.878048	
2022-08-19-16:52:30-380 1.2324219 0.4033203 0.4897461 -4.9390244 -29.024391 -32.378048	
2022-08-19-16:52:30-390 1.0859375 0.4580078 0.37890625 9.207317 -27.317074 -28.658537	
2022-08-19-16:52:30-400 0.87597656 0.52490234 0.1665039 22.621952 -31.341465 -34.085365	
2022-08-19-16:52:30-410 0.80126953 0.54052734 0.07373047 18.780489 -31.646341 -41.15854	
2022-08-19-16:52:30-422 0.69677734 0.57128906 0.049804688 6.097561 -5.4268293 -51.09756	
2022-08-19-16:52:30-433 0.5776367 0.6147461 0.0063476562 -4.2073174 16.82927 -71.52439	
2022-08-19-16:52:30-450 0 0 0 0 0 1000	
2022-08-19-16:52:34-249 0 0 0 0 0 1000	
2022-08-19-16:52:34-644 0.57373047 0.92041016 -0.28222656 -2.5 -7.7439027 9.573171	
2022-08-19-16:52:34-651 0.59814453 0.91552734 -0.2861328 -2.4390244 -12.317074 12.073171	
2022-08-19-16:52:34-658 0.60009766 0.9008789 -0.28515625 -0.4878049 -12.439025 17.804878	
2022-08-19-16:52:34-664 0.5966797 0.8847656 -0.2944336 1.5243902 -11.219512 23.780489	
2022-08-19-16:52:34-670 0.5991211 0.88916016 -0.31689453 4.6951222 -11.402439 27.804878	
2022-08-19-16:52:34-676 0.5996094 0.90185547 -0.33984375 6.890244 -9.146341 30.121952	
2022-08-19-16:52:34-681 0.6035156 0.91015625 -0.34277344 5.670732 0.91463417 33.35366	
2022-08-19-16:52:34-687 0.60595703 0.92871094 -0.35791016 5.304878 8.780488 37.134148	
2022-08-19-16:52:34-696 0.56933594 0.9238281 -0.3779297 7.1951222 8.04878 37.682926	
2022-08-19-16:52:34-703 0.5419922 0.9003906 -0.37353516 9.939025 3.6585367 35.365856	
2022-08-19-16:52:34-708 0.54589844 0.86865234 -0.36328125 12.5 1.7682927 34.390244	
2022-08-19-16:52:34-715 0.54052734 0.8442383 -0.3725586 15.0 5.121951 34.512196	
2022-08-19-16:52:34-721 0.5205078 0.84033203 -0.40185547 18.90244 6.4634147 32.987804	
2022-08-19-16:52:34-728 0.5136719 0.88427734 -0.45361328 22.804878 1.5243902 29.939026	
2022-08-19-16:52:34-737 0.46044922 0.9404297 -0.47851562 22.804878 2.7439024 27.682928	
2022-08-19-16:52:34-743 0.453125 0.96435547 -0.48583984 20.609756 7.012195 26.219513	
2022-08-19-16:52:34-916 0.4086914 0.90966797 -0.4716797 20.243902 6.280488 23.292683	
2022-08-19-16:52:34-925 0.35546875 0.8540039 -0.46826172 22.317074 1.6463414 17.195122	
2022-08-19-16:52:34-934 0.3330078 0.8754883 -0.48632812 27.012196 -8.109756 10.426829	
2022-08-19-16:52:34-942 0.36279297 0.89501953 -0.4794922 31.280489 -18.536585 3.5365853	
2022-08-19-16:52:34-950 0.36083984 0.8618164 -0.43701172 32.19512 -24.512196 -3.5975611	
2022-08-19-16:52:34-958 0.35205078 0.8046875 -0.4399414 30.853659 -27.987806 -11.52439	
2022-08-19-16:52:34-968 0.40673828 0.7451172 -0.43798828 28.170732 -30.243902 -18.292683	
2022-08-19-16:52:34-976 0.45214844 0.66845703 -0.37939453 21.82927 -32.743904 -22.865854	
2022-08-19-16:52:34-986 0.52734375 0.60058594 -0.3383789 13.04878 -34.817074 -27.37805	
2022-08-19-16:52:34-999 0.58691406 0.5463867 -0.30664062 5.97561 -31.82927 -31.036587	
2022-08-19-16:52:35-007 0.58740234 0.4946289 -0.29638672 1.5853659 -31.707317 -29.45122	
2022-08-19-16:52:35-014 0.70996094 0.41552734 -0.26171875 -2.9268293 -35.97561 -16.646341	
2022-08-19-16:52:35-024 0.8588867 0.40576172 -0.23925781 -8.353659 -32.621952 10.914635	
2022-08-19-16:52:35-034 0.99365234 0.4873047 -0.30029297 -7.7439027 -39.939026 41.463417	
2022-08-19-16:52:35-042 0.9819336 0.45410156 -0.31298828 -0.79268295 -62.98781 66.82927	
2022-08-19-16:52:35-050 1.1259766 0.4951172 -0.31689453 3.7195122 -69.02439 92.37805	
2022-08-19-16:52:35-551 1.3959961 0.5517578 -0.31933594 2.317073 -55.243904 117.68293	
2022-08-19-16:52:35-558 1.737793 0.7397461 -0.203125 -6.768293 -26.463415 130.0	
2022-08-19-16:52:35-565 2.0605469 0.74560547 -0.15234375 -15.6707325 14.02439 129.63416	
2022-08-19-16:52:35-575 2.1523438 0.91503906 -0.0063476562 -20.487804 37.92683 135.42683	
2022-08-19-16:52:35-583 2.4077148 0.7036133 0.17041016 -6.8292685 -2.4390244 157.19513	
2022-08-19-16:52:35-592 2.3935547 0.75341797 -0.21826172 28.719513 -17.37805 196.46342	
2022-08-19-16:52:35-598 2.505371 0.5444336 -0.49853516 45.609756 14.878049 225.67073	
2022-08-19-16:52:35-604 2.5180664 0.091308594 -0.39013672 29.756098 21.280489 224.32927	
2022-08-19-16:52:35-610 2.9575195 -0.7788086 -0.15625 31.40244 58.170734 228.53659	
2022-08-19-16:52:35-615 3.3808594 -1.3598633 0.39941406 53.109756 113.17073 239.7561	
2022-08-19-16:52:35-622 3.0498047 -1.7519531 0.7006836 85.67073 113.65854 207.0122	
2022-08-19-16:52:35-630 2.3779297 -1.8999023 0.47558594 115.54878 104.32927 161.5244	
2022-08-19-16:52:35-638 1.8544922 -2.465332 1.2441406 42.317074 179.08537 196.70732	
2022-08-19-16:52:35-645 2.2192383 -2.1503906 1.2724609 -102.5 187.13416 248.59756	
2022-08-19-16:52:35-657 2.177246 -1.2695312 1.1367188 -172.68294 35.548782 196.28049	
2022-08-19-16:52:35-667 0.29003906 0.57128906 -0.36865234 -148.47562 -117.37805 97.5	
2022-08-19-16:52:35-902 -1.3540039 3.3051758 -0.20410156 -68.53659 -212.98781 38.719513	
2022-08-19-16:52:35-909 -2.8188477 7.3344727 -1.3916016 -16.280489 -203.84146 59.573174	
2022-08-19-16:52:35-916 -0.011230469 5.3183594 -2.2226562 -203.17073 -48.414635 15.304878	
2022-08-19-16:52:35-922 -2.984375 0.4013672 -0.7890625 -566.5244 333.0488 -78.29269	
2022-08-19-16:52:35-930 -1.0991211 -0.39746094 -0.03955078 -449.20734 475.85367 -24.634148	
2022-08-19-16:52:35-939 -0.45361328 0.6855469 0.89697266 54.268295 -53.35366 130.24391	
2022-08-19-16:52:35-945 -0.06982422 0.3408203 -0.49609375 234.39024 -73.10976 37.2561	
2022-08-19-16:52:35-952 -0.11328125 0.7133789 -0.075683594 52.682926 58.59756 -41.463417	
2022-08-19-16:52:35-960 0.3696289 0.4506836 0.14990234 -115.36586 77.80488 65.060974	
2022-08-19-16:52:35-967 0.69970703 0.2685547 0.2211914 -124.14635 51.707317 99.63415	
2022-08-19-16:52:35-974 1.246582 0.40429688 -0.45751953 -41.52439 38.963417 9.085366	
2022-08-19-16:52:35-981 1.8457031 0.6821289 -0.65185547 35.548782 1.8292683 -66.21951	
2022-08-19-16:52:35-991 1.4423828 0.71240234 -0.6953125 24.939026 19.146341 -29.695122	
2022-08-19-16:52:36-001 1.2104492 0.51708984 -0.30029297 -56.82927 53.048782 22.073172	
2022-08-19-16:52:36-008 1.2988281 0.4736328 -0.047851562 -97.37805 32.439026 28.719513	
2022-08-19-16:52:36-016 1.5830078 0.484375 -0.008300781 -31.646341 -8.170732 3.3536587	
2022-08-19-16:52:36-301 1.1801758 0.5620117 -0.5395508 46.707317 -13.780488 -40.548782	
2022-08-19-16:52:36-306 1.1557617 0.59472656 -0.42333984 55.18293 11.402439 -43.65854	
2022-08-19-16:52:36-310 1.1748047 0.64697266 0.001953125 9.3902445 21.890244 -5.0609756	
2022-08-19-16:52:36-316 1.253418 0.5888672 0.040527344 -30.182928 20.060976 12.743903	
2022-08-19-16:52:36-322 1.1914062 0.51904297 -0.0234375 -38.109756 4.8170733 -2.804878	
2022-08-19-16:52:36-327 1.1831055 0.5078125 -0.17919922 -18.353659 -3.0487804 -20.54878	
2022-08-19-16:52:36-331 1.390625 0.6118164 -0.1796875 7.256098 -21.646341 -20.304878	
2022-08-19-16:52:36-337 1.2919922 0.43408203 -0.20605469 9.45122 -16.82927 -8.109756	
2022-08-19-16:52:36-341 1.2011719 0.44921875 -0.25732422 -18.292683 16.280489 -0.6707317	
2022-08-19-16:52:36-345 1.1777344 0.4663086 -0.25976562 -38.414635 23.536587 5.121951	
2022-08-19-16:52:36-349 1.1660156 0.4296875 -0.22509766 -33.59756 0.6707317 15.060976	
2022-08-19-16:52:36-354 1.1879883 0.3696289 -0.19970703 -13.536586 -17.439024 14.817074	
2022-08-19-16:52:36-361 1.1367188 0.3671875 -0.18847656 7.5 -3.7804878 3.6585367	
2022-08-19-16:52:36-367 1.0375977 0.41455078 -0.23291016 17.073172 12.682927 -7.865854	
2022-08-19-16:52:36-372 1.1079102 0.4609375 -0.32421875 8.04878 7.865854 -6.3414636	
2022-08-19-16:52:36-377 1.0756836 0.46923828 -0.25390625 -18.414635 10.487805 6.890244	
2022-08-19-16:52:36-488 0.95214844 0.39208984 -0.11669922 -31.09756 15.853659 16.524391	
2022-08-19-16:52:36-497 1.0234375 0.37695312 -0.16601562 -19.756098 -3.7804878 14.329268	
2022-08-19-16:52:36-502 1.128418 0.4326172 -0.32666016 -4.8170733 -30.487806 5.304878	
2022-08-19-16:52:36-508 1.1865234 0.51220703 -0.6425781 4.512195 -50.670734 8.536586	
2022-08-19-16:52:36-514 1.3344727 0.5800781 -0.73583984 15.182927 -74.32927 40.42683	
2022-08-19-16:52:36-517 1.4106445 0.55371094 -0.72314453 38.170734 -102.439026 84.756096	
2022-08-19-16:52:36-519 1.4443359 0.77734375 -0.88916016 80.30488 -127.31708 105.60976	
2022-08-19-16:52:36-522 1.1899414 0.9375 -0.89208984 105.426834 -102.2561 113.414635	
2022-08-19-16:52:36-525 0.77490234 1.246582 -0.7602539 115.06098 -30.670732 120.426834	
2022-08-19-16:52:36-527 0.76123047 1.5297852 -0.47802734 138.04878 9.573171 137.98781	
2022-08-19-16:52:36-530 0.63916016 1.6054688 -0.2788086 169.39024 75.060974 163.2927	
2022-08-19-16:52:36-536 0.5395508 1.5224609 -0.18115234 185.48781 189.7561 201.28049	
2022-08-19-16:52:36-539 0.8017578 1.2182617 -0.020019531 196.5244 221.70732 213.2927	
2022-08-19-16:52:36-541 0.7368164 0.8588867 0.05078125 214.93903 151.21951 175.0	
2022-08-19-16:52:36-543 0.7890625 0.59765625 0.009765625 194.63416 98.414635 135.0	
2022-08-19-16:52:36-545 0.7817383 0.31591797 0.023925781 137.92683 86.64635 99.02439	
2022-08-19-16:52:36-772 0 0 0 0 0 1000	
2022-08-19-16:52:40-353 0 0 0 0 0 1000	
2022-08-19-16:52:40-598 2.2333984 0.87646484 0.7783203 -11.402439 -90.121956 -24.024391	
2022-08-19-16:52:40-606 0.96728516 0.81396484 0.1171875 -18.109756 0.06097561 -6.768293	
2022-08-19-16:52:40-612 0.6459961 0.75927734 -0.12890625 -9.146341 42.378048 28.414635	
2022-08-19-16:52:40-620 0.46826172 0.6855469 -0.068847656 -14.512196 10.426829 31.036587	
2022-08-19-16:52:40-627 0.89990234 0.80810547 -0.03857422 -9.817074 -60.609756 21.585367	
2022-08-19-16:52:40-635 0.78271484 0.83154297 -0.10253906 -5.914634 -69.02439 19.146341	
2022-08-19-16:52:40-641 0.7446289 0.85009766 -0.1484375 -9.695122 -44.390244 17.743902	
2022-08-19-16:52:40-646 0.68603516 0.8598633 -0.12109375 -11.036586 -29.024391 35.365856	
2022-08-19-16:52:40-652 0.72998047 0.8305664 -0.12060547 -5.182927 -29.695122 55.609756	
2022-08-19-16:52:40-659 0.75634766 0.84716797 -0.1328125 5.670732 -44.878048 66.46342	
2022-08-19-16:52:40-665 0.71240234 0.8520508 -0.16796875 14.573171 -59.69512 67.621956	
2022-08-19-16:52:40-674 0.6879883 0.8364258 -0.203125 20.670732 -67.439026 69.63415	
2022-08-19-16:52:40-683 0.6850586 0.8300781 -0.24560547 22.134148 -64.20732 73.96342	
2022-08-19-16:52:40-699 0.6850586 0.82958984 -0.25048828 19.390244 -53.475613 78.17073	
2022-08-19-16:52:40-711 0.6645508 0.81591797 -0.22705078 18.536585 -49.085365 79.69512	
2022-08-19-16:52:40-722 0.6425781 0.81640625 -0.2265625 23.536587 -52.682926 76.64635	
2022-08-19-16:52:41-303 0.6245117 0.80322266 -0.2548828 30.243902 -51.646343 70.426834	
2022-08-19-16:52:41-311 0.6303711 0.8017578 -0.27001953 34.878048 -41.341465 64.20732	
2022-08-19-16:52:41-318 0.63134766 0.80078125 -0.27490234 36.52439 -26.646341 56.890244	
2022-08-19-16:52:41-325 0.6044922 0.7890625 -0.2944336 37.5 -19.268293 46.585365	
2022-08-19-16:52:41-334 0.59521484 0.7871094 -0.34277344 37.5 -22.621952 36.646343	
2022-08-19-16:52:41-341 0.61816406 0.7763672 -0.37597656 33.59756 -30.487806 30.914635	
2022-08-19-16:52:41-348 0.6357422 0.7607422 -0.34570312 27.37805 -41.585365 27.439026	
2022-08-19-16:52:41-355 0.62158203 0.74853516 -0.31689453 24.207317 -46.463417 23.414635	
2022-08-19-16:52:41-362 0.5864258 0.7167969 -0.31982422 25.0 -39.390244 19.756098	
2022-08-19-16:52:41-370 0.57421875 0.7216797 -0.3671875 25.304878 -27.195122 19.817074	
2022-08-19-16:52:41-377 0.57666016 0.73291016 -0.4248047 23.47561 -20.914635 21.09756	
2022-08-19-16:52:41-385 0.5366211 0.7270508 -0.4321289 19.756098 -23.536587 19.146341	
2022-08-19-16:52:41-393 0.61572266 0.7504883 -0.46044922 16.341463 -28.231709 15.609756	
2022-08-19-16:52:41-401 0.6513672 0.7734375 -0.5161133 9.329268 -15.853659 12.621951	
2022-08-19-16:52:41-409 0.62890625 0.75 -0.53759766 -0.5487805 -1.1585366 8.658537	
2022-08-19-16:52:41-416 0.57177734 0.68408203 -0.5029297 -5.914634 0.73170733 4.8170733	
2022-08-19-16:52:41-890 0.55615234 0.6694336 -0.4794922 -5.914634 0.73170733 4.8170733	
2022-08-19-16:52:41-901 0.58203125 0.6801758 -0.45410156 -3.9634147 -9.634147 2.195122	
2022-08-19-16:52:41-912 0.57910156 0.7182617 -0.45751953 4.2073174 -21.646341 -3.2317073	
2022-08-19-16:52:41-922 0.5078125 0.7290039 -0.49316406 10.121951 -14.878049 -13.170732	
2022-08-19-16:52:41-933 0.5185547 0.6875 -0.48535156 7.682927 3.5365853 -22.865854	
2022-08-19-16:52:41-944 0.4404297 0.57373047 -0.50439453 -2.317073 22.743902 -25.853659	
2022-08-19-16:52:41-956 0.33789062 0.43115234 -0.49072266 -17.743902 30.914635 -24.390244	
2022-08-19-16:52:41-968 0.31396484 0.25390625 -0.44677734 -28.841465 11.707317 -19.512196	
2022-08-19-16:52:41-978 0.52685547 0.17871094 -0.37060547 -32.439026 -19.146341 -9.756098	
2022-08-19-16:52:41-991 0.65283203 0.021972656 -0.2368164 -34.878048 -34.45122 6.52439	
2022-08-19-16:52:42-004 0.5522461 -0.10498047 -0.083496094 -40.487804 -17.439024 23.780489	
2022-08-19-16:52:42-016 0.5234375 -0.110839844 0.05908203 -45.487804 11.402439 43.048782	
2022-08-19-16:52:42-027 0.9560547 -0.1459961 -0.06689453 -35.365856 -0.12195122 70.18293	
2022-08-19-16:52:42-040 1.9174805 0.30078125 -0.123046875 -13.04878 -38.65854 94.02439	
2022-08-19-16:52:42-050 2.4707031 0.92626953 -0.3774414 5.4268293 -74.81708 75.30488	
2022-08-19-16:52:42-060 2.885254 1.0483398 -0.50146484 7.4390244 -6.768293 32.560978	
2022-08-19-16:52:42-174 3.3388672 0.6381836 -0.25830078 29.146341 31.524391 48.90244	
2022-08-19-16:52:42-182 3.6982422 0.40527344 -0.50439453 70.85366 31.524391 108.53659	
2022-08-19-16:52:42-189 4.1362305 -0.13720703 -0.7363281 88.414635 1.8902439 124.32927	
2022-08-19-16:52:42-198 4.1933594 -0.9682617 -0.31933594 75.18293 -1.0365853 132.86586	
2022-08-19-16:52:42-203 4.1376953 -1.8164062 0.5566406 54.45122 128.84146 197.80489	
2022-08-19-16:52:42-209 3.5205078 -2.3125 1.1831055 73.35366 154.87805 231.21951	
2022-08-19-16:52:42-216 2.0751953 -2.0483398 0.45996094 87.560974 173.2927 228.35367	
2022-08-19-16:52:42-222 1.112793 -2.2392578 0.4423828 -21.646341 232.0122 284.2683	
2022-08-19-16:52:42-234 0.99365234 -1.7470703 0.4375 -170.42683 115.73171 345.48782	
2022-08-19-16:52:42-242 -0.61328125 -0.39501953 0.20361328 -210.48781 29.695122 313.17075	
2022-08-19-16:52:42-249 -2.590332 1.7714844 0.7167969 -175.48781 41.036587 188.53659	
2022-08-19-16:52:42-257 -2.2456055 4.3862305 -0.15332031 -73.96342 -188.84146 -41.768295	
2022-08-19-16:52:42-263 0.45214844 7.088379 -2.1425781 -42.621952 -336.5854 -259.69513	
2022-08-19-16:52:42-270 -1.1699219 3.118164 -0.4116211 -259.2683 105.67073 -273.7195	
2022-08-19-16:52:42-277 -0.5732422 1.0761719 -1.0302734 -406.2805 338.90244 -59.268295	
2022-08-19-16:52:42-282 0.5131836 -0.5366211 0.62646484 -122.56098 -107.86585 183.47562	
2022-08-19-16:52:42-577 -0.5048828 0.71435547 -0.23242188 125.85366 -146.40244 85.48781	
2022-08-19-16:52:42-583 0.17626953 1.8413086 -0.81689453 146.03659 131.5244 -117.2561	
2022-08-19-16:52:42-589 0.063964844 0.8466797 -0.37890625 -42.5 173.84146 -55.609756	
2022-08-19-16:52:42-594 1.3706055 0.44140625 0.171875 -195.36586 117.80488 114.87805	
2022-08-19-16:52:42-600 1.9663086 0.5024414 0.064941406 -94.268295 5.97561 114.87805	
2022-08-19-16:52:42-605 1.8037109 0.7636719 -0.4555664 94.63415 1.097561 -10.121951	
2022-08-19-16:52:42-609 1.5947266 0.9501953 -0.6411133 154.63416 49.817074 -54.512196	
2022-08-19-16:52:42-614 0.9790039 0.5258789 -0.06591797 54.207317 74.939026 23.353659	
2022-08-19-16:52:42-619 0.7319336 0.3334961 0.13964844 -65.060974 54.817074 90.60976	
2022-08-19-16:52:42-625 1.0869141 0.5151367 0.07080078 -60.42683 3.5365853 81.64635	
2022-08-19-16:52:42-630 1.065918 0.546875 -0.2602539 9.695122 -18.59756 15.914635	
2022-08-19-16:52:42-637 0.9824219 0.515625 -0.36376953 44.32927 14.207317 -33.47561	
2022-08-19-16:52:42-642 0.9682617 0.43798828 -0.083984375 28.59756 29.146341 -11.158537	
2022-08-19-16:52:42-646 0.9951172 0.43945312 0.0034179688 -10.426829 18.90244 26.585367	
2022-08-19-16:52:42-651 0.9902344 0.42529297 0.04345703 -36.890244 19.45122 26.158537	
2022-08-19-16:52:42-656 1.1088867 0.421875 -0.099121094 -37.560978 16.219513 -1.8292683	
2022-08-19-16:52:42-868 1.1835938 0.37158203 -0.18310547 -19.268293 -9.207317 -16.95122	
2022-08-19-16:52:42-875 1.1328125 0.41796875 -0.19042969 -6.3414636 -9.3902445 -9.878049	
2022-08-19-16:52:42-883 1.1552734 0.46289062 -0.20996094 -6.4634147 15.182927 -4.02439	
2022-08-19-16:52:42-892 1.0688477 0.3930664 -0.26464844 -14.939025 15.609756 -4.5731707	
2022-08-19-16:52:42-899 1.1982422 0.390625 -0.19384766 -18.59756 -5.8536587 4.9390244	
2022-08-19-16:52:42-907 1.2182617 0.31054688 -0.119628906 -18.353659 -8.231708 11.219512	
2022-08-19-16:52:42-911 1.0439453 0.3203125 -0.12792969 -17.073172 27.804878 -1.1585366	
2022-08-19-16:52:42-917 1.1875 0.4194336 -0.12841797 -8.963415 32.865856 -9.512196	
2022-08-19-16:52:42-924 1.2133789 0.4350586 -0.17138672 -2.8658538 -6.7073174 -4.085366	
2022-08-19-16:52:42-931 1.1108398 0.35253906 -0.15332031 -13.353659 -11.768293 2.5609756	
2022-08-19-16:52:42-937 1.0004883 0.3569336 -0.10498047 -26.09756 5.5487804 4.4512196	
2022-08-19-16:52:42-943 0.99609375 0.45458984 -0.20751953 -24.024391 7.804878 4.2073174	
2022-08-19-16:52:42-948 1.1132812 0.48486328 -0.2685547 -16.768293 -14.02439 2.987805	
2022-08-19-16:52:42-956 0.96875 0.4477539 -0.34375 -18.658537 -23.536587 12.256098	
2022-08-19-16:52:42-962 0.9038086 0.5727539 -0.46777344 -6.585366 4.268293 31.341465	
2022-08-19-16:52:42-968 0.93115234 0.8105469 -0.43798828 20.54878 17.195122 60.060978	
2022-08-19-16:52:43-105 0 0 0 0 0 1000	
2022-08-19-16:52:46-396 0 0 0 0 0 1000	
2022-08-19-16:52:46-698 0.67529297 0.8652344 -0.19824219 112.68293 -13.658537 33.59756	
2022-08-19-16:52:46-707 0.7109375 0.84277344 -0.2109375 113.71951 2.2560976 34.32927	
2022-08-19-16:52:46-715 0.734375 0.8276367 -0.21533203 107.5 20.853659 35.0	
2022-08-19-16:52:46-724 0.73828125 0.81347656 -0.2290039 99.085365 28.719513 38.47561	
2022-08-19-16:52:46-733 0.70703125 0.78222656 -0.2368164 92.86585 17.682928 40.792683	
2022-08-19-16:52:46-741 0.74853516 0.7519531 -0.18847656 85.97561 6.4634147 41.585365	
2022-08-19-16:52:46-748 0.76660156 0.7260742 -0.19433594 76.097565 10.853659 42.682926	
2022-08-19-16:52:46-756 0.7451172 0.69140625 -0.22998047 64.81708 15.6707325 47.80488	
2022-08-19-16:52:46-765 0.7607422 0.6748047 -0.25927734 54.45122 5.8536587 55.365856	
2022-08-19-16:52:46-773 0.76904297 0.6274414 -0.24707031 45.487804 -13.292684 58.109756	
2022-08-19-16:52:46-780 0.765625 0.5888672 -0.26123047 37.80488 -18.963415 54.573174	
2022-08-19-16:52:46-793 0.76953125 0.578125 -0.29882812 31.280489 -8.536586 50.975613	
2022-08-19-16:52:46-803 0.7763672 0.5732422 -0.29736328 25.42683 5.7317076 51.82927	
2022-08-19-16:52:46-811 0.75683594 0.5498047 -0.29736328 20.365854 16.95122 53.841465	
2022-08-19-16:52:46-821 0.71484375 0.5136719 -0.30419922 18.59756 18.231709 53.35366	
2022-08-19-16:52:46-831 0.72753906 0.5073242 -0.33398438 19.085367 11.8902445 50.670734	
2022-08-19-16:52:47-327 0.7026367 0.49169922 -0.34472656 17.804878 10.060976 45.670734	
2022-08-19-16:52:47-339 0.71875 0.49267578 -0.37402344 15.0 18.47561 38.23171	
2022-08-19-16:52:47-348 0.71777344 0.50146484 -0.4326172 11.52439 26.585367 30.914635	
2022-08-19-16:52:47-363 0.6953125 0.5 -0.45214844 8.658537 22.37805 23.353659	
2022-08-19-16:52:47-370 0.67578125 0.48632812 -0.4868164 6.097561 12.317074 15.365854	
2022-08-19-16:52:47-376 0.67529297 0.4711914 -0.48828125 2.5 7.4390244 10.670732	
2022-08-19-16:52:47-385 0.6533203 0.45898438 -0.5 -1.0365853 8.292683 7.0731707	
2022-08-19-16:52:47-393 0.6430664 0.4716797 -0.5239258 -2.378049 7.378049 2.8658538	
2022-08-19-16:52:47-403 0.6616211 0.5102539 -0.53515625 -2.1341465 -2.317073 -1.2804878	
2022-08-19-16:52:47-414 0.64697266 0.5209961 -0.50146484 -1.7682927 -15.97561 -5.609756	
2022-08-19-16:52:47-424 0.59765625 0.53222656 -0.5048828 -4.268293 -12.987805 -9.512196	
2022-08-19-16:52:47-432 0.52490234 0.55322266 -0.50439453 -12.195122 4.02439 -10.670732	
2022-08-19-16:52:47-438 0.48779297 0.5830078 -0.51953125 -21.09756 11.036586 -10.853659	
2022-08-19-16:52:47-441 0.5395508 0.6376953 -0.56591797 -33.780487 0.18292683 -15.426829	
2022-08-19-16:52:47-444 0.46679688 0.5908203 -0.62597656 -60.42683 -15.792684 -31.524391	
2022-08-19-16:52:47-449 0.087890625 0.36279297 -0.4741211 -90.97561 -37.134148 -48.109756	
2022-08-19-16:52:47-675 0.23730469 0.25048828 -0.18359375 -88.23171 -107.68293 -49.390244	
2022-08-19-16:52:47-682 0.4609375 0.13671875 -0.10546875 -54.87805 -157.13416 -60.30488	
2022-08-19-16:52:47-690 0.62353516 0.2241211 -0.21044922 -17.804878 -86.585365 -51.341465	
2022-08-19-16:52:47-698 0.64453125 0.3618164 -0.40283203 -4.2073174 12.5 -20.0	
2022-08-19-16:52:47-707 0.8388672 0.4243164 -0.42871094 -12.256098 60.670734 27.37805	
2022-08-19-16:52:47-714 1.2231445 0.41748047 -0.36279297 -7.0731707 30.182928 65.97561	
2022-08-19-16:52:47-722 1.8793945 0.42089844 -0.5654297 25.304878 -33.35366 84.32927	
2022-08-19-16:52:47-729 2.359375 0.17822266 -1.1044922 40.182926 -52.134148 90.67073	
2022-08-19-16:52:47-737 3.097168 -0.05419922 -1.027832 9.939025 -8.719512 87.07317	
2022-08-19-16:52:47-744 3.8828125 -0.6166992 -0.46728516 25.914635 29.756098 56.09756	
2022-08-19-16:52:47-751 4.333496 -1.0610352 -0.33691406 112.68293 35.487804 16.585365	
2022-08-19-16:52:47-759 4.140625 -0.99609375 -0.68603516 151.09756 81.15854 27.682928	
2022-08-19-16:52:47-769 3.8061523 -1.0644531 -0.45996094 89.5122 169.57318 116.21951	
2022-08-19-16:52:47-777 3.1547852 -1.4814453 -0.03173828 -3.8414636 234.45122 236.5244	
2022-08-19-16:52:47-783 2.6132812 -1.8212891 0.030761719 -37.5 189.32927 290.73172	
2022-08-19-16:52:47-794 2.334961 -1.5410156 0.06982422 -15.121951 108.47561 265.12195	
2022-08-19-16:52:48-105 1.7631836 -0.8203125 0.36083984 14.329268 79.87805 207.43903	
2022-08-19-16:52:48-116 -0.26464844 1.1362305 -0.17333984 38.780487 59.45122 152.5	
2022-08-19-16:52:48-128 -0.65625 2.8110352 0.38623047 -43.536587 -6.280488 152.62195	
2022-08-19-16:52:48-139 -1.4057617 3.5791016 0.74658203 -241.95122 3.7804878 143.71951	
2022-08-19-16:52:48-148 -1.3598633 5.0009766 -0.75341797 -347.37805 6.0365853 48.963417	
2022-08-19-16:52:48-158 -0.39111328 3.192871 -0.7416992 -324.87805 -31.82927 -33.17073	
2022-08-19-16:52:48-170 -0.6870117 1.8369141 -1.1425781 -177.62195 51.585365 -42.5	
2022-08-19-16:52:48-180 0.17822266 0.80126953 -0.5961914 -18.59756 111.46342 -8.231708	
2022-08-19-16:52:48-195 0.009765625 0.83154297 -0.14160156 -12.073171 144.2683 13.353659	
2022-08-19-16:52:48-206 0.21142578 0.90966797 -0.27197266 -68.04878 144.32927 35.85366	
2022-08-19-16:52:48-216 0.55029297 0.47509766 0.265625 -81.15854 80.0 79.69512	
2022-08-19-16:52:48-227 0.94140625 0.59033203 -0.024414062 17.195122 20.487804 67.98781	
2022-08-19-16:52:48-237 1.362793 0.42626953 -0.20507812 63.78049 -3.0487804 -19.573172	
2022-08-19-16:52:48-246 1.2104492 0.55908203 -0.77685547 30.54878 44.7561 -48.59756	
2022-08-19-16:52:48-259 1.2099609 0.6660156 -0.2705078 -25.670732 61.707317 15.731708	
2022-08-19-16:52:48-270 0.99560547 0.36083984 -0.033203125 -47.073174 22.439024 52.073174	
2022-08-19-16:52:48-477 1.2651367 0.38232422 -0.23632812 -16.585365 -36.646343 29.512196	
2022-08-19-16:52:48-483 1.3398438 0.42871094 -0.4975586 13.47561 -28.841465 -8.170732	
2022-08-19-16:52:48-487 1.1679688 0.42041016 -0.44677734 18.231709 12.926829 -14.756098	
2022-08-19-16:52:48-492 1.1318359 0.4248047 -0.2631836 16.646341 26.585367 11.463415	
2022-08-19-16:52:48-495 1.0922852 0.42529297 -0.25195312 7.3170733 24.024391 28.59756	
2022-08-19-16:52:48-499 1.0639648 0.4272461 0.001953125 -8.658537 27.743902 23.47561	
2022-08-19-16:52:48-502 0.99853516 0.421875 0.072753906 -6.0365853 25.365854 7.7439027	
2022-08-19-16:52:48-504 1.1147461 0.3935547 -0.051757812 7.378049 3.5975611 -4.634146	
2022-08-19-16:52:48-507 1.0751953 0.3725586 -0.15332031 3.7195122 3.1097562 -7.0731707	
2022-08-19-16:52:48-510 1.1201172 0.40283203 -0.06738281 -6.7073174 11.646341 1.0365853	
2022-08-19-16:52:48-514 1.1313477 0.30810547 -0.07421875 -16.40244 6.402439 2.8658538	
2022-08-19-16:52:48-517 1.2104492 0.23583984 -0.09423828 -20.060976 -0.4878049 -0.9756098	
2022-08-19-16:52:48-520 1.2832031 0.24951172 -0.09472656 -15.6707325 6.2195125 -2.012195	
2022-08-19-16:52:48-524 1.2294922 0.29785156 -0.09765625 -7.5609756 19.390244 -3.7804878	
2022-08-19-16:52:48-528 1.1303711 0.2890625 -0.1381836 -2.4390244 20.243902 -4.5731707	
2022-08-19-16:52:48-533 1.1845703 0.2836914 -0.110839844 -2.7439024 4.268293 1.6463414	
2022-08-19-16:52:48-693 1.2080078 0.28857422 -0.06201172 -9.085366 5.670732 5.7317076	
2022-08-19-16:52:48-697 1.0820312 0.25683594 -0.03173828 -12.926829 23.780489 3.3536587	
2022-08-19-16:52:48-704 1.0366211 0.2109375 -0.053222656 -10.670732 29.939026 -1.5853659	
2022-08-19-16:52:48-708 1.0893555 0.203125 -0.100097656 -3.1707318 18.59756 -4.5731707	
2022-08-19-16:52:48-713 1.1572266 0.19726562 -0.12207031 7.865854 25.0 0.12195122	
2022-08-19-16:52:48-717 1.137207 0.22070312 -0.037597656 18.414635 81.768295 14.3902445	
2022-08-19-16:52:48-721 0.8256836 0.18701172 0.025878906 23.841463 160.7317 28.47561	
2022-08-19-16:52:48-726 0.703125 0.1352539 0.060058594 28.658537 202.62196 36.280487	
2022-08-19-16:52:48-730 0.64941406 0.2939453 0.00390625 41.036587 208.10976 39.085365	
2022-08-19-16:52:48-735 0.67333984 0.57958984 -0.0063476562 55.0 189.7561 42.134148	
2022-08-19-16:52:48-738 0.66503906 0.97021484 0.02734375 61.768295 141.03659 53.78049	
2022-08-19-16:52:48-742 0.59472656 1.171875 -0.02734375 76.097565 65.30488 70.36585	
2022-08-19-16:52:48-746 0.6879883 1.3369141 -0.203125 97.19512 6.402439 81.28049	
2022-08-19-16:52:48-752 0.86572266 1.4355469 -0.1875 104.39024 25.914635 87.86585	
2022-08-19-16:52:48-758 0.86865234 1.4082031 0.14355469 112.07317 83.53659 80.97561	
2022-08-19-16:52:48-764 0.6875 1.2768555 0.33496094 151.28049 101.21951 47.5	
2022-08-19-16:52:49-042 0.45117188 1.1269531 0.2626953 209.63416 87.86585 -0.79268295	
2022-08-19-16:52:49-049 0.2529297 0.99121094 -0.052246094 249.69513 60.121952 -45.914635	
2022-08-19-16:52:49-058 0.36572266 1.0117188 -0.39160156 262.62195 30.97561 -91.34147	
2022-08-19-16:52:49-065 0.42333984 1.0732422 -0.4819336 245.60976 -13.292684 -159.69513	
2022-08-19-16:52:49-073 0.52978516 1.1381836 -0.09667969 212.13416 -69.939026 -250.48781	
2022-08-19-16:52:49-080 0.82958984 1.0283203 0.4086914 199.7561 -99.63415 -312.68292	
2022-08-19-16:52:49-085 1.4335938 1.2568359 0.119628906 207.74391 -110.67073 -339.02438	
2022-08-19-16:52:49-090 1.6030273 1.2905273 -0.16894531 168.04878 -110.36586 -312.43903	
2022-08-19-16:52:49-096 1.6948242 1.0166016 0.10498047 78.84147 -137.13416 -244.57318	
2022-08-19-16:52:49-104 1.8833008 0.58251953 1.1132812 35.548782 -197.19513 -191.58537	
2022-08-19-16:52:49-109 1.793457 0.4638672 1.1738281 70.426834 -183.78049 -176.82927	
2022-08-19-16:52:49-115 1.5341797 0.6347656 0.8041992 93.23171 -94.14635 -146.89024	
2022-08-19-16:52:49-120 1.1796875 0.72021484 0.46044922 53.048782 -18.719513 -92.19512	
2022-08-19-16:52:49-126 1.0839844 0.8642578 0.34277344 -8.414635 -31.341465 -66.15854	
2022-08-19-16:52:49-131 1.0063477 0.7758789 0.66308594 -60.609756 -106.34147 -100.73171	
2022-08-19-16:52:49-137 1.0043945 0.9189453 0.83203125 -76.03659 -162.92683 -148.2317	
2022-08-19-16:52:49-148 0 0 0 0 0 1000	
