2022-08-21-20:13:36-353 0 0 0 0 0 1000	
2022-08-21-20:13:37-992 0 0 0 0 0 1000	
2022-08-21-20:13:40-708 0 0 0 0 0 1000	
2022-08-21-20:13:42-855 0 0 0 0 0 1000	
2022-08-21-20:13:44-535 0 0 0 0 0 1000	
2022-08-21-20:13:46-859 0 0 0 0 0 1000	
2022-08-21-20:13:49-226 0 0 0 0 0 1000	
2022-08-21-20:13:51-492 0 0 0 0 0 1000	
2022-08-21-20:14:00-527 0 0 0 0 0 1000	
2022-08-21-20:14:02-966 0 0 0 0 0 1000	
2022-08-21-20:14:05-494 0 0 0 0 0 1000	
2022-08-21-20:14:07-873 0 0 0 0 0 1000	
2022-08-21-20:14:10-834 0 0 0 0 0 1000	
2022-08-21-20:14:13-108 0 0 0 0 0 1000	
2022-08-21-20:14:15-637 0 0 0 0 0 1000	
2022-08-21-20:14:17-804 0 0 0 0 0 1000	
2022-08-21-20:14:20-463 0 0 0 0 0 1000	
2022-08-21-20:14:22-893 0 0 0 0 0 1000	
2022-08-21-20:14:28-168 0 0 0 0 0 1000	
2022-08-21-20:14:30-618 0 0 0 0 0 1000	
