2022-08-21-20:19:23-653 0 0 0 0 0 1000	
2022-08-21-20:19:24-419 0.8652344 -0.4560547 0.15429688 0.06097561 -2.1341465 0.4878049	
2022-08-21-20:19:24-423 0.8676758 -0.45996094 0.15185547 0.12195122 -1.2195122 0.36585367	
2022-08-21-20:19:24-426 0.87158203 -0.47070312 0.15234375 0.30487806 0.06097561 0.36585367	
2022-08-21-20:19:24-428 0.86279297 -0.46142578 0.14013672 1.1585366 0.42682928 0.5487805	
2022-08-21-20:19:24-431 0.8666992 -0.45947266 0.15429688 1.4634147 1.097561 0.24390244	
2022-08-21-20:19:24-435 0.86376953 -0.46826172 0.1538086 1.6463414 2.378049 0.73170733	
2022-08-21-20:19:24-437 0.8515625 -0.47265625 0.15234375 1.5243902 1.5853659 1.2195122	
2022-08-21-20:19:24-440 0.8520508 -0.45947266 0.14648438 1.6463414 1.7073171 1.097561	
2022-08-21-20:19:24-442 0.8652344 -0.4609375 0.14453125 1.5853659 3.1707318 0.36585367	
2022-08-21-20:19:24-445 0.8666992 -0.4584961 0.14355469 0.85365856 1.2195122 0.42682928	
2022-08-21-20:19:24-447 0.875 -0.46044922 0.13964844 0.30487806 -0.24390244 0.85365856	
2022-08-21-20:19:24-450 0.87402344 -0.46191406 0.14404297 0.12195122 1.0365853 0.4878049	
2022-08-21-20:19:24-453 0.84814453 -0.4819336 0.1381836 1.0365853 3.902439 0.30487806	
2022-08-21-20:19:24-456 0.8588867 -0.46191406 0.14208984 0.9756098 2.9268293 0.0	
2022-08-21-20:19:24-459 0.87402344 -0.4428711 0.1459961 -0.18292683 -2.6219513 0.5487805	
2022-08-21-20:19:24-462 0.87841797 -0.4658203 0.15478516 -0.42682928 -3.3536587 0.73170733	
2022-08-21-20:19:24-471 0.8515625 -0.48632812 0.14404297 -0.30487806 2.378049 0.73170733	
2022-08-21-20:19:24-475 0.8300781 -0.46875 0.13720703 0.36585367 4.390244 0.30487806	
2022-08-21-20:19:24-478 0.85498047 -0.45458984 0.14648438 0.24390244 -1.5853659 0.24390244	
2022-08-21-20:19:24-484 0.84814453 -0.47607422 0.15722656 -0.9756098 -3.292683 0.42682928	
2022-08-21-20:19:24-490 0.8183594 -0.50341797 0.1508789 -1.7682927 1.0365853 1.5243902	
2022-08-21-20:19:24-494 0.8027344 -0.5107422 0.12109375 -1.8902439 2.195122 1.9512196	
2022-08-21-20:19:24-502 0.78222656 -0.5097656 0.13134766 -2.0731707 -2.682927 1.2804878	
2022-08-21-20:19:24-506 0.77490234 -0.5361328 0.14404297 -2.682927 -5.365854 2.317073	
2022-08-21-20:19:24-512 0.77978516 -0.55859375 0.14208984 -4.5731707 0.42682928 5.2439027	
2022-08-21-20:19:24-518 0.73339844 -0.5498047 0.13183594 -3.5975611 3.3536587 7.682927	
2022-08-21-20:19:24-520 0.73291016 -0.54003906 0.15136719 -3.4756098 3.8414636 8.231708	
2022-08-21-20:19:24-523 0.7084961 -0.5854492 0.18554688 -5.8536587 4.5731707 7.7439027	
2022-08-21-20:19:24-526 0.734375 -0.609375 0.1821289 -7.012195 4.085366 11.341464	
2022-08-21-20:19:24-530 0.7285156 -0.5864258 0.17236328 -8.353659 8.170732 14.878049	
2022-08-21-20:19:24-535 0.6958008 -0.56884766 0.17382812 -7.804878 11.158537 15.792684	
2022-08-21-20:19:24-538 0.6435547 -0.6074219 0.18115234 -7.256098 15.243903 16.09756	
2022-08-21-20:19:24-550 0.5625 -0.6689453 0.16113281 -4.756098 21.890244 17.743902	
2022-08-21-20:19:24-554 0.52783203 -0.61816406 0.09863281 -1.7682927 22.073172 18.963415	
2022-08-21-20:19:24-558 0.55615234 -0.5566406 0.12939453 -1.7073171 8.04878 18.963415	
2022-08-21-20:19:24-561 0.66748047 -0.5078125 0.18701172 2.5 0.42682928 24.085367	
2022-08-21-20:19:24-565 0.6123047 -0.6640625 0.20166016 2.682927 -5.365854 35.0	
2022-08-21-20:19:24-568 0.60546875 -0.85595703 0.24804688 7.1951222 -36.09756 56.09756	
2022-08-21-20:19:24-572 0.67285156 -0.98291016 0.37451172 11.768293 -48.475613 64.69512	
2022-08-21-20:19:24-575 0.640625 -1.3774414 0.5419922 11.219512 -80.121956 58.963417	
2022-08-21-20:19:24-578 0.7036133 -1.7783203 0.83935547 24.87805 -66.64634 49.817074	
2022-08-21-20:19:24-583 0.6821289 -2.3085938 1.0239258 46.82927 -36.52439 48.170734	
2022-08-21-20:19:24-586 0.66259766 -2.7280273 1.2006836 60.18293 27.134148 44.268295	
2022-08-21-20:19:24-590 -0.05810547 -2.989746 1.0634766 45.243904 44.7561 55.609756	
2022-08-21-20:19:24-597 -0.54785156 -2.8779297 1.0361328 22.865854 -36.585365 57.560978	
2022-08-21-20:19:24-601 -0.68066406 -2.739746 0.63916016 -7.1951222 -128.90244 42.19512	
2022-08-21-20:19:24-606 -0.24414062 -2.2919922 0.13378906 -23.658537 -45.975613 0.5487805	
2022-08-21-20:19:24-609 -0.28710938 -1.815918 -0.51953125 -33.59756 131.46342 -55.365856	
2022-08-21-20:19:24-636 -0.23583984 -1.434082 -0.8754883 -1.7073171 78.90244 -95.48781	
2022-08-21-20:19:24-640 -0.018066406 -0.6982422 -0.99658203 1.9512196 -149.69513 -122.19512	
2022-08-21-20:19:24-644 1.0048828 0.00390625 -0.85546875 10.060976 -126.097565 -200.48781	
2022-08-21-20:19:24-648 1.6108398 1.0922852 -0.5253906 35.73171 94.81708 -251.40245	
2022-08-21-20:19:24-651 2.114746 2.9545898 -2.0092773 -27.804878 -9.146341 -287.62195	
2022-08-21-20:19:24-654 3.581543 3.559082 -0.60546875 -152.37805 37.560978 -124.81708	
2022-08-21-20:19:24-659 0.22314453 -0.2133789 0.014160156 -171.70732 247.37805 -85.30488	
2022-08-21-20:19:24-662 -0.1352539 0.10449219 -0.9213867 -48.475613 64.32927 154.63416	
2022-08-21-20:19:24-668 0.1694336 -2.5341797 4.8828125E-4 -33.90244 -140.24391 11.52439	
2022-08-21-20:19:24-670 -0.72216797 -0.17578125 0.9448242 121.951225 -50.121952 -30.42683	
2022-08-21-20:19:24-674 0.7446289 -1.1625977 1.1274414 -66.28049 -80.121956 -113.17073	
2022-08-21-20:19:24-676 1.3759766 -1.0185547 1.1870117 -60.792683 107.0122 -123.23171	
2022-08-21-20:19:24-680 1.1025391 -0.82666016 0.76416016 -36.707317 182.56097 -123.90244	
2022-08-21-20:19:24-683 1.0668945 -0.08935547 0.7084961 -49.69512 119.451225 -74.939026	
2022-08-21-20:19:24-686 0.91259766 -0.44189453 0.57177734 -70.0 -60.18293 -0.42682928	
2022-08-21-20:19:24-689 0.78808594 -0.33691406 0.8310547 -29.512196 -59.512196 9.02439	
2022-08-21-20:19:24-912 0.6777344 0.4423828 1.0991211 20.0 77.07317 -13.902439	
2022-08-21-20:19:24-917 -0.0048828125 0.4716797 0.5917969 4.878049 146.46342 6.768293	
2022-08-21-20:19:24-921 0.37353516 0.40625 1.2158203 -25.304878 89.14635 25.42683	
2022-08-21-20:19:24-926 0.6508789 -0.5097656 1.1577148 -45.792683 19.756098 35.85366	
2022-08-21-20:19:24-929 0.23388672 0.014160156 0.2548828 -29.817074 37.378048 34.02439	
2022-08-21-20:19:24-932 -0.04736328 0.12060547 -0.041992188 36.15854 -30.853659 48.59756	
2022-08-21-20:19:24-936 0.49072266 -0.09814453 0.7055664 70.18293 -36.52439 43.170734	
2022-08-21-20:19:24-939 0.9394531 -0.37109375 0.42529297 87.0122 84.14635 31.95122	
2022-08-21-20:19:24-942 0.3540039 -0.5317383 0.4321289 87.743904 199.2683 -9.512196	
2022-08-21-20:19:24-950 -0.009765625 -0.037597656 -0.18457031 122.86586 183.04878 -6.646342	
2022-08-21-20:19:24-952 0.11230469 0.7158203 -0.56396484 187.19513 137.5 -7.4390244	
2022-08-21-20:19:24-955 0.020507812 1.1801758 -0.79541016 205.97562 101.951225 -5.8536587	
2022-08-21-20:19:24-959 0.2734375 0.9526367 -0.6430664 176.7683 15.487805 13.109756	
2022-08-21-20:19:24-963 0.76953125 0.8520508 -0.3149414 149.20732 -59.7561 29.817074	
2022-08-21-20:19:24-968 0.8564453 0.63427734 -0.10253906 113.10976 -104.32927 20.42683	
2022-08-21-20:19:24-971 0.9248047 0.39160156 0.0063476562 77.37805 -164.39024 -5.365854	
2022-08-21-20:19:25-271 1.5512695 -0.2548828 0.6118164 38.23171 -171.21951 -21.09756	
2022-08-21-20:19:25-274 1.4389648 -0.6455078 0.38916016 9.3902445 -163.84146 -30.0	
2022-08-21-20:19:25-279 1.4511719 -1.2480469 0.36621094 -15.853659 -191.28049 -30.243902	
2022-08-21-20:19:25-283 1.4008789 -1.8745117 0.5859375 31.585367 -148.96342 -42.2561	
2022-08-21-20:19:25-288 2.0009766 -1.4448242 0.90771484 92.86585 -81.28049 -35.060978	
2022-08-21-20:19:25-292 2.0966797 -0.7758789 1.1206055 96.21951 24.573172 -18.109756	
2022-08-21-20:19:25-297 2.765625 0.08300781 1.0229492 85.914635 88.04878 -70.243904	
2022-08-21-20:19:25-301 2.0664062 -0.026855469 0.7426758 69.5122 2.8658538 -143.84146	
2022-08-21-20:19:25-307 1.5561523 0.1459961 0.49169922 82.621956 -166.03659 -130.12195	
2022-08-21-20:19:25-314 1.7070312 1.0732422 0.4663086 63.90244 -142.86586 -162.2561	
2022-08-21-20:19:25-317 1.6669922 0.77441406 0.47509766 78.47561 29.939026 -199.81708	
2022-08-21-20:19:25-321 1.1396484 0.64501953 0.1484375 75.48781 112.86586 -219.32927	
2022-08-21-20:19:25-324 0.6425781 0.65771484 -0.021484375 90.54878 49.69512 -234.7561	
2022-08-21-20:19:25-327 0.49609375 0.5292969 0.25878906 98.65854 -106.40244 -197.62195	
2022-08-21-20:19:25-330 0.75439453 0.44091797 0.6357422 79.81708 -214.0244 -148.2317	
2022-08-21-20:19:25-333 0.34228516 0.20947266 0.6972656 47.317074 -82.68293 -133.10976	
2022-08-21-20:19:25-495 0 0 0 0 0 1000	
2022-08-21-20:19:35-654 0 0 0 0 0 1000	
2022-08-21-20:19:35-755 0.83154297 -0.49560547 -0.19824219 2.012195 20.060976 14.3902445	
2022-08-21-20:19:35-757 0.9272461 -0.44482422 -0.049804688 1.2195122 -14.02439 35.30488	
2022-08-21-20:19:35-762 1.0800781 -0.47070312 0.06738281 -11.097561 -7.256098 40.609756	
2022-08-21-20:19:35-765 0.78222656 -0.5942383 0.00390625 -12.682927 29.573172 26.524391	
2022-08-21-20:19:35-768 0.44628906 -0.5361328 -0.13134766 -10.609756 23.841463 8.719512	
2022-08-21-20:19:35-771 0.6044922 -0.51171875 -0.019042969 -4.02439 -5.2439027 -0.12195122	
2022-08-21-20:19:35-774 1.0297852 -0.54785156 0.08935547 1.0365853 -18.658537 -8.536586	
2022-08-21-20:19:35-776 1.0961914 -0.47753906 0.036132812 5.2439027 35.243904 -23.841463	
2022-08-21-20:19:35-780 1.1123047 -0.4428711 0.026367188 12.195122 65.060974 -28.536587	
2022-08-21-20:19:35-783 1.2529297 -0.39990234 0.08251953 16.524391 42.682926 -21.95122	
2022-08-21-20:19:35-786 1.1635742 -0.45458984 0.13964844 14.02439 19.87805 -17.37805	
2022-08-21-20:19:35-788 0.9472656 -0.5214844 0.09375 11.52439 21.585367 -14.268293	
2022-08-21-20:19:35-789 0.9453125 -0.48876953 0.07910156 8.536586 30.304878 -11.707317	
2022-08-21-20:19:35-791 0.8745117 -0.46142578 0.10498047 5.8536587 28.109756 -8.292683	
2022-08-21-20:19:35-794 0.7270508 -0.53466797 0.032714844 2.5 1.2195122 -7.012195	
2022-08-21-20:19:35-796 0.7944336 -0.51904297 0.045410156 2.317073 -15.365854 -0.6097561	
2022-08-21-20:19:36-137 0.8051758 -0.46240234 0.05126953 0.73170733 2.5 0.9756098	
2022-08-21-20:19:36-142 0.765625 -0.43896484 0.09277344 0.18292683 17.682928 1.8292683	
2022-08-21-20:19:36-147 0.7397461 -0.46777344 0.041992188 1.7682927 15.426829 2.7439024	
2022-08-21-20:19:36-150 0.71972656 -0.44091797 0.057128906 2.8658538 0.73170733 2.804878	
2022-08-21-20:19:36-155 0.77685547 -0.43359375 0.08642578 1.3414634 -7.5609756 0.85365856	
2022-08-21-20:19:36-158 0.8647461 -0.4609375 0.14208984 3.4146342 5.792683 -1.9512196	
2022-08-21-20:19:36-162 0.82714844 -0.5151367 0.114746094 5.0 16.036585 -4.2073174	
2022-08-21-20:19:36-170 0.70410156 -0.5263672 0.091308594 8.719512 17.439024 -2.682927	
2022-08-21-20:19:36-175 0.77734375 -0.55566406 0.16015625 7.1951222 10.060976 1.0365853	
2022-08-21-20:19:36-182 0.7470703 -0.6118164 0.18066406 3.1707318 12.073171 1.7073171	
2022-08-21-20:19:36-187 0.6430664 -0.65185547 0.12841797 -0.06097561 19.390244 1.1585366	
2022-08-21-20:19:36-190 0.67529297 -0.61572266 0.13623047 -0.12195122 17.5 3.5365853	
2022-08-21-20:19:36-194 0.7050781 -0.6538086 0.16503906 -3.0487804 12.5 4.2073174	
2022-08-21-20:19:36-201 0.6333008 -0.68603516 0.1586914 -3.1707318 6.890244 3.292683	
2022-08-21-20:19:36-207 0.61328125 -0.6479492 0.13720703 -1.7682927 12.256098 7.256098	
2022-08-21-20:19:36-210 0.56396484 -0.59521484 0.100097656 -0.12195122 20.060976 12.439025	
2022-08-21-20:19:36-407 0.453125 -0.52783203 0.11669922 2.012195 23.231709 13.414635	
2022-08-21-20:19:36-411 0.3642578 -0.44970703 0.068359375 6.52439 23.109756 14.512196	
2022-08-21-20:19:36-415 0.3491211 -0.33251953 0.0107421875 8.414635 15.060976 20.670732	
2022-08-21-20:19:36-419 0.4633789 -0.32714844 0.02734375 4.6951222 4.8170733 29.939026	
2022-08-21-20:19:36-423 0.62646484 -0.30419922 0.051757812 5.121951 -2.012195 39.45122	
2022-08-21-20:19:36-433 0.7246094 -0.55615234 0.1899414 5.365854 -32.012196 40.42683	
2022-08-21-20:19:36-439 0.828125 -1.1870117 0.4506836 15.243903 -65.426834 41.646343	
2022-08-21-20:19:36-444 0.80371094 -2.291504 0.68896484 31.524391 -99.32927 47.621952	
2022-08-21-20:19:36-450 0.6772461 -3.102539 1.0795898 68.29269 -140.12195 74.32927	
2022-08-21-20:19:36-455 0.6118164 -3.5605469 1.1079102 87.37805 -154.87805 77.19512	
2022-08-21-20:19:36-459 0.328125 -3.8251953 1.3330078 84.81708 -60.060978 72.80488	
2022-08-21-20:19:36-463 -0.38427734 -3.7641602 1.4584961 59.390244 26.341463 63.719513	
2022-08-21-20:19:36-467 -0.87402344 -3.4663086 1.1391602 35.060978 39.878048 39.390244	
2022-08-21-20:19:36-473 -0.984375 -2.7231445 0.48388672 10.121951 -40.42683 -22.073172	
2022-08-21-20:19:36-477 -0.24902344 -2.131836 -0.071777344 -13.353659 -15.54878 -106.585365	
2022-08-21-20:19:36-483 -0.0234375 -1.0942383 -0.34033203 -6.4634147 -82.68293 -163.2317	
2022-08-21-20:19:36-721 0.08691406 0.09863281 -0.63916016 -13.353659 -267.86584 -181.15854	
2022-08-21-20:19:36-725 1.1879883 1.1977539 -0.8378906 -61.036587 -368.41464 -243.35367	
2022-08-21-20:19:36-731 1.9487305 2.868164 -0.8876953 -119.20732 -217.2561 -290.2439	
2022-08-21-20:19:36-737 5.555664 5.8881836 -2.9580078 -122.13415 75.914635 -182.62195	
2022-08-21-20:19:36-741 1.2631836 0.33935547 -1.0136719 -339.57318 461.34146 -89.085365	
2022-08-21-20:19:36-746 -2.149414 0.92626953 -0.3725586 -169.20732 261.64636 125.18293	
2022-08-21-20:19:36-749 1.2158203 -2.465332 -0.98535156 -27.073172 -287.07318 99.451225	
2022-08-21-20:19:36-753 -0.1381836 -0.31054688 0.8022461 176.21951 -23.658537 37.987804	
2022-08-21-20:19:36-756 -1.9628906 -0.7939453 0.0087890625 23.47561 143.96342 -17.317074	
2022-08-21-20:19:36-759 1.2939453 -0.40966797 0.92041016 -67.5 185.54878 -12.682927	
2022-08-21-20:19:36-764 0.1381836 -1.2080078 0.96191406 -54.7561 182.86586 -62.560978	
2022-08-21-20:19:36-768 -0.49316406 -0.1665039 -0.103515625 -6.52439 133.47562 -74.268295	
2022-08-21-20:19:36-773 0.16748047 -0.21191406 0.5366211 -40.30488 92.926834 -36.40244	
2022-08-21-20:19:36-777 0.072265625 0.09326172 0.6123047 -6.402439 155.85367 -9.45122	
2022-08-21-20:19:36-783 -1.1552734 0.4116211 0.33935547 34.7561 241.15854 -42.2561	
2022-08-21-20:19:36-787 -0.92333984 0.8930664 0.9394531 97.13415 112.80488 -23.59756	
2022-08-21-20:19:37-038 -0.001953125 0.69970703 1.1586914 119.81708 -65.48781 2.195122	
2022-08-21-20:19:37-044 0.24072266 0.23535156 1.0644531 93.47561 -93.65854 25.42683	
2022-08-21-20:19:37-049 0.7319336 0.8955078 0.4111328 67.5 -108.53659 56.52439	
2022-08-21-20:19:37-054 1.7451172 0.5908203 0.9580078 62.37805 -72.31708 30.487806	
2022-08-21-20:19:37-058 1.4516602 -0.13964844 1.3833008 116.64635 95.79269 -3.6585367	
2022-08-21-20:19:37-062 1.40625 -0.47460938 -0.055664062 120.426834 301.70734 -46.95122	
2022-08-21-20:19:37-070 1.3774414 0.2607422 0.26171875 123.53659 235.7927 -4.756098	
2022-08-21-20:19:37-075 0.60839844 -0.39892578 0.022460938 40.609756 149.20732 -27.012196	
2022-08-21-20:19:37-081 0.7685547 -0.2163086 -0.34814453 86.951225 -26.768293 -53.841465	
2022-08-21-20:19:37-085 0.8173828 0.22802734 -0.3852539 117.86586 -115.60976 -76.70732	
2022-08-21-20:19:37-088 1.4770508 0.33984375 -0.09667969 105.06098 -147.62195 -64.69512	
2022-08-21-20:19:37-092 2.2265625 0.47802734 0.08544922 112.5 -72.80488 -28.414635	
2022-08-21-20:19:37-097 1.3071289 0.103515625 0.33642578 111.03659 -55.975613 -12.195122	
2022-08-21-20:19:37-104 0.93408203 -0.82421875 0.63916016 78.23171 -106.34147 54.146343	
2022-08-21-20:19:37-109 1.6450195 -0.76220703 0.75634766 62.317074 -102.68293 72.926834	
2022-08-21-20:19:37-115 1.3867188 -0.7993164 0.63378906 49.817074 -110.243904 53.719513	
2022-08-21-20:19:37-395 0.93652344 -1.159668 0.8901367 61.707317 -194.81708 81.89024	
2022-08-21-20:19:37-400 1.7998047 -1.1777344 1.1079102 59.87805 -137.74391 90.914635	
2022-08-21-20:19:37-405 1.9042969 -1.0161133 0.81591797 60.243904 0.73170733 64.20732	
2022-08-21-20:19:37-410 1.449707 -0.7944336 0.27539062 63.109756 -4.756098 26.707317	
2022-08-21-20:19:37-414 1.3349609 -0.39257812 0.079589844 78.90244 -57.743904 -5.121951	
2022-08-21-20:19:37-419 1.9404297 0.041992188 0.13476562 94.87805 -72.68293 -33.719513	
2022-08-21-20:19:37-423 1.5297852 0.1899414 0.103515625 92.5 3.1097562 -79.14635	
2022-08-21-20:19:37-427 1.1845703 0.29882812 0.051757812 110.67073 42.987804 -115.54878	
2022-08-21-20:19:37-432 1.1420898 0.42285156 0.38476562 121.34147 -51.585365 -123.597565	
2022-08-21-20:19:37-438 1.0786133 0.42626953 0.57421875 113.71951 -118.10976 -128.71951	
2022-08-21-20:19:37-443 0.7236328 0.5419922 0.5053711 92.926834 -120.54878 -149.7561	
2022-08-21-20:19:37-449 0.58154297 0.5986328 0.70654297 62.19512 -39.146343 -140.36586	
2022-08-21-20:19:37-452 0.5493164 0.6176758 1.0283203 43.292683 52.134148 -107.68293	
2022-08-21-20:19:37-457 0.39990234 0.77783203 0.8022461 19.024391 105.426834 -97.621956	
2022-08-21-20:19:37-462 0.50146484 0.89404297 0.46533203 -2.5 111.82927 -106.585365	
2022-08-21-20:19:37-469 0.6381836 0.8808594 0.07470703 -8.04878 141.5244 -115.243904	
2022-08-21-20:19:37-599 0 0 0 0 0 1000	
2022-08-21-20:19:48-184 0 0 0 0 0 1000	
2022-08-21-20:19:48-202 0.78027344 -0.546875 0.05517578 -2.682927 -5.4268293 -1.5853659	
2022-08-21-20:19:48-205 0.79541016 -0.5517578 0.03857422 -1.4634147 -3.902439 -4.2073174	
2022-08-21-20:19:48-208 0.8598633 -0.5463867 0.03125 0.9756098 -3.1097562 -2.5609756	
2022-08-21-20:19:48-210 0.8598633 -0.5336914 0.021484375 3.1707318 -0.24390244 -1.4634147	
2022-08-21-20:19:48-214 0.8691406 -0.5234375 0.040527344 4.1463413 2.7439024 -0.85365856	
2022-08-21-20:19:48-215 0.8676758 -0.52783203 0.052734375 3.4756098 8.04878 0.24390244	
2022-08-21-20:19:48-216 0.828125 -0.5292969 0.05419922 2.7439024 10.060976 0.4878049	
2022-08-21-20:19:48-218 0.7910156 -0.53466797 0.048339844 2.317073 8.231708 -0.06097561	
2022-08-21-20:19:48-220 0.8144531 -0.5385742 0.064453125 0.06097561 1.9512196 1.097561	
2022-08-21-20:19:48-221 0.82373047 -0.5444336 0.061523438 -2.6219513 -2.987805 1.2804878	
2022-08-21-20:19:48-223 0.82666016 -0.5541992 0.053222656 -2.682927 -0.91463417 -0.30487806	
2022-08-21-20:19:48-225 0.8515625 -0.55810547 0.037109375 -2.012195 4.268293 -0.30487806	
2022-08-21-20:19:48-228 0.8496094 -0.5463867 0.041015625 -1.1585366 4.02439 0.5487805	
2022-08-21-20:19:48-230 0.8569336 -0.5371094 0.04638672 -0.73170733 0.06097561 1.3414634	
2022-08-21-20:19:48-234 0.8408203 -0.5517578 0.052246094 1.0365853 3.1707318 1.4634147	
2022-08-21-20:19:48-236 0.8125 -0.55126953 0.057128906 2.195122 6.646342 1.6463414	
2022-08-21-20:19:48-514 0.79589844 -0.54589844 0.05859375 1.2195122 6.585366 1.8902439	
2022-08-21-20:19:48-519 0.7475586 -0.5727539 0.07763672 1.097561 2.682927 1.8292683	
2022-08-21-20:19:48-523 0.7260742 -0.61865234 0.083984375 0.18292683 0.79268295 2.682927	
2022-08-21-20:19:48-527 0.66064453 -0.62646484 0.08154297 -0.4878049 6.097561 3.7804878	
2022-08-21-20:19:48-531 0.65722656 -0.6123047 0.099121094 -2.012195 7.1951222 6.097561	
2022-08-21-20:19:48-535 0.6088867 -0.60009766 0.11328125 -4.1463413 5.121951 8.414635	
2022-08-21-20:19:48-539 0.58740234 -0.63623047 0.09375 -4.6951222 8.658537 9.817074	
2022-08-21-20:19:48-547 0.55126953 -0.6088867 0.10888672 -3.4146342 18.780489 8.780488	
2022-08-21-20:19:48-551 0.47070312 -0.5605469 0.0859375 -0.73170733 27.682928 8.04878	
2022-08-21-20:19:48-557 0.48486328 -0.46777344 0.10888672 1.8292683 20.731709 7.0731707	
2022-08-21-20:19:48-561 0.4921875 -0.42382812 0.13574219 0.9756098 12.743903 3.7804878	
2022-08-21-20:19:48-567 0.44921875 -0.40185547 0.08886719 -0.4878049 17.92683 1.7073171	
2022-08-21-20:19:48-584 0.40039062 -0.35058594 0.103027344 1.0365853 19.024391 1.2195122	
2022-08-21-20:19:48-588 0.57373047 -0.22705078 0.115722656 0.5487805 6.8292685 10.609756	
2022-08-21-20:19:48-592 0.69628906 -0.14208984 0.17236328 6.402439 -24.512196 25.060976	
2022-08-21-20:19:48-596 0.9423828 -0.47509766 0.18310547 6.585366 -63.109756 40.121952	
2022-08-21-20:19:48-827 0.98535156 -1.1103516 0.40234375 10.792684 -70.060974 38.35366	
2022-08-21-20:19:48-832 0.9111328 -1.8886719 0.6328125 22.682928 -76.46342 38.048782	
2022-08-21-20:19:48-840 0.84814453 -2.8999023 0.6694336 40.670734 -79.57317 35.670734	
2022-08-21-20:19:48-849 0.58740234 -3.668457 1.0375977 59.45122 -3.7195122 28.658537	
2022-08-21-20:19:48-853 0.083496094 -3.8847656 1.246582 61.28049 39.45122 35.609756	
2022-08-21-20:19:48-858 -0.7285156 -3.5483398 1.2797852 54.085365 -14.695123 66.89024	
2022-08-21-20:19:48-862 -0.56396484 -2.9248047 0.72753906 35.73171 -134.81708 86.46342	
2022-08-21-20:19:48-866 -0.12548828 -2.527832 -0.026367188 8.963415 -21.219513 59.45122	
2022-08-21-20:19:48-870 -0.703125 -2.100586 -0.020996094 0.85365856 96.52439 -12.073171	
2022-08-21-20:19:48-876 -0.3984375 -2.0473633 -0.42773438 20.54878 112.80488 -73.65854	
2022-08-21-20:19:48-881 -0.53125 -1.5581055 -0.66015625 52.865856 36.40244 -144.20732	
2022-08-21-20:19:48-885 -0.62646484 -1.2373047 -0.55126953 66.585365 5.7317076 -193.41464	
2022-08-21-20:19:48-888 -0.14355469 -0.063964844 0.025390625 75.79269 -79.45122 -283.59756	
2022-08-21-20:19:48-890 0.70458984 2.8144531 -0.3647461 30.0 -292.92685 -428.35367	
2022-08-21-20:19:48-895 7.7890625 9.476074 -4.817383 -204.2683 -399.14636 -336.89026	
2022-08-21-20:19:48-899 0.9165039 -0.43945312 2.8266602 -502.62195 133.65854 -140.79268	
2022-08-21-20:19:49-145 0.49658203 0.79541016 -4.6918945 -119.268295 525.4878 243.78049	
2022-08-21-20:19:49-150 0.9526367 -4.699707 -1.578125 -56.707317 96.52439 99.5122	
2022-08-21-20:19:49-153 0.01171875 1.5732422 0.6845703 335.30487 99.268295 102.5	
2022-08-21-20:19:49-157 -4.411133 -1.3691406 1.5 -55.243904 -88.71951 -42.073174	
2022-08-21-20:19:49-162 4.804199 -0.828125 1.2133789 -102.439026 -52.743904 -72.86585	
2022-08-21-20:19:49-166 -0.69384766 -1.7319336 0.25585938 -49.817074 226.82927 -53.170734	
2022-08-21-20:19:49-170 1.1259766 0.67041016 1.4287109 28.780489 43.292683 -99.7561	
2022-08-21-20:19:49-176 2.1044922 -0.53466797 0.42919922 -103.47561 -135.54878 24.634148	
2022-08-21-20:19:49-182 0.82714844 -0.6376953 0.7685547 -99.085365 -47.865856 34.45122	
2022-08-21-20:19:49-187 0.36376953 0.7211914 0.8461914 -15.6707325 37.19512 22.317074	
2022-08-21-20:19:49-190 0.21142578 0.7475586 0.48291016 -1.9512196 107.80488 49.45122	
2022-08-21-20:19:49-201 -0.2836914 0.55371094 0.5419922 -24.817074 129.93903 55.85366	
2022-08-21-20:19:49-206 -0.12939453 -0.7470703 1.2802734 -58.414635 -29.45122 34.69512	
2022-08-21-20:19:49-209 0.1430664 -0.16992188 0.2133789 -24.268293 -67.68293 50.609756	
2022-08-21-20:19:49-214 -0.20361328 -0.421875 0.057617188 5.487805 12.804878 4.512195	
2022-08-21-20:19:49-218 0.3383789 -0.31982422 0.55126953 41.40244 124.20732 -16.463415	
2022-08-21-20:19:49-457 0.38964844 -0.73779297 0.45996094 26.158537 -8.536586 -9.817074	
2022-08-21-20:19:49-463 0.78808594 -0.91015625 0.39746094 7.682927 -80.67073 -23.536587	
2022-08-21-20:19:49-468 0.94140625 -0.99658203 0.09277344 38.963417 80.426834 -31.707317	
2022-08-21-20:19:49-473 0.9951172 -0.7939453 0.24658203 80.060974 179.2683 -39.085365	
2022-08-21-20:19:49-477 1.019043 -0.8417969 0.18896484 61.463417 147.37805 -47.073174	
2022-08-21-20:19:49-483 0.6879883 -0.36914062 -0.16455078 56.036587 28.353659 -29.573172	
2022-08-21-20:19:49-487 0.73779297 -0.30517578 -0.08251953 75.426834 -85.60976 14.207317	
2022-08-21-20:19:49-491 0.9633789 -0.31347656 0.2866211 100.121956 22.317074 29.32927	
2022-08-21-20:19:49-495 0.53271484 -0.1328125 0.15283203 84.5122 222.86586 9.02439	
2022-08-21-20:19:49-500 0.6074219 -0.1015625 0.25146484 48.35366 226.58537 -14.512196	
2022-08-21-20:19:49-505 0.65771484 -0.011230469 0.15576172 54.87805 -11.158537 -18.841463	
2022-08-21-20:19:49-509 1.0976562 -0.5263672 0.8300781 9.512196 -186.82927 -34.146343	
2022-08-21-20:19:49-515 1.9526367 -0.10498047 0.71533203 11.8902445 -8.353659 -39.878048	
2022-08-21-20:19:49-520 1.6391602 -0.52685547 0.43310547 -16.036585 162.07318 -40.548782	
2022-08-21-20:19:49-525 1.0913086 -0.040039062 -0.07861328 43.170734 194.81708 -54.817074	
2022-08-21-20:19:49-528 0.50927734 0.040527344 0.49267578 55.975613 142.92683 -86.70732	
2022-08-21-20:19:49-817 0.7290039 0.0048828125 0.5917969 61.890244 108.47561 -106.951225	
2022-08-21-20:19:49-821 0.5756836 0.5258789 0.18603516 87.926834 153.96342 -137.92683	
2022-08-21-20:19:49-825 0.47314453 1.0180664 0.080078125 130.48781 96.28049 -146.34146	
2022-08-21-20:19:49-828 0.49609375 1.5727539 0.14794922 161.64635 -16.95122 -135.42683	
2022-08-21-20:19:49-833 0.50097656 1.6953125 0.12060547 158.17073 -98.29269 -117.926834	
2022-08-21-20:19:49-839 0.66064453 1.371582 -0.03173828 129.2683 -115.06098 -124.63415	
2022-08-21-20:19:49-843 0.94921875 1.046875 0.82421875 111.34147 -127.80488 -96.40244	
2022-08-21-20:19:49-848 0.6220703 0.6479492 1.0488281 93.84147 -149.81708 -73.71951	
2022-08-21-20:19:49-851 0.86572266 1.0009766 0.80615234 34.939026 -76.46342 -24.268293	
2022-08-21-20:19:49-855 0.7866211 0.94433594 1.0292969 -14.573171 -41.646343 -17.317074	
2022-08-21-20:19:49-857 1.1704102 1.0668945 1.3930664 -7.256098 -30.0 -28.414635	
2022-08-21-20:19:49-861 -0.12939453 0.49316406 0.63378906 12.987805 -22.439024 -22.012196	
2022-08-21-20:19:49-865 1.112793 0.69873047 0.71972656 21.768293 8.292683 18.414635	
2022-08-21-20:19:49-871 0.75390625 0.56640625 0.95654297 13.353659 275.12195 -32.987804	
2022-08-21-20:19:49-877 1.3173828 0.94677734 0.6875 10.365854 539.0854 -79.02439	
2022-08-21-20:19:49-881 1.1279297 0.89746094 1.1210938 17.134148 495.0 -191.89024	
2022-08-21-20:19:50-009 0 0 0 0 0 1000	
2022-08-21-20:20:01-108 0 0 0 0 0 1000	
2022-08-21-20:20:01-246 0.61816406 -0.7104492 0.119140625 2.378049 8.597561 0.42682928	
2022-08-21-20:20:01-249 0.57373047 -0.7368164 0.10449219 -0.42682928 7.378049 0.6097561	
2022-08-21-20:20:01-251 0.5961914 -0.7578125 0.11816406 -2.2560976 1.5853659 0.18292683	
2022-08-21-20:20:01-254 0.61328125 -0.7626953 0.12109375 -2.682927 -0.36585367 -0.5487805	
2022-08-21-20:20:01-256 0.5810547 -0.7314453 0.125 -1.4634147 7.682927 -0.30487806	
2022-08-21-20:20:01-257 0.59472656 -0.70166016 0.12011719 -0.24390244 13.292684 -0.06097561	
2022-08-21-20:20:01-262 0.5878906 -0.66796875 0.16015625 -2.378049 14.02439 3.1707318	
2022-08-21-20:20:01-266 0.50146484 -0.6225586 0.10058594 -3.4146342 8.597561 5.609756	
2022-08-21-20:20:01-268 0.5058594 -0.5161133 0.11767578 -2.5 5.7317076 8.902439	
2022-08-21-20:20:01-272 0.5385742 -0.36669922 0.11621094 -4.02439 9.02439 14.573171	
2022-08-21-20:20:01-275 0.55078125 -0.3095703 0.100097656 -8.963415 1.8292683 27.012196	
2022-08-21-20:20:01-278 0.49951172 -0.34033203 0.118652344 -11.646341 -28.780489 45.30488	
2022-08-21-20:20:01-281 0.58203125 -0.4892578 0.12451172 -9.02439 -94.085365 61.707317	
2022-08-21-20:20:01-284 0.84521484 -0.8354492 0.32910156 -1.8292683 -114.14635 53.90244	
2022-08-21-20:20:01-285 0.70996094 -1.3461914 0.49560547 9.268292 -115.36586 54.573174	
2022-08-21-20:20:01-287 0.76904297 -2.25 0.60791016 26.768293 -70.18293 53.59756	
2022-08-21-20:20:01-562 0.6098633 -2.9077148 0.7680664 45.243904 12.5 42.80488	
2022-08-21-20:20:01-567 0.083496094 -3.7143555 0.9013672 41.219513 76.70732 27.256098	
2022-08-21-20:20:01-576 -0.68408203 -4.053711 0.7758789 41.40244 65.30488 25.487806	
2022-08-21-20:20:01-583 -0.8100586 -3.7246094 0.5234375 30.914635 13.170732 20.54878	
2022-08-21-20:20:01-587 -0.39501953 -3.1152344 -0.078125 8.658537 -36.40244 -7.5609756	
2022-08-21-20:20:01-591 -0.33691406 -2.5214844 -0.48339844 6.280488 -10.060976 -47.317074	
2022-08-21-20:20:01-596 -0.115722656 -1.9794922 -0.7832031 31.524391 29.695122 -99.02439	
2022-08-21-20:20:01-600 -0.067871094 -1.2583008 -0.6254883 68.78049 62.865856 -159.87805	
2022-08-21-20:20:01-603 -0.28173828 0.1743164 0.16015625 89.939026 -115.914635 -211.70732	
2022-08-21-20:20:01-607 0.7866211 2.3930664 0.28515625 39.817074 -278.90244 -414.0854	
2022-08-21-20:20:01-611 6.3935547 9.256836 -4.5878906 -86.46342 -291.2805 -338.7805	
2022-08-21-20:20:01-616 2.291504 -0.079589844 0.8515625 -548.4147 305.5488 -203.2317	
2022-08-21-20:20:01-622 -2.1982422 1.1499023 -2.8881836 -135.24391 580.4268 176.28049	
2022-08-21-20:20:01-625 1.8574219 -5.253418 -2.5854492 -106.34147 -370.5488 131.95122	
2022-08-21-20:20:01-629 -0.05126953 1.7900391 2.4467773 368.5366 -17.073172 100.60976	
2022-08-21-20:20:01-633 -4.2998047 -1.4638672 -0.17236328 -39.878048 77.07317 -57.37805	
2022-08-21-20:20:01-877 3.765625 -0.25097656 1.4296875 -89.939026 125.97562 -41.890244	
2022-08-21-20:20:01-886 -0.84521484 -1.765625 0.3491211 -35.670734 221.40245 -67.13415	
2022-08-21-20:20:01-890 -0.17285156 0.6176758 0.24316406 23.170732 -164.14635 -73.29269	
2022-08-21-20:20:01-895 1.9628906 -0.4609375 0.5991211 -97.07317 -241.64635 10.304878	
2022-08-21-20:20:01-902 0.9091797 -0.24902344 0.88720703 -14.756098 83.23171 10.670732	
2022-08-21-20:20:01-907 -0.20703125 0.3774414 0.5073242 50.670734 187.5 8.292683	
2022-08-21-20:20:01-911 0.107910156 0.56933594 1.2070312 23.841463 109.81708 22.92683	
2022-08-21-20:20:01-917 0.5546875 -0.14111328 1.3056641 -15.6707325 86.70732 18.90244	
2022-08-21-20:20:01-922 -0.038085938 -1.1298828 0.5834961 -45.0 60.0 -3.5365853	
2022-08-21-20:20:01-925 0.16992188 0.18261719 0.43017578 31.524391 -0.6707317 7.6219516	
2022-08-21-20:20:01-928 0.69433594 -0.24804688 0.58496094 30.487806 13.719513 7.012195	
2022-08-21-20:20:01-933 0.7739258 -0.34375 0.46728516 36.585365 21.768293 -19.634148	
2022-08-21-20:20:01-938 1.0673828 -0.6352539 0.63427734 63.292683 -23.963415 -4.268293	
2022-08-21-20:20:01-941 1.4775391 -0.8256836 0.51904297 53.048782 59.02439 4.634146	
2022-08-21-20:20:01-945 1.1181641 -0.78808594 0.6826172 60.975613 152.98781 -22.987806	
2022-08-21-20:20:01-949 1.4082031 -0.9609375 0.63183594 62.92683 116.46342 -28.353659	
2022-08-21-20:20:02-282 1.2382812 -0.7709961 0.52685547 64.57317 16.158537 7.1341467	
2022-08-21-20:20:02-286 1.1367188 -0.8930664 0.43896484 10.304878 -19.085367 30.914635	
2022-08-21-20:20:02-289 0.9716797 -0.96191406 0.23291016 -21.95122 27.134148 19.756098	
2022-08-21-20:20:02-293 1.0341797 -0.5966797 -0.60498047 -2.7439024 27.073172 5.4268293	
2022-08-21-20:20:02-300 1.0253906 -0.19921875 -0.4584961 27.560976 -17.804878 13.231708	
2022-08-21-20:20:02-305 1.1435547 -0.028320312 -0.44628906 5.365854 -0.79268295 43.475613	
2022-08-21-20:20:02-309 1.1108398 -0.31201172 -0.08251953 -23.841463 45.73171 28.90244	
2022-08-21-20:20:02-313 0.8276367 -0.6425781 -0.0073242188 -9.207317 2.378049 32.439026	
2022-08-21-20:20:02-317 0.65771484 -0.31640625 0.24414062 14.146341 -40.060978 19.756098	
2022-08-21-20:20:02-321 0.7788086 -0.45410156 0.5698242 -6.890244 -32.19512 -5.304878	
2022-08-21-20:20:02-324 0.6723633 -0.5551758 0.6123047 -10.914635 20.365854 -29.024391	
2022-08-21-20:20:02-328 0.6269531 -1.1040039 0.7558594 -21.95122 100.06098 -79.20732	
2022-08-21-20:20:02-332 0.37451172 -0.75 0.38378906 11.585366 161.34146 -106.585365	
2022-08-21-20:20:02-343 -0.04248047 -0.21582031 0.111816406 24.939026 137.56097 -119.81708	
2022-08-21-20:20:02-348 -0.20898438 0.23535156 -0.05517578 53.292683 78.10976 -134.57318	
2022-08-21-20:20:02-352 0.091308594 0.7788086 -0.044921875 91.89024 -4.5731707 -130.24391	
2022-08-21-20:20:02-509 0.14746094 1.1411133 -0.26953125 119.02439 -60.060978 -104.085365	
2022-08-21-20:20:02-515 -0.0703125 1.3530273 -0.28222656 118.47561 -81.70732 -90.914635	
2022-08-21-20:20:02-522 0.09863281 1.4228516 -0.17675781 107.926834 -113.04878 -48.963417	
2022-08-21-20:20:02-526 0.45507812 1.6030273 -0.07519531 96.52439 -137.01219 -13.963415	
2022-08-21-20:20:02-530 0.7001953 1.8447266 0.048339844 88.90244 -146.89024 -4.634146	
2022-08-21-20:20:02-533 1.1313477 1.5019531 1.0732422 88.47561 -94.268295 14.878049	
2022-08-21-20:20:02-538 1.5019531 0.9169922 1.5898438 158.10976 -59.573174 27.560976	
2022-08-21-20:20:02-542 1.9248047 0.9345703 1.8999023 153.65854 3.292683 57.68293	
2022-08-21-20:20:02-546 1.6723633 0.50634766 1.5546875 96.82927 211.64635 24.817074	
2022-08-21-20:20:02-550 1.878418 0.46875 1.7490234 52.2561 222.19513 -19.939024	
2022-08-21-20:20:02-553 1.5976562 0.2866211 1.0239258 57.621952 229.32927 -144.69513	
2022-08-21-20:20:02-557 1.4414062 0.3203125 0.44628906 84.451225 123.78049 -192.19513	
2022-08-21-20:20:02-561 1.6743164 0.59765625 0.16064453 90.060974 74.756096 -240.18294	
2022-08-21-20:20:02-565 2.0327148 0.38330078 0.65527344 113.35366 -43.475613 -207.0122	
2022-08-21-20:20:02-570 1.8139648 0.079589844 0.6484375 85.67073 55.243904 -185.85367	
2022-08-21-20:20:02-577 1.0800781 -0.14794922 0.53125 32.987804 244.93903 -148.29268	
2022-08-21-20:20:02-875 0.8413086 -0.49414062 -0.18164062 36.463417 62.073174 -107.0122	
2022-08-21-20:20:02-878 0.6503906 -0.5209961 0.35546875 88.597565 -197.43903 -98.597565	
2022-08-21-20:20:02-882 0.79345703 -0.26513672 0.90185547 78.17073 -84.14635 -78.23171	
2022-08-21-20:20:02-884 1.0620117 0.0043945312 1.0571289 34.878048 116.70732 -46.82927	
2022-08-21-20:20:02-886 0.5102539 -0.08544922 0.8261719 -6.158537 110.0 -66.21951	
2022-08-21-20:20:02-888 0.3466797 -0.2709961 0.91503906 -25.060976 -26.82927 -55.670734	
2022-08-21-20:20:02-890 0.5058594 -0.46142578 0.98095703 -25.42683 -82.68293 -5.609756	
2022-08-21-20:20:02-895 1.0927734 -0.7988281 1.1235352 -28.658537 -7.865854 31.646341	
2022-08-21-20:20:02-897 1.1757812 -0.9121094 1.0693359 -26.036587 171.21951 47.987804	
2022-08-21-20:20:02-899 0.5678711 -0.7705078 0.8930664 -19.817074 193.84146 80.60976	
2022-08-21-20:20:02-901 1.2304688 -1.140625 0.72558594 -32.80488 36.463417 84.63415	
2022-08-21-20:20:02-904 2.1396484 -0.58447266 0.6850586 68.29269 10.487805 29.024391	
2022-08-21-20:20:02-906 2.3144531 0.2421875 0.50341797 196.34146 160.7317 -7.804878	
2022-08-21-20:20:02-909 1.690918 2.3242188 0.54345703 238.78049 197.74391 73.17073	
2022-08-21-20:20:02-911 1.3364258 2.3076172 0.80078125 11.585366 221.09756 71.03659	
2022-08-21-20:20:02-915 1.859375 1.4853516 0.68359375 10.243902 318.47562 40.97561	
2022-08-21-20:20:02-967 0 0 0 0 0 1000	
2022-08-21-20:20:12-641 0 0 0 0 0 1000	
2022-08-21-20:20:12-721 0.8071289 -0.54003906 0.115234375 -2.0731707 5.365854 -3.292683	
2022-08-21-20:20:12-724 0.8276367 -0.51464844 0.11230469 -1.2804878 3.9634147 -1.7682927	
2022-08-21-20:20:12-726 0.8618164 -0.49365234 0.109375 -0.79268295 -1.5853659 -1.6463414	
2022-08-21-20:20:12-728 0.8413086 -0.52441406 0.12695312 -2.2560976 -0.4878049 -1.4634147	
2022-08-21-20:20:12-731 0.8364258 -0.54589844 0.09472656 -2.195122 4.2073174 -0.36585367	
2022-08-21-20:20:12-734 0.82421875 -0.52246094 0.100097656 -1.5243902 6.768293 0.24390244	
2022-08-21-20:20:12-736 0.81591797 -0.5180664 0.09472656 -1.2804878 3.1097562 -1.4634147	
2022-08-21-20:20:12-739 0.7866211 -0.5571289 0.104003906 -0.4878049 3.3536587 -2.1341465	
2022-08-21-20:20:12-741 0.7602539 -0.5932617 0.09814453 0.0 2.4390244 0.4878049	
2022-08-21-20:20:12-743 0.7392578 -0.6044922 0.09814453 -0.91463417 1.9512196 2.9268293	
2022-08-21-20:20:12-747 0.7133789 -0.63671875 0.118652344 -3.9634147 2.317073 3.8414636	
2022-08-21-20:20:12-749 0.6738281 -0.6669922 0.092285156 -4.634146 2.5609756 5.182927	
2022-08-21-20:20:12-751 0.6772461 -0.6689453 0.087890625 -3.8414636 4.085366 8.109756	
2022-08-21-20:20:12-753 0.69189453 -0.6196289 0.106933594 -2.682927 4.5731707 12.560976	
2022-08-21-20:20:12-754 0.69140625 -0.63183594 0.12011719 -4.085366 9.695122 13.841464	
2022-08-21-20:20:12-756 0.62060547 -0.66503906 0.12158203 -4.512195 16.219513 15.060976	
2022-08-21-20:20:13-038 0.5576172 -0.65966797 0.08300781 -4.390244 16.09756 16.707317	
2022-08-21-20:20:13-043 0.5336914 -0.6040039 0.1303711 -3.292683 10.792684 18.353659	
2022-08-21-20:20:13-048 0.5805664 -0.49560547 0.14746094 -2.9268293 8.902439 18.963415	
2022-08-21-20:20:13-052 0.5888672 -0.42529297 0.16748047 -2.7439024 10.853659 19.573172	
2022-08-21-20:20:13-056 0.5102539 -0.4428711 0.14160156 -8.719512 11.280488 23.170732	
2022-08-21-20:20:13-060 0.54541016 -0.5292969 0.23095703 -12.621951 -0.9756098 32.621952	
2022-08-21-20:20:13-063 0.6035156 -0.5810547 0.234375 -15.304878 -37.560978 48.109756	
2022-08-21-20:20:13-067 0.65722656 -1.0 0.20166016 -14.634147 -83.597565 53.59756	
2022-08-21-20:20:13-072 0.70996094 -1.9316406 0.40283203 1.0365853 -110.36586 52.012196	
2022-08-21-20:20:13-075 0.6821289 -2.4555664 0.45166016 32.682926 -88.23171 69.02439	
2022-08-21-20:20:13-079 0.62890625 -2.9609375 0.57714844 53.109756 12.926829 65.426834	
2022-08-21-20:20:13-084 -0.024902344 -3.5761719 0.7998047 66.768295 75.36585 41.646343	
2022-08-21-20:20:13-087 -0.41455078 -3.7841797 0.8125 56.646343 14.3902445 13.04878	
2022-08-21-20:20:13-090 -0.21484375 -3.487793 0.75439453 19.146341 20.853659 -30.914635	
2022-08-21-20:20:13-095 -0.2548828 -3.1064453 0.30615234 -16.890244 114.7561 -82.19512	
2022-08-21-20:20:13-099 -0.26123047 -2.5620117 -0.15966797 -3.4146342 206.64635 -143.10976	
2022-08-21-20:20:13-404 -0.28222656 -1.5712891 -0.4482422 36.82927 150.60976 -215.7927	
2022-08-21-20:20:13-407 -0.2084961 -0.038085938 -0.057617188 73.90244 2.2560976 -288.7805	
2022-08-21-20:20:13-410 -0.49316406 2.5996094 -0.22851562 115.06098 -194.5122 -435.5488	
2022-08-21-20:20:13-415 5.084961 11.766602 -4.2890625 43.109756 -640.1829 -358.90244	
2022-08-21-20:20:13-417 2.5405273 0.08251953 -0.7495117 -596.5244 -245.97562 -176.15854	
2022-08-21-20:20:13-421 -0.64990234 -1.847168 -5.6518555 -80.85366 117.0122 254.93903	
2022-08-21-20:20:13-424 3.9243164 -0.5546875 0.1640625 315.12195 103.78049 317.62195	
2022-08-21-20:20:13-430 -1.8393555 1.9550781 0.20410156 259.5122 383.17075 170.24391	
2022-08-21-20:20:13-435 -3.9833984 -0.15185547 1.0205078 89.085365 18.90244 82.86585	
2022-08-21-20:20:13-440 1.2265625 -0.8149414 0.25048828 -39.02439 -204.5122 31.768293	
2022-08-21-20:20:13-444 -1.7553711 -2.5019531 0.93115234 -19.268293 -28.658537 -48.780487	
2022-08-21-20:20:13-450 0.28759766 -0.5673828 1.2138672 81.52439 -23.353659 -72.80488	
2022-08-21-20:20:13-453 1.4038086 -0.5605469 0.49609375 19.085367 65.121956 -42.2561	
2022-08-21-20:20:13-457 0.7832031 -0.8701172 1.2177734 -43.109756 114.20732 -48.90244	
2022-08-21-20:20:13-461 0.7290039 -0.5234375 0.6303711 -35.85366 6.890244 -47.743904	
2022-08-21-20:20:13-466 0.9169922 -0.4638672 0.5151367 -27.987806 -50.73171 -13.109756	
2022-08-21-20:20:13-667 1.1464844 -0.041503906 0.9316406 -6.3414636 25.121952 -1.8292683	
2022-08-21-20:20:13-670 0.94921875 0.6665039 1.0273438 16.463415 106.52439 0.85365856	
2022-08-21-20:20:13-675 0.7050781 0.4086914 0.95214844 1.3414634 121.585365 4.5731707	
2022-08-21-20:20:13-680 0.7651367 -0.40771484 1.0087891 12.134147 48.719513 7.9268293	
2022-08-21-20:20:13-684 0.90185547 -0.6220703 0.50683594 -13.902439 -80.18293 47.439026	
2022-08-21-20:20:13-688 0.77685547 0.18359375 0.5336914 14.329268 -117.86586 54.390244	
2022-08-21-20:20:13-690 1.5966797 -0.35253906 1.0112305 36.707317 87.07317 7.5609756	
2022-08-21-20:20:13-694 1.2231445 -0.61035156 0.5131836 25.914635 270.0 -32.317074	
2022-08-21-20:20:13-698 0.6118164 -0.52734375 -0.045898438 32.134148 120.18293 -3.5365853	
2022-08-21-20:20:13-704 1.2602539 -0.7158203 0.4033203 -0.9756098 -97.37805 8.109756	
2022-08-21-20:20:13-708 1.4555664 -1.2177734 0.4897461 -3.5365853 0.79268295 -22.5	
2022-08-21-20:20:13-712 0.98291016 -1.2099609 0.12207031 12.804878 195.42683 -60.73171	
2022-08-21-20:20:13-718 0.9897461 -0.7104492 -0.019042969 31.09756 164.2683 -55.060978	
2022-08-21-20:20:13-723 1.1230469 -0.64941406 -0.18310547 9.878049 -30.0 -5.609756	
2022-08-21-20:20:13-728 1.0634766 -0.74609375 -0.15478516 16.524391 -91.34147 36.768295	
2022-08-21-20:20:13-733 0.859375 -0.65771484 -0.26367188 27.560976 48.90244 33.23171	
2022-08-21-20:20:13-987 0.6928711 -0.69140625 -0.19482422 40.548782 67.621956 47.439026	
2022-08-21-20:20:13-993 0.6645508 -0.41259766 0.04296875 68.71951 -19.32927 67.98781	
2022-08-21-20:20:14-000 0.9013672 -0.3251953 -0.080078125 40.365856 -60.670734 46.82927	
2022-08-21-20:20:14-004 1.0258789 -0.62841797 0.4086914 0.06097561 -51.219513 39.02439	
2022-08-21-20:20:14-009 0.85253906 -0.43359375 0.18408203 -4.268293 -80.79269 43.841465	
2022-08-21-20:20:14-014 0.95214844 -0.6044922 0.46923828 5.670732 -152.07318 43.841465	
2022-08-21-20:20:14-019 0.9667969 -0.5258789 0.44628906 9.146341 -22.682928 13.04878	
2022-08-21-20:20:14-023 0.9589844 -0.9067383 0.6020508 5.914634 102.86585 -42.92683	
2022-08-21-20:20:14-028 1.0283203 -0.9995117 0.5859375 -8.658537 82.31708 -61.219513	
2022-08-21-20:20:14-033 1.0151367 -0.64160156 0.65283203 -19.146341 8.597561 -71.34147	
2022-08-21-20:20:14-038 0.8413086 -0.24804688 0.61816406 -29.207317 -46.280487 -83.10976	
2022-08-21-20:20:14-042 0.6933594 0.0048828125 0.37060547 -45.609756 -38.109756 -85.060974	
2022-08-21-20:20:14-047 0.14697266 0.29052734 0.05517578 -38.59756 -0.4878049 -92.560974	
2022-08-21-20:20:14-052 0.029785156 0.54296875 0.103027344 -0.9756098 12.012196 -91.28049	
2022-08-21-20:20:14-056 -0.028808594 0.44384766 -0.053222656 25.182928 23.536587 -71.34147	
2022-08-21-20:20:14-059 -0.24902344 0.39160156 -0.11376953 56.707317 45.609756 -38.841465	
2022-08-21-20:20:14-299 -0.12207031 1.0942383 0.03857422 106.89024 42.80488 -9.512196	
2022-08-21-20:20:14-309 0.18554688 1.715332 0.1875 118.29269 45.487804 1.1585366	
2022-08-21-20:20:14-317 0.39794922 1.230957 0.49023438 106.64635 57.19512 -0.30487806	
2022-08-21-20:20:14-323 0.21972656 0.89453125 0.71484375 89.63415 28.170732 20.609756	
2022-08-21-20:20:14-328 0.7158203 0.49267578 0.796875 98.29269 -25.121952 26.768293	
2022-08-21-20:20:14-333 1.2104492 0.6064453 1.203125 93.35366 24.695122 9.02439	
2022-08-21-20:20:14-338 1.6699219 0.2319336 1.1660156 70.060974 215.12196 -6.097561	
2022-08-21-20:20:14-343 1.3510742 0.41015625 0.56396484 43.048782 252.68294 -35.060978	
2022-08-21-20:20:14-349 0.80078125 0.2705078 1.184082 25.853659 135.67073 -128.90244	
2022-08-21-20:20:14-352 1.309082 0.69628906 1.0493164 32.743904 116.46342 -182.56097	
2022-08-21-20:20:14-356 1.0512695 0.60595703 -0.04345703 32.682926 137.74391 -224.45122	
2022-08-21-20:20:14-360 1.7568359 0.69140625 0.86279297 25.182928 -117.68293 -241.95122	
2022-08-21-20:20:14-365 1.5610352 -0.19628906 -0.41552734 40.97561 -146.64635 -170.36586	
2022-08-21-20:20:14-369 1.9140625 -0.037597656 -0.17382812 62.621952 47.865856 -147.43903	
2022-08-21-20:20:14-373 1.0444336 -0.33935547 0.043945312 22.5 328.7195 -143.59756	
2022-08-21-20:20:14-377 0.86083984 -0.35888672 0.4711914 51.646343 250.48781 -98.29269	
2022-08-21-20:20:14-612 0.70410156 -0.4560547 0.54003906 66.21951 33.780487 -91.768295	
2022-08-21-20:20:14-616 0.5859375 -0.3642578 0.8544922 56.95122 1.097561 -88.29269	
2022-08-21-20:20:14-620 0.96728516 -0.40185547 1.0581055 57.37805 80.060974 -65.243904	
2022-08-21-20:20:14-623 0.5673828 -0.95996094 1.2280273 62.865856 64.57317 -25.731709	
2022-08-21-20:20:14-627 0.5654297 -1.5131836 1.2744141 61.219513 -5.487805 27.682928	
2022-08-21-20:20:14-631 1.2944336 -0.9838867 1.4677734 62.80488 16.585365 48.90244	
2022-08-21-20:20:14-636 1.1342773 -0.56152344 1.684082 49.69512 190.91464 79.39024	
2022-08-21-20:20:14-641 1.4335938 -0.41992188 1.9912109 30.487806 252.37805 46.890244	
2022-08-21-20:20:14-647 1.2143555 0.35888672 1.7133789 56.707317 115.18293 -31.524391	
2022-08-21-20:20:14-651 1.7441406 0.5097656 1.7045898 60.487804 -45.42683 -10.487805	
2022-08-21-20:20:14-655 2.0043945 2.4677734 1.0893555 108.65854 3.8414636 5.7317076	
2022-08-21-20:20:14-659 1.4941406 1.4238281 0.8901367 -22.317074 148.17073 29.207317	
2022-08-21-20:20:14-665 0.66796875 0.93310547 0.67822266 -16.40244 181.95122 52.012196	
2022-08-21-20:20:14-672 0.6923828 1.074707 0.58935547 27.743902 95.914635 63.719513	
2022-08-21-20:20:14-677 0.3383789 0.69189453 0.37646484 47.865856 58.90244 77.13415	
2022-08-21-20:20:14-682 -0.13476562 0.46728516 0.26611328 84.5122 6.8292685 74.5122	
2022-08-21-20:20:14-885 0 0 0 0 0 1000	
